# k  (h/Mpc)    P(k)  (Mpc/h)^3    P_linear(k)  (Mpc/h)^3     P_NL(k)  ShotnoiseSubtracted = false
      0.0156606         1636.01         1637.86         1630.07 
      0.0273761         1421.82         1415.78         1412.45 
      0.0384619         1079.69         1066.54          1065.9 
      0.0498308         847.547         838.869         838.889 
      0.0625568         715.045          712.92          712.21 
      0.0751274         615.938         605.697         604.132 
      0.0867833         490.397          487.65         487.495 
      0.0984825         395.488         385.911         387.007 
       0.111151         330.794         322.228         323.262 
       0.123864         297.066         290.392         291.063 
       0.135742         266.663         261.134         261.752 
        0.14762         226.526         223.283         224.883 
       0.160083         188.265         186.119         187.996 
       0.172465         165.377         162.446         164.672 
       0.184281         153.225         149.756         152.095 
       0.196406         139.907         138.299         140.056 
       0.209011          125.62         123.051          125.08 
       0.221538         111.103         107.535         110.401 
       0.233611         99.7725         96.2157         99.3931 
       0.245665         93.4568         88.8033         91.6163 
       0.258103         84.3335         82.6684          85.462 
       0.270422         79.0521         75.9626         78.6546 
       0.282519         71.6968         68.9402         71.8465 
       0.294636         67.5162         62.8122         65.8762 
       0.306978         60.0878         58.1119         61.2687 
       0.319417         57.1525         54.3312         57.3905 
        0.33169         53.1134         50.7124         53.6649 
       0.343948         50.1391          46.988         49.9549 
       0.356249         45.8941         43.4951         46.8154 
       0.368458         43.5574         40.5695         43.5713 
        0.38068         40.6847         38.1232         41.1062 
       0.392856         38.1504         35.8898         38.9012 
       0.405069         36.0409         33.7059         36.5885 
       0.417459         33.4563         31.5915         34.5551 
       0.429752         31.9383         29.6934         32.6369 
       0.441978         30.3545         28.0274         31.1081 
       0.454294          28.297         26.5146         29.4306 
        0.46658         27.7531         25.0951         27.9726 
       0.478753         25.8703          23.756         26.6328 
       0.490964         24.8996         22.4981         25.4744 
       0.503334         23.7877         21.3372         24.1811 
       0.515665         22.4553         20.2785         23.2498 
       0.527909         21.4958         19.3012         22.0471 
       0.540159         20.4723         18.3764         21.1036 
        0.55248         19.1572         17.4991         20.1501 
       0.564743         18.8492         16.6868         19.4391 
        0.57686         18.1201         15.9401         18.6273 
       0.589077         17.0254         15.2353         17.9697 
       0.601441         16.3554         14.5651         17.2566 
        0.61382         15.7318         13.9332         16.5357 
       0.626067         15.0801         13.3436         15.9454 
       0.638306         14.5366         12.7883           15.33 
       0.650632         14.1426         12.2622         14.8193 
       0.662899         13.4579         11.7692         14.2595 
       0.675076         12.8119         11.3072         13.7666 
       0.687267         12.5075         10.8694         13.2614 
       0.699615          12.115         10.4493         12.8292 
       0.711937          11.482         10.0522          12.424 
       0.724148         11.3587         9.67905         12.0342 
       0.736433         10.7209         9.32302         11.6145 
       0.748747         10.4433         8.98438          11.288 
       0.761037           10.18         8.66337         10.9376 
       0.773197         9.73604         8.36137         10.6337 
       0.785376         9.40261         8.07342         10.3069 
       0.797761         9.13045         7.79458         9.98309 
       0.810096         8.88241         7.53002         9.74215 
       0.822371         8.65307         7.27902         9.42575 
       0.834626         8.35896         7.03992         9.17338 
       0.846916         8.06678           6.811         8.93048 
       0.859215         7.76244         6.59218         8.70051 
       0.871383         7.56549          6.3852          8.4793 
        0.88363         7.37267         6.18592         8.24853 
       0.895928         7.21188         5.99443         8.02262 
       0.908253         6.99425         5.81073         7.82506 
       0.920535          6.7565         5.63539         7.61672 
       0.932774         6.61808         5.46792         7.39955 
        0.94508         6.40227         5.30645          7.2472 
       0.957324         6.24997         5.15232         7.09234 
        0.96953         6.03162         5.00481         6.91653 
       0.981769          5.9078         4.86274         6.73523 
       0.994071         5.78526         4.72553          6.5946 
         1.0064         5.58329          4.5934         6.44416 
        1.01868         5.44173         4.46673         6.29446 
        1.03092         5.34056         4.34543         6.14412 
         1.0432         5.14194         4.22822         6.01342 
        1.05553         5.04638         4.11489         5.89531 
        1.06777         4.89133         4.00655         5.77225 
           1.08         4.80893         3.90225         5.64207 
        1.09227         4.67598         3.80133         5.51896 
         1.1046         4.56738         3.70362         5.40375 
         1.1169          4.4205         3.60954         5.29581 
        1.12915         4.38524          3.5192          5.2027 
        1.14142         4.23296         3.43177         5.08217 
        1.15365         4.14781         3.34759         4.98932 
        1.16585          4.0804         3.26646         4.89899 
        1.17807         3.98696         3.18794          4.7928 
        1.19037         3.86007         3.11148         4.70097 
        1.20276          3.7806         3.03703         4.60492 
        1.21504         3.70002         2.96561         4.53369 
        1.22728         3.61442         2.89679         4.43669 
        1.23954         3.55181            2.83         4.37502 
        1.25184         3.46783         2.76519         4.28236 
        1.26414         3.41362         2.70239         4.19859 
        1.27632         3.30501         2.64211         4.13945 
         1.2886         3.26615         2.58325         4.06034 
        1.30093         3.17904         2.52599         3.99929 
        1.31316         3.09213         2.47087         3.92393 
        1.32541         3.05263          2.4174         3.86558 
        1.33772         2.99862         2.36522         3.79501 
        1.35005         2.93833         2.31455         3.73493 
        1.36225         2.87841         2.26588         3.66742 
        1.37447         2.81753         2.21852         3.61776 
        1.38676         2.75672          2.1723         3.55144 
        1.39907         2.69492         2.12733         3.50324 
        1.41133         2.64932         2.08382         3.44675 
        1.42358         2.61114         2.04158         3.38536 
        1.43591         2.56546         2.00022         3.34831 
        1.44818         2.50022         1.96024         3.29345 
        1.46037         2.44699         1.92159         3.23882 
        1.47263         2.40328         1.88377         3.19415 
        1.48494         2.36824         1.84682         3.14643 
        1.49724         2.31742          1.8109         3.09768 
        1.50952         2.30291         1.77601         3.05295 
        1.52178         2.24065         1.74208         3.01416 
        1.53409         2.19569         1.70892         2.96251 
        1.54637         2.15717         1.67668         2.92137 
        1.55858         2.12296         1.64546          2.8757 
        1.57081         2.08632         1.61499          2.8423 
        1.58313         2.04349         1.58511         2.80379 
        1.59544         2.01301           1.556         2.76667 
        1.60767         1.98408         1.52781         2.72758 
        1.61994         1.93979         1.50022         2.69299 
        1.63225         1.91444         1.47325         2.65763 
        1.64452         1.88155         1.44703         2.61968 
        1.65676         1.84132         1.42152         2.58707 
          1.669         1.81838         1.39662         2.55165 
        1.68133         1.77525         1.37215         2.52351 
        1.69363         1.76733         1.34834         2.48973 
        1.70585         1.73599         1.32525         2.45784 
        1.71809         1.71026         1.30265         2.42678 
        1.73038         1.67561         1.28051         2.39597 
        1.74268         1.64546         1.25887         2.36687 
        1.75493         1.62763         1.23783         2.34023 
        1.76714         1.60201         1.21732         2.30645 
        1.77942         1.57354         1.19718         2.28158 
        1.79173         1.55099         1.17744         2.25263 
        1.80402         1.52741         1.15819          2.2266 
         1.8163          1.5071         1.13938         2.20021 
         1.8286         1.47633         1.12095         2.17951 
         1.8409         1.46369         1.10295         2.15329 
        1.85315          1.4419         1.08541          2.1236 
        1.86537         1.41666         1.06828         2.10357 
        1.87765         1.39958         1.05146          2.0801 
        1.88995         1.37658         1.03496         2.05589 
        1.90221         1.35758         1.01887         2.03218 
        1.91445         1.33649         1.00315         2.01296 
        1.92674          1.3198        0.987706         1.98743 
        1.93902         1.29584        0.972588         1.96412 
        1.95124           1.278        0.957868         1.94548 
         1.9635         1.26175        0.943415         1.92291 
        1.97583         1.23986        0.929169         1.90173 
        1.98812         1.22541        0.915272         1.88409 
        2.00039         1.20645        0.901686         1.86249 
        2.01264         1.18728         0.88839         1.84586 
        2.02492         1.17718        0.875342         1.82768 
        2.03717         1.16671        0.862578         1.80758 
        2.04942         1.14266        0.850086         1.78693 
        2.06171         1.12769        0.837799         1.76866 
        2.07397           1.113        0.825781         1.75286 
        2.08629         1.10134        0.813949         1.73652 
        2.09857         1.08418        0.802378         1.71896 
        2.11081         1.07017        0.791079         1.70079 
        2.12309         1.05862        0.779971         1.68644 
        2.13538         1.04507         0.76906         1.66786 
        2.14763          1.0359        0.758395         1.65223 
        2.15986         1.02168        0.747956         1.63849 
        2.17214         1.00091        0.737672         1.61884 
        2.18443        0.992458        0.727571         1.60661 
        2.19671        0.982409        0.717672         1.59163 
        2.20898        0.968126        0.707969         1.57658 
        2.22126        0.955616        0.698435         1.56211 
        2.23354         0.94337         0.68908          1.5474 
         2.2458        0.934815        0.679913         1.53235 
        2.25807        0.920567        0.670904           1.518 
        2.27035         0.91294        0.662051         1.50548 
        2.28263        0.896646        0.653361         1.49283 
         2.2949        0.888789        0.644833         1.47895 
        2.30718         0.88035        0.636454         1.46652 
        2.31946        0.866898        0.628219         1.45347 
        2.33169        0.857208        0.620167         1.44103 
        2.34393        0.853411        0.612243         1.42861 
        2.35622        0.837772        0.604432          1.4162 
        2.36847        0.831629        0.596779         1.40398 
        2.38076        0.817227        0.589236          1.3918 
        2.39305        0.813493        0.581825         1.37977 
        2.40534        0.802013        0.574541         1.36863 
        2.41762        0.793778        0.567383         1.35626 
        2.42989        0.783879        0.560358         1.34681 
        2.44216        0.778365        0.553453         1.33522 
         2.4544        0.770834         0.54668         1.32443 
        2.46667        0.760949        0.540004         1.31349 
        2.47897        0.753086        0.533424         1.30242 
        2.49124         0.74248        0.526972          1.2919 
        2.50349        0.736942        0.520637         1.28114 
        2.51578        0.729916        0.514386         1.27027 
        2.52805        0.720421        0.508249         1.26091 
        2.54029        0.714821        0.502227         1.25073 
        2.55257        0.706325        0.496285         1.24136 
        2.56487        0.698666        0.490428         1.23226 
        2.57716         0.69426        0.484673         1.22167 
        2.58942        0.689423        0.479024         1.21318 
        2.60167        0.682671         0.47347         1.20346 
        2.61395        0.674642        0.467996         1.19423 
        2.62624        0.669306        0.462601         1.18583 
        2.63849        0.661621        0.457308         1.17643 
        2.65073        0.655669        0.452104         1.16742 
        2.66302        0.651264        0.446962         1.15827 
         2.6753        0.647304        0.441903         1.15025 
        2.68756        0.640002        0.436933         1.14259 
        2.69983        0.634693        0.432036         1.13399 
        2.71213         0.62668        0.427204         1.12584 
        2.72441        0.624243        0.422454         1.11745 
        2.73665        0.620268        0.417788         1.11037 
         2.7489        0.614236        0.413195         1.10284 
        2.76118        0.609201        0.408656         1.09356 
        2.77349        0.605583        0.404176         1.08634 
        2.78576        0.602499         0.39978         1.07853 
        2.79802        0.596662        0.395452         1.07045 
        2.81031        0.592835        0.391178         1.06418 
        2.82259        0.588802        0.386968         1.05576 
        2.83483        0.585391        0.382837         1.04875 
         2.8471         0.58072        0.378758         1.04128 
         2.8594        0.578345        0.374726         1.03453 
         2.8717        0.573312        0.370754          1.0282 
        2.88396        0.569579        0.366854         1.02098 
        2.89619        0.567007        0.363017         1.01414 
        2.90847        0.563784        0.359221         1.00761 
        2.92072         0.56281        0.355486         1.00081 
        2.93299         0.55651        0.351802        0.993614 
        2.94526         0.55626        0.348166        0.987398 
        2.95753         0.55415        0.344584        0.981288 
        2.96982        0.551715        0.341045        0.974456 
        2.98209        0.549715        0.337564        0.968041 
        2.99436        0.546955        0.334128        0.961962 
        3.00666        0.546367        0.330734        0.955992 
        3.01894        0.545297        0.327394        0.950299 
        3.03119        0.541981        0.324104        0.943764 
        3.04345        0.540092         0.32086        0.937771 
        3.05573        0.539844        0.317654        0.932722 
          3.068        0.538257        0.314495        0.926892 
        3.08026        0.538635        0.311382        0.920682 
        3.09254        0.536951        0.308305        0.914556 
        3.10483        0.535339        0.305269        0.909229 
         3.1171        0.536514        0.302279        0.904129 
        3.12933        0.536065        0.299336        0.898494 
        3.14159        0.536196        0.296427        0.892985 
