# k  (h/Mpc)    Pcb(k)  (Mpc/h)^3    Pcb_linear(k) (Mpc/h)^3    Pcb_NL(k) (Mpc/h)^3   ShotnoiseSubtracted = false
      0.0156606         2845.94         2848.06            2834 
      0.0273761         2472.27         2464.43         2457.51 
      0.0384619         1878.67         1857.33         1854.96 
      0.0498308         1472.34          1461.2         1459.96 
      0.0625568         1242.25         1241.99         1239.77 
      0.0751274         1075.48         1055.29         1051.17 
      0.0867833          852.85          849.66         849.126 
      0.0984825         691.534         672.418         675.083 
       0.111151         579.361          561.47         564.059 
       0.123864         520.434         506.007         507.964 
       0.135742         467.669         455.032         456.969 
        0.14762         397.437         389.078         393.686 
       0.160083         330.013         324.322         329.579 
       0.172465         290.895         283.073         289.383 
       0.184281         269.677         260.961         267.661 
       0.196406          245.96         240.997          246.15 
       0.209011         221.749         214.427         220.278 
       0.221538         197.023         187.389         195.579 
       0.233611         177.651         167.665         176.763 
       0.245665         166.848         154.749         162.839 
       0.258103          150.43         144.058         152.114 
       0.270422         141.202         132.373         140.194 
       0.282519         128.127         120.136          128.49 
       0.294636          122.23         109.457         118.267 
       0.306978         108.128         101.267          110.37 
       0.319417         103.181         94.6785         103.483 
        0.33169         95.9231         88.3723         96.8801 
       0.343948         91.0716         81.8821         90.5335 
       0.356249         83.5975         75.7955         85.2688 
       0.368458         79.7835         70.6974         79.4333 
        0.38068         74.8191          66.434          75.097 
       0.392856         69.9249         62.5421         71.2801 
       0.405069         66.1689         58.7366         67.2213 
       0.417459         61.9768         55.0519         63.5981 
       0.429752         59.3583         51.7442         60.2959 
       0.441978         56.5257         48.8411         57.7126 
       0.454294         52.5937         46.2049         54.6187 
        0.46658         52.1499         43.7313         52.1056 
       0.478753         48.4955         41.3978         49.7942 
       0.490964           46.85         39.2059         47.7378 
       0.503334         44.8884         37.1827         45.4764 
       0.515665         42.6556         35.3378         43.9342 
       0.527909          40.819         33.6347         41.6265 
       0.540159         39.1311         32.0234         40.0238 
        0.55248         36.5963         30.4945         38.3322 
       0.564743         36.0927         29.0788         37.0579 
        0.57686         34.8834         27.7777         35.6371 
       0.589077         32.8579         26.5495         34.4747 
       0.601441         31.7114         25.3816         33.2131 
        0.61382         30.6111         24.2804         31.8946 
       0.626067         29.3757         23.2529         30.9006 
       0.638306         28.4068         22.2853         29.7634 
       0.650632         27.6143         21.3685         28.8091 
       0.662899         26.4524         20.5094         27.8037 
       0.675076         25.2475         19.7043         26.9105 
       0.687267         24.8805         18.9413         26.0277 
       0.699615         24.0225         18.2093         25.2953 
       0.711937         22.8162         17.5172         24.4661 
       0.724148         22.6937          16.867         23.8356 
       0.736433         21.3763         16.2466         23.0704 
       0.748747         20.9951         15.6565          22.433 
       0.761037         20.4656         15.0971         21.8398 
       0.773197         19.7594         14.5708         21.2695 
       0.785376         19.0082          14.069         20.6907 
       0.797761         18.5962         13.5831         20.1317 
       0.810096         18.1653         13.1221         19.6434 
       0.822371         17.6626         12.6847         19.0655 
       0.834626         17.1055          12.268         18.6509 
       0.846916         16.5845         11.8691         18.1635 
       0.859215         15.9848         11.4878         17.7341 
       0.871383         15.6941         11.1271         17.3518 
        0.88363         15.2822         10.7798         16.9314 
       0.895928         14.9824         10.4461         16.4968 
       0.908253         14.5969          10.126          16.158 
       0.920535         14.1626         9.82043         15.7722 
       0.932774          13.939         9.52859         15.3717 
        0.94508         13.4824         9.24721         15.0811 
       0.957324          13.233         8.97862          14.784 
        0.96953         12.7731         8.72157         14.4481 
       0.981769         12.6662         8.47398          14.149 
       0.994071         12.3153         8.23487         13.8486 
         1.0064         11.9347         8.00462         13.5812 
        1.01868         11.7068         7.78389         13.3163 
        1.03092         11.5241          7.5725         13.0348 
         1.0432         11.1065         7.36824         12.7729 
        1.05553         10.9319         7.17075         12.5733 
        1.06777         10.6125         6.98196         12.3011 
           1.08         10.4234         6.80019         12.0823 
        1.09227         10.2146         6.62434         11.8623 
         1.1046         10.0289         6.45406         11.6219 
         1.1169         9.72148          6.2901         11.4133 
        1.12915         9.69586         6.13267         11.2565 
        1.14142         9.32109         5.98032         11.0278 
        1.15365          9.2219         5.83362         10.8343 
        1.16585         9.10337         5.69225         10.6776 
        1.17807         8.83251         5.55541         10.4629 
        1.19037          8.6856         5.42218         10.3025 
        1.20276         8.47888         5.29243          10.121 
        1.21504         8.36067         5.16797         9.97451 
        1.22728         8.14471         5.04805         9.79536 
        1.23954         8.02312         4.93165          9.6626 
        1.25184          7.8563         4.81872         9.50315 
        1.26414         7.75597         4.70928         9.33737 
        1.27632         7.54193         4.60424          9.2047 
         1.2886         7.45633         4.50166         9.06795 
        1.30093          7.3059         4.40187         8.96055 
        1.31316         7.14905         4.30583         8.80503 
        1.32541         7.04326         4.21264         8.69932 
        1.33772          6.9071         4.12171          8.5502 
        1.35005         6.82036         4.03341         8.44021 
        1.36225         6.68317          3.9486         8.30388 
        1.37447         6.56803         3.86607         8.20457 
        1.38676         6.44737         3.78553         8.09427 
        1.39907         6.32967         3.70716         7.98228 
        1.41133         6.23938         3.63135         7.87234 
        1.42358         6.11358         3.55773         7.76113 
        1.43591         6.04916         3.48566         7.67508 
        1.44818         5.90332         3.41598         7.56963 
        1.46037          5.8093         3.34862          7.4667 
        1.47263         5.72557         3.28272         7.38039 
        1.48494         5.66467         3.21833         7.27661 
        1.49724         5.55461         3.15573         7.19015 
        1.50952         5.52433         3.09493         7.10455 
        1.52178         5.39652         3.03582         7.01542 
        1.53409         5.29401         2.97802          6.9201 
        1.54637         5.23484         2.92184          6.8372 
        1.55858         5.16886         2.86744         6.75065 
        1.57081         5.05591         2.81434          6.6894 
        1.58313         5.00237         2.76227         6.60292 
        1.59544         4.90713         2.71154         6.53433 
        1.60767         4.85585         2.66241         6.45013 
        1.61994         4.77795         2.61433         6.38784 
        1.63225         4.69708         2.56734         6.31172 
        1.64452         4.61863         2.52164         6.23811 
        1.65676          4.5553          2.4772           6.172 
          1.669         4.51714         2.43379         6.10476 
        1.68133         4.40405         2.39115         6.03754 
        1.69363         4.38054         2.34966          5.9803 
        1.70585         4.31436         2.30942         5.90782 
        1.71809         4.26686         2.27004         5.85224 
        1.73038         4.20826         2.23146         5.78763 
        1.74268         4.14108         2.19375         5.72981 
        1.75493         4.08637         2.15708         5.66573 
        1.76714          4.0557         2.12135         5.60906 
        1.77942         3.98825         2.08625         5.55164 
        1.79173         3.93393         2.05185         5.49143 
        1.80402         3.88697          2.0183         5.44008 
         1.8163         3.85342         1.98552         5.39299 
         1.8286         3.78895         1.95341         5.34259 
         1.8409         3.72866         1.92204         5.29246 
        1.85315         3.69052         1.89147         5.22899 
        1.86537         3.65996         1.86162         5.18828 
        1.87765         3.59547          1.8323         5.13412 
        1.88995         3.54697         1.80355         5.09126 
        1.90221         3.50695         1.77551         5.04012 
        1.91445         3.46906         1.74812         5.00539 
        1.92674         3.44305         1.72121         4.94716 
        1.93902          3.3839         1.69486         4.89962 
        1.95124         3.34302         1.66921         4.85838 
         1.9635         3.32213         1.64403         4.81816 
        1.97583         3.26639          1.6192         4.77652 
        1.98812         3.22397         1.59498         4.73074 
        2.00039         3.19177         1.57131          4.6903 
        2.01264         3.15272         1.54814         4.65679 
        2.02492         3.12138          1.5254         4.61445 
        2.03717         3.08151         1.50316         4.57195 
        2.04942         3.04174         1.48139         4.53527 
        2.06171         3.00781         1.45998         4.49426 
        2.07397         2.98137         1.43903         4.45698 
        2.08629         2.95322         1.41842         4.42529 
        2.09857         2.91711         1.39825         4.38568 
        2.11081         2.87918         1.37856         4.35051 
        2.12309         2.85662          1.3592         4.31475 
        2.13538         2.82101         1.34019         4.28369 
        2.14763          2.8024          1.3216         4.24648 
        2.15986         2.77482         1.30341         4.21625 
        2.17214         2.73017         1.28549         4.17545 
        2.18443         2.71694         1.26789          4.1446 
        2.19671         2.67797         1.25064          4.1133 
        2.20898         2.65483         1.23373         4.08464 
        2.22126         2.63396         1.21712         4.05291 
        2.23354         2.60013         1.20081         4.02068 
         2.2458         2.58706         1.18484         3.98591 
        2.25807         2.55252         1.16914         3.96041 
        2.27035         2.52563         1.15371         3.93325 
        2.28263         2.50006         1.13857         3.90284 
         2.2949         2.48324         1.12371         3.87603 
        2.30718         2.45791          1.1091         3.85052 
        2.31946         2.43212         1.09476         3.82186 
        2.33169         2.41119         1.08072         3.79255 
        2.34393         2.39919         1.06691         3.76551 
        2.35622         2.37328          1.0533         3.73812 
        2.36847         2.34605         1.03997         3.71049 
        2.38076         2.32949         1.02682         3.68366 
        2.39305          2.3043         1.01391         3.65581 
        2.40534         2.28513         1.00121         3.63378 
        2.41762          2.2582         0.98874         3.61166 
        2.42989         2.24609        0.976498         3.58403 
        2.44216         2.23219        0.964464         3.56161 
         2.4544         2.20861        0.952661         3.53862 
        2.46667         2.19162        0.941028         3.51451 
        2.47897          2.1743        0.929562         3.48984 
        2.49124         2.15254        0.918318          3.4674 
        2.50349         2.14044        0.907278         3.44395 
        2.51578         2.11777        0.896385         3.41837 
        2.52805         2.09982         0.88569         3.39772 
        2.54029         2.08939        0.875197         3.37589 
        2.55257         2.07051        0.864842         3.35427 
        2.56487         2.05602        0.854635         3.33183 
        2.57716         2.04858        0.844607         3.31068 
        2.58942         2.02604        0.834762         3.29014 
        2.60167         2.01339        0.825084         3.26783 
        2.61395         1.98959        0.815545         3.25021 
        2.62624         1.98597        0.806143          3.2295 
        2.63849         1.97054         0.79692         3.20738 
        2.65073         1.95427         0.78785         3.18776 
        2.66302         1.94022        0.778889         3.16948 
         2.6753         1.93922        0.770074         3.15001 
        2.68756         1.91461        0.761413          3.1312 
        2.69983         1.90325        0.752879         3.11074 
        2.71213         1.89772        0.744458         3.09233 
        2.72441         1.88443         0.73618         3.07404 
        2.73665         1.86909        0.728049         3.05737 
         2.7489         1.85762        0.720045         3.04122 
        2.76118         1.84831        0.712137         3.02295 
        2.77349         1.84506        0.704328         3.00472 
        2.78576          1.8342        0.696668         2.98661 
        2.79802         1.82567        0.689126         2.96923 
        2.81031         1.80957        0.681677         2.95121 
        2.82259         1.80249        0.674342          2.9339 
        2.83483         1.79793        0.667142          2.9185 
         2.8471         1.78809        0.660034         2.90179 
         2.8594          1.7789        0.653008         2.88608 
         2.8717          1.7713        0.646086         2.86994 
        2.88396         1.76811         0.63929         2.85294 
        2.89619         1.75314        0.632605         2.83671 
        2.90847         1.75027        0.625989         2.81991 
        2.92072         1.74481         0.61948          2.8057 
        2.93299          1.7434         0.61306         2.79042 
        2.94526         1.73624        0.606725          2.7757 
        2.95753         1.72656        0.600481         2.76043 
        2.96982         1.72491        0.594315         2.74499 
        2.98209         1.72474        0.588248         2.73131 
        2.99436         1.71687         0.58226         2.71669 
        3.00666         1.72053        0.576346         2.70247 
        3.01894         1.71281        0.570525         2.68647 
        3.03119         1.71356        0.564793          2.6725 
        3.04345         1.71025         0.55914         2.65988 
        3.05573         1.70846        0.553552         2.64639 
          3.068         1.70922        0.548047         2.63247 
        3.08026         1.70586        0.542622          2.6175 
        3.09254         1.70989        0.537261         2.60355 
        3.10483         1.71003        0.531971         2.59114 
         3.1171         1.70994        0.526759         2.57839 
        3.12933         1.71127        0.521632         2.56439 
        3.14159          1.7114        0.516562         2.55057 
