# k  (h/Mpc)    P(k)  (Mpc/h)^3    P_linear(k)  (Mpc/h)^3     P_NL(k)  ShotnoiseSubtracted = false
      0.0156606         243.228         245.162         244.037 
      0.0273761         212.152         212.128         211.709 
      0.0384619         161.028         159.873         159.878 
      0.0498308         126.894         125.776         125.871 
      0.0625568         107.136         106.907         106.867 
      0.0751274         91.3973         90.8362         90.7016 
      0.0867833         73.3945         73.1367         73.1254 
      0.0984825         58.6089         57.8803         57.9763 
       0.111151         48.9481         48.3302         48.4144 
       0.123864         43.9355          43.556         43.5846 
       0.135742         39.4142         39.1682         39.1815 
        0.14762         33.6046         33.4911         33.5741 
       0.160083         28.0193          27.917         28.0303 
       0.172465         24.4896         24.3664          24.497 
       0.184281         22.6108          22.463         22.5917 
       0.196406         20.7473         20.7446         20.8332 
       0.209011         18.5234         18.4575         18.5654 
       0.221538         16.2734         16.1301         16.2916 
       0.233611         14.5569         14.4323         14.6119 
       0.245665         13.5195         13.3205         13.4766 
       0.258103         12.3843         12.4003         12.5527 
       0.270422         11.4826         11.3944         11.5399 
       0.282519          10.426         10.3411         10.5022 
       0.294636         9.60285         9.42191         9.59259 
       0.306978         8.72763         8.71687         8.89203 
       0.319417         8.22834         8.14977         8.31914 
        0.33169         7.66447         7.60694          7.7695 
       0.343948         7.14849         7.04828         7.20978 
       0.356249         6.56777         6.52435         6.71108 
       0.368458         6.16387         6.08551         6.24982 
        0.38068         5.76047         5.71857         5.88205 
       0.392856         5.42932         5.38355         5.54854 
       0.405069         5.12355         5.05596         5.21136 
       0.417459         4.73536          4.7388         4.90313 
       0.429752          4.4837         4.45409         4.61548 
       0.441978         4.25106         4.20418         4.37552 
       0.454294         3.99814         3.97725         4.13886 
        0.46658         3.82142         3.76433         3.92193 
       0.478753         3.60402         3.56346         3.71986 
       0.490964         3.43713         3.37477         3.54114 
       0.503334         3.27103         3.20064         3.35578 
       0.515665         3.08206         3.04183         3.20546 
       0.527909         2.95561         2.89523          3.0459 
       0.540159         2.79734         2.75652         2.90451 
        0.55248         2.65178         2.62492         2.76621 
       0.564743          2.5639         2.50306         2.65532 
        0.57686         2.44548         2.39107           2.537 
       0.589077         2.31266         2.28534         2.43659 
       0.601441         2.22501         2.18481         2.33242 
        0.61382         2.12962         2.09003         2.23203 
       0.626067         2.03172         2.00158         2.14207 
       0.638306          1.9561         1.91829         2.05582 
       0.650632         1.88903         1.83937         1.97905 
       0.662899         1.81371         1.76542         1.90004 
       0.675076         1.72405         1.69611         1.83042 
       0.687267         1.65502         1.63044         1.75788 
       0.699615         1.61135         1.56743         1.69353 
       0.711937         1.54339         1.50786         1.63713 
       0.724148         1.49643         1.45189         1.57812 
       0.736433         1.43166         1.39848         1.51948 
       0.748747         1.38178         1.34769         1.47322 
       0.761037         1.32866         1.29953         1.42088 
       0.773197         1.28122         1.25423         1.37719 
       0.785376         1.23632         1.21104         1.33052 
       0.797761          1.1951         1.16921         1.28434 
       0.810096         1.16684         1.12953         1.24857 
       0.822371         1.12893         1.09188         1.20546 
       0.834626         1.09361         1.05601         1.16726 
       0.846916         1.05761         1.02167         1.13603 
       0.859215          1.0153         0.98885         1.10288 
       0.871383        0.985204        0.957802         1.06861 
        0.88363        0.955905         0.92791         1.03783 
       0.895928        0.930554        0.899186         1.00663 
       0.908253        0.903676         0.87163        0.978439 
       0.920535        0.876862        0.845328        0.949251 
       0.932774        0.848873        0.820207        0.921038 
        0.94508        0.826535        0.795986        0.896705 
       0.957324        0.804878        0.772866        0.874868 
        0.96953        0.777409        0.750739        0.850742 
       0.981769        0.755228        0.729427        0.825725 
       0.994071        0.735796        0.708845        0.807529 
         1.0064        0.714705        0.689026        0.785125 
        1.01868         0.69646        0.670025        0.765244 
        1.03092        0.681241         0.65183        0.744183 
         1.0432        0.663775        0.634247        0.726223 
        1.05553        0.643016        0.617248        0.709493 
        1.06777        0.625765        0.600997        0.692318 
           1.08        0.613989        0.585351        0.674753 
        1.09227        0.594383        0.570213        0.658053 
         1.1046        0.580215        0.555557        0.643547 
         1.1169        0.565941        0.541443        0.628194 
        1.12915        0.550913        0.527892        0.613594 
        1.14142        0.541017        0.514778         0.59939 
        1.15365        0.527822         0.50215        0.586258 
        1.16585        0.514184        0.489981        0.572485 
        1.17807        0.505123        0.478202        0.560622 
        1.19037        0.488024        0.466734         0.54733 
        1.20276        0.479512        0.455565        0.534351 
        1.21504        0.469953        0.444852        0.525272 
        1.22728        0.460886        0.434529        0.511936 
        1.23954        0.449123         0.42451        0.503029 
        1.25184        0.441365        0.414789        0.491027 
        1.26414        0.431103        0.405369        0.480637 
        1.27632        0.418485        0.396326        0.471104 
         1.2886        0.408332        0.387497        0.460586 
        1.30093        0.399892        0.378907        0.452949 
        1.31316        0.389846         0.37064        0.443189 
        1.32541        0.382697        0.362619         0.43498 
        1.33772        0.375454        0.354791        0.426361 
        1.35005        0.369866         0.34719        0.418269 
        1.36225        0.361688         0.33989        0.409564 
        1.37447        0.354845        0.332786        0.402575 
        1.38676        0.348313        0.325853        0.394093 
        1.39907        0.340946        0.319107        0.387244 
        1.41133        0.332814        0.312581        0.379957 
        1.42358        0.328228        0.306245        0.372035 
        1.43591        0.321781        0.300041        0.366733 
        1.44818        0.315233        0.294043        0.360092 
        1.46037        0.309154        0.288245        0.352673 
        1.47263        0.303085        0.282572        0.346945 
        1.48494        0.297439         0.27703        0.341073 
        1.49724        0.291913        0.271641        0.335137 
        1.50952        0.285998        0.266407         0.32811 
        1.52178        0.281457        0.261319        0.322902 
        1.53409         0.27692        0.256344         0.31748 
        1.54637        0.270747        0.251508         0.31173 
        1.55858        0.266753        0.246825        0.306599 
        1.57081        0.262054        0.242255        0.301179 
        1.58313        0.258151        0.237772        0.296813 
        1.59544        0.253871        0.233406        0.291489 
        1.60767        0.249434        0.229177        0.286799 
        1.61994        0.243812        0.225038        0.282544 
        1.63225        0.239353        0.220994        0.278064 
        1.64452        0.236827         0.21706        0.273202 
        1.65676        0.233449        0.213234        0.269051 
          1.669        0.229584        0.209497        0.264527 
        1.68133        0.224971        0.205827        0.260719 
        1.69363        0.221057        0.202256        0.256633 
        1.70585        0.217457        0.198792        0.252677 
        1.71809        0.213995        0.195402        0.248695 
        1.73038        0.211164        0.192081        0.245034 
        1.74268        0.206782        0.188835        0.241015 
        1.75493        0.205576        0.185679        0.237947 
        1.76714        0.201272        0.182603        0.234216 
        1.77942         0.19886        0.179581        0.230805 
        1.79173        0.195842        0.176621        0.227019 
        1.80402        0.192271        0.173733        0.223944 
         1.8163        0.189773        0.170911        0.220195 
         1.8286        0.186777        0.168147        0.217961 
         1.8409        0.183836        0.165447         0.21435 
        1.85315        0.181819        0.162815        0.211264 
        1.86537        0.177887        0.160246        0.208371 
        1.87765        0.175491        0.157722        0.205401 
        1.88995        0.174093        0.155247        0.202766 
        1.90221        0.171822        0.152834        0.199773 
        1.91445        0.168353        0.150476        0.197149 
        1.92674        0.165996         0.14816        0.194465 
        1.93902        0.163522        0.145892        0.191599 
        1.95124        0.161163        0.143684        0.189044 
         1.9635        0.159158        0.141516        0.186439 
        1.97583        0.157425        0.139379        0.183858 
        1.98812           0.155        0.137294        0.181854 
        2.00039        0.153665        0.135256        0.179139 
        2.01264        0.151232        0.133262        0.176936 
        2.02492        0.149809        0.131305        0.174624 
        2.03717        0.146952         0.12939        0.172379 
        2.04942        0.145471        0.127516         0.17005 
        2.06171        0.143379        0.125673        0.167872 
        2.07397        0.141155         0.12387        0.165846 
        2.08629        0.139711        0.122095        0.163651 
        2.09857        0.138108         0.12036         0.16166 
        2.11081        0.136544        0.118665        0.159394 
        2.12309        0.134294        0.116999        0.157776 
        2.13538        0.132918        0.115362         0.15567 
        2.14763        0.131431        0.113762        0.153856 
        2.15986        0.129599        0.112196        0.152049 
        2.17214        0.128038        0.110654        0.150113 
        2.18443        0.127016        0.109138        0.148231 
        2.19671        0.125108        0.107654        0.146623 
        2.20898        0.123892        0.106198        0.144716 
        2.22126        0.122055        0.104768        0.143131 
        2.23354        0.120633        0.103365        0.141531 
         2.2458        0.119518        0.101989        0.139502 
        2.25807        0.118198        0.100638        0.138173 
        2.27035        0.116738       0.0993101        0.136511 
        2.28263        0.115322       0.0980067        0.135016 
         2.2949        0.114309       0.0967273        0.133329 
        2.30718        0.112734       0.0954705        0.131871 
        2.31946        0.111861       0.0942353        0.130423 
        2.33169         0.11011       0.0930274        0.128887 
        2.34393        0.109582       0.0918387        0.127591 
        2.35622        0.108354        0.090667         0.12601 
        2.36847        0.107248       0.0895191        0.124657 
        2.38076        0.105917       0.0883876        0.123312 
        2.39305         0.10505        0.087276        0.121949 
        2.40534        0.103758       0.0861834         0.12064 
        2.41762        0.102708       0.0851097        0.119304 
        2.42989        0.101702       0.0840559        0.117959 
        2.44216        0.100776         0.08302        0.116754 
         2.4544       0.0996781        0.082004        0.115555 
        2.46667       0.0986304       0.0810027        0.114214 
        2.47897       0.0973108       0.0800157        0.113025 
        2.49124       0.0967662       0.0790479        0.111846 
        2.50349        0.095689       0.0780975        0.110631 
        2.51578       0.0946197       0.0771598        0.109472 
        2.52805       0.0942564       0.0762393        0.108372 
        2.54029       0.0931708        0.075336        0.107284 
        2.55257       0.0924724       0.0744447        0.106214 
        2.56487       0.0915799       0.0735661        0.105106 
        2.57716       0.0909008       0.0727029        0.104017 
        2.58942       0.0898215       0.0718554        0.102919 
        2.60167       0.0889329       0.0710223        0.101894 
        2.61395       0.0882221       0.0702012        0.100915 
        2.62624       0.0878852        0.069392       0.0999159 
        2.63849       0.0867622        0.068598       0.0989188 
        2.65073       0.0860455       0.0678173       0.0979096 
        2.66302       0.0855182        0.067046       0.0969285 
         2.6753        0.084795       0.0662872       0.0959955 
        2.68756       0.0843424       0.0655416       0.0950789 
        2.69983       0.0833432       0.0648071       0.0940342 
        2.71213       0.0827096       0.0640822       0.0932112 
        2.72441        0.082074       0.0633697       0.0923753 
        2.73665       0.0813275       0.0626698       0.0914629 
         2.7489       0.0810814       0.0619808       0.0905818 
        2.76118       0.0803797          0.0613       0.0897273 
        2.77349       0.0796956       0.0606279       0.0889148 
        2.78576       0.0793425       0.0599685       0.0881149 
        2.79802       0.0785927       0.0593193       0.0871411 
        2.81031        0.077961       0.0586781        0.086422 
        2.82259       0.0774654       0.0580467        0.085574 
        2.83483       0.0770512        0.057427       0.0847501 
         2.8471       0.0764998       0.0568151       0.0840872 
         2.8594       0.0763839       0.0562103       0.0833238 
         2.8717       0.0755838       0.0556145       0.0825113 
        2.88396       0.0752818       0.0550295       0.0818029 
        2.89619       0.0747008        0.054454       0.0810889 
        2.90847       0.0742923       0.0538846       0.0803512 
        2.92072       0.0737407       0.0533243       0.0795753 
        2.93299       0.0734536       0.0527716       0.0788631 
        2.94526       0.0731486       0.0522263       0.0782066 
        2.95753        0.072606       0.0516889       0.0775193 
        2.96982       0.0723528       0.0511581       0.0767891 
        2.98209       0.0717175       0.0506359       0.0760996 
        2.99436       0.0716312       0.0501205       0.0754373 
        3.00666        0.071328       0.0496114       0.0747733 
        3.01894       0.0710557       0.0491103       0.0741719 
        3.03119       0.0708326       0.0486169       0.0735301 
        3.04345       0.0703561       0.0481303       0.0729028 
        3.05573       0.0704354       0.0476493       0.0723001 
          3.068       0.0700784       0.0471754       0.0716409 
        3.08026       0.0697853       0.0467084       0.0710564 
        3.09254       0.0696891        0.046247       0.0704675 
        3.10483       0.0694362       0.0457916       0.0698805 
         3.1171       0.0693645        0.045343       0.0692674 
        3.12933        0.069027       0.0449016       0.0686344 
        3.14159       0.0687554       0.0444652       0.0681276 
