# k  (h/Mpc)    Pcb(k)  (Mpc/h)^3    Pcb_linear(k) (Mpc/h)^3    Pcb_NL(k) (Mpc/h)^3   ShotnoiseSubtracted = false
      0.0156606         24089.1         24235.3         24034.8 
      0.0273761           20620         20951.8         20702.7 
      0.0384619         15577.6         15783.8         15559.4 
      0.0498308         12014.7         12414.5         12187.7 
      0.0625568           10153         10550.5         10350.2 
      0.0751274         9057.59         8963.63         8683.41 
      0.0867833         7006.16         7216.62         7128.85 
      0.0984825         5942.78         5710.97         5785.34 
       0.111151         5095.12         4768.52         4864.22 
       0.123864         4561.83         4297.38         4374.44 
       0.135742         4167.23         3864.39          3941.3 
        0.14762         3634.98         3304.24         3506.47 
       0.160083         3103.49         2754.26         3005.75 
       0.172465         2767.64         2403.94         2724.65 
       0.184281         2500.61         2216.14         2536.06 
       0.196406         2373.11          2046.6         2339.76 
       0.209011         2227.48         1820.95         2123.75 
       0.221538         2002.64         1591.33         1989.23 
       0.233611         1929.35         1423.83         1869.23 
       0.245665         1746.02         1314.14         1728.93 
       0.258103         1739.52         1223.35         1634.28 
       0.270422         1551.29         1124.12         1538.28 
       0.282519          1471.6          1020.2         1461.73 
       0.294636         1438.82         929.512         1387.26 
       0.306978         1321.67         859.954         1331.95 
       0.319417         1301.05         804.007          1256.7 
        0.33169          1221.1         750.454         1192.61 
       0.343948         1176.12         695.339         1157.32 
       0.356249         1118.75         643.651         1116.26 
       0.368458         1069.79         600.358         1070.18 
        0.38068         1057.91         564.153         1031.49 
       0.392856         1007.11         531.103         997.633 
       0.405069         952.524         498.787          964.27 
       0.417459         916.172         467.496         934.187 
       0.429752         917.401         439.407         902.091 
       0.441978         885.142         414.754         880.365 
       0.454294         848.033         392.367          845.88 
        0.46658         824.446         371.362          829.39 
       0.478753         810.663         351.546         805.585 
       0.490964         780.522         332.932          781.75 
       0.503334         748.412         315.751         765.703 
       0.515665         744.803         300.085         748.124 
       0.527909         713.083         285.622         734.059 
       0.540159         697.407         271.939         716.829 
        0.55248         682.712         258.956         698.892 
       0.564743         676.134         246.934          687.15 
        0.57686         656.274         235.885         669.751 
       0.589077         647.978         225.455         655.727 
       0.601441         629.735         215.537         643.677 
        0.61382         611.362         206.186         632.225 
       0.626067         605.751         197.461          621.36 
       0.638306         584.056         189.244         608.683 
       0.650632         578.533         181.458         595.542 
       0.662899         573.835         174.163         587.977 
       0.675076         557.519         167.326         580.785 
       0.687267         540.843         160.847         567.552 
       0.699615         541.052         154.631         558.585 
       0.711937         527.444         148.754         547.936 
       0.724148         511.412         143.232         541.247 
       0.736433         499.937         137.964         532.046 
       0.748747         493.617         132.953         522.984 
       0.761037         485.162         128.202         517.038 
       0.773197         476.356         123.733         508.101 
       0.785376         471.761         119.472         501.034 
       0.797761         457.729         115.346         494.398 
       0.810096          450.45         111.431         487.874 
       0.822371          440.48         107.716         480.192 
       0.834626         435.288         104.178         474.992 
       0.846916         430.155          100.79         467.619 
       0.859215         423.166         97.5523         460.708 
       0.871383         414.426         94.4894          454.82 
        0.88363         408.105         91.5405         450.282 
       0.895928          403.53         88.7068         443.469 
       0.908253         393.902         85.9883         436.079 
       0.920535         384.076         83.3936         431.903 
       0.932774         379.395         80.9153         425.178 
        0.94508          373.68         78.5259         421.176 
       0.957324         368.091          76.245         415.583 
        0.96953         363.472         74.0622         410.547 
       0.981769         355.243         71.9597         405.971 
       0.994071         353.994         69.9293          401.16 
         1.0064         347.603          67.974         395.369 
        1.01868         343.115         66.0995         390.494 
        1.03092         333.421         64.3045         387.119 
         1.0432         330.077         62.5699         382.457 
        1.05553         326.894         60.8929         377.162 
        1.06777         321.671         59.2897         372.766 
           1.08         314.584         57.7462         368.697 
        1.09227         314.318         56.2528         364.336 
         1.1046         307.347         54.8069         361.061 
         1.1169          301.66         53.4146         356.352 
        1.12915         296.749         52.0777         352.514 
        1.14142         290.905         50.7839          348.53 
        1.15365         287.339         49.5382           344.9 
        1.16585          283.06         48.3377         341.109 
        1.17807         280.135         47.1756         337.166 
        1.19037         274.151         46.0443         334.293 
        1.20276         271.675         44.9425         329.998 
        1.21504         266.291         43.8856         326.273 
        1.22728         262.204         42.8672         323.125 
        1.23954          260.41         41.8788          319.46 
        1.25184         254.493         40.9198         316.167 
        1.26414         249.835         39.9905         313.188 
        1.27632         246.754         39.0984         310.233 
         1.2886         243.938         38.2274         306.811 
        1.30093         239.111         37.3799         302.812 
        1.31316         234.254         36.5644         300.199 
        1.32541         232.953         35.7731          296.74 
        1.33772         228.437         35.0009         294.193 
        1.35005         225.594          34.251         290.852 
        1.36225         221.493         33.5308          288.15 
        1.37447         217.777           32.83         284.786 
        1.38676         215.634         32.1461          282.74 
        1.39907         212.415         31.4806         279.245 
        1.41133         208.424         30.8368         276.292 
        1.42358         205.631         30.2117          273.72 
        1.43591         202.677         29.5996         271.335 
        1.44818         198.802         29.0079         268.366 
        1.46037         197.142          28.436         265.519 
        1.47263         193.536         27.8763         262.819 
        1.48494          192.06         27.3296         259.773 
        1.49724         188.157          26.798         258.207 
        1.50952         185.241         26.2816         254.982 
        1.52178         182.392         25.7797         252.766 
        1.53409         179.613         25.2888         250.265 
        1.54637         176.578         24.8118         248.213 
        1.55858          174.61         24.3498         245.651 
        1.57081         171.585          23.899         243.104 
        1.58313         169.581         23.4567         240.666 
        1.59544         166.309         23.0259         238.538 
        1.60767         164.906         22.6088         236.444 
        1.61994         161.923         22.2005         233.964 
        1.63225         159.274         21.8015         231.608 
        1.64452         156.687         21.4134         229.566 
        1.65676         154.804         21.0359         227.648 
          1.669         152.915         20.6673         225.258 
        1.68133         149.804         20.3053         223.198 
        1.69363         147.337         19.9529         221.414 
        1.70585         145.099         19.6112         219.257 
        1.71809         143.101         19.2768          216.96 
        1.73038         140.903         18.9492         215.084 
        1.74268         139.675         18.6289             213 
        1.75493         137.004         18.3176         211.303 
        1.76714         135.875         18.0142         209.412 
        1.77942         133.251         17.7161         207.569 
        1.79173         131.532          17.424         205.488 
        1.80402         129.419         17.1391         203.673 
         1.8163         127.318         16.8607         202.073 
         1.8286         125.353          16.588         200.098 
         1.8409          123.67         16.3217         198.244 
        1.85315         121.464          16.062         196.596 
        1.86537         120.055         15.8085         194.909 
        1.87765         118.539         15.5596         193.234 
        1.88995         116.601         15.3154         191.399 
        1.90221         115.071         15.0774         189.904 
        1.91445         113.241         14.8447         188.137 
        1.92674         111.292         14.6162         186.416 
        1.93902         110.047         14.3925         184.738 
        1.95124           108.4         14.1747         183.204 
         1.9635         106.727         13.9608         181.615 
        1.97583         105.138           13.75         179.963 
        1.98812         103.541         13.5443         178.746 
        2.00039         102.423         13.3433             177 
        2.01264         101.096         13.1465         175.533 
        2.02492          99.315         12.9534         173.925 
        2.03717         98.0048         12.7646         172.574 
        2.04942         96.6935         12.5797         171.052 
        2.06171           95.13         12.3979         169.501 
        2.07397         93.7482           12.22         168.252 
        2.08629         92.3613         12.0449         166.799 
        2.09857         91.2563         11.8737         165.465 
        2.11081         89.8433         11.7065         163.948 
        2.12309         88.6363         11.5421         162.658 
        2.13538          87.223         11.3807          161.28 
        2.14763         85.8824         11.2228         159.941 
        2.15986         85.0398         11.0684          158.51 
        2.17214         83.7713         10.9162         157.362 
        2.18443         82.8661         10.7667         156.159 
        2.19671         81.7853         10.6202          154.79 
        2.20898         80.4853         10.4766         153.403 
        2.22126         79.4395         10.3355         152.279 
        2.23354         78.3506         10.1971         151.112 
         2.2458         76.7929         10.0614         149.783 
        2.25807         76.2534         9.92813         148.606 
        2.27035         75.1512         9.79712          147.43 
        2.28263         74.1687         9.66854         146.303 
         2.2949         72.9466         9.54232         145.147 
        2.30718            71.8         9.41833          143.95 
        2.31946         70.9958         9.29648          142.72 
        2.33169         69.9365         9.17731         141.655 
        2.34393         69.1035         9.06005         140.681 
        2.35622         68.1516         8.94446         139.448 
        2.36847         67.2334         8.83121         138.462 
        2.38076         66.0961         8.71959          137.31 
        2.39305         65.5288         8.60992         136.319 
        2.40534          64.445         8.50214          135.19 
        2.41762          63.877         8.39621         134.139 
        2.42989          62.752         8.29226         133.137 
        2.44216         62.2075         8.19007         132.049 
         2.4544         61.4608         8.08984          131.11 
        2.46667         60.3512         7.99105         130.114 
        2.47897         59.9474         7.89368         129.015 
        2.49124         59.0993         7.79821         128.047 
        2.50349         58.0475         7.70445         127.116 
        2.51578         57.6227         7.61195         126.221 
        2.52805         56.6506         7.52113         125.208 
        2.54029         56.1357         7.43202         124.272 
        2.55257          55.432         7.34409         123.388 
        2.56487         54.9228         7.25742         122.475 
        2.57716         54.2782         7.17226          121.55 
        2.58942         53.5202         7.08866         120.668 
        2.60167         52.8197         7.00647         119.808 
        2.61395         52.3754         6.92547         118.889 
        2.62624         51.6579         6.84563         117.961 
        2.63849         51.0221         6.76731         117.159 
        2.65073         50.3134         6.69029         116.264 
        2.66302         49.8705          6.6142         115.461 
         2.6753         49.1702         6.53934         114.632 
        2.68756         48.7949         6.46579         113.774 
        2.69983         48.2621         6.39332         112.954 
        2.71213         47.7357         6.32181         112.148 
        2.72441         47.2323         6.25152         111.324 
        2.73665         46.6693         6.18247         110.556 
         2.7489         46.2256          6.1145         109.784 
        2.76118         45.7916         6.04735         108.971 
        2.77349         45.3307         5.98104         108.219 
        2.78576         44.8552         5.91599          107.44 
        2.79802         44.4683         5.85194         106.736 
        2.81031          43.987         5.78869         105.976 
        2.82259         43.5312          5.7264          105.18 
        2.83483         43.0686         5.66526          104.49 
         2.8471         42.5965          5.6049         103.743 
         2.8594         42.2258         5.54523         103.021 
         2.8717         41.9027         5.48645         102.348 
        2.88396         41.4399         5.42874         101.641 
        2.89619         41.2184         5.37197          100.91 
        2.90847         40.8046         5.31579         100.171 
        2.92072         40.4306         5.26052         99.5585 
        2.93299         40.1828           5.206         98.8895 
        2.94526         39.8641          5.1522         98.1817 
        2.95753         39.6139         5.09918         97.5202 
        2.96982         39.1542         5.04682         96.8864 
        2.98209         38.9132          4.9953         96.2178 
        2.99436         38.7717         4.94446         95.5465 
        3.00666         38.5295         4.89423         94.9061 
        3.01894         38.2618          4.8448         94.2773 
        3.03119         38.0141         4.79613         93.6783 
        3.04345         37.7713         4.74812         93.0701 
        3.05573         37.7461         4.70067          92.442 
          3.068         37.4191         4.65392         91.8372 
        3.08026         37.2039         4.60785         91.2293 
        3.09254         37.2371         4.56233         90.6357 
        3.10483         37.0131          4.5174         90.0444 
         3.1171         36.9041         4.47315         89.4445 
        3.12933         36.7539         4.42961         88.8534 
        3.14159           36.66         4.38655         88.2726 
