# k  (h/Mpc)    P(k)  (Mpc/h)^3    P_linear(k)  (Mpc/h)^3     P_NL(k)  ShotnoiseSubtracted = false
      0.0156606           16805           16782         16662.9 
      0.0273761         14418.8           14487         14359.5 
      0.0384619         10911.5         10905.2         10797.5 
      0.0498308         8444.44         8573.21         8466.64 
      0.0625568         7128.43          7283.5         7186.95 
      0.0751274         6321.96         6186.67         6049.37 
      0.0867833         4912.44          4980.2         4939.68 
      0.0984825         4119.01         3940.76         3983.23 
       0.111151         3507.27         3290.17         3339.64 
       0.123864         3144.86         2964.91         3005.48 
       0.135742         2856.95         2666.07         2707.21 
        0.14762         2475.42         2279.53         2388.34 
       0.160083          2084.5         1900.06         2031.52 
       0.172465         1859.17         1658.35         1824.77 
       0.184281         1696.06         1528.77         1697.84 
       0.196406         1581.55         1411.79         1559.75 
       0.209011         1469.61         1256.11         1410.86 
       0.221538         1325.52         1097.71         1308.09 
       0.233611         1255.94         982.154         1218.82 
       0.245665         1145.71         906.483         1123.15 
       0.258103         1115.24         843.851         1058.62 
       0.270422         999.855         775.395          991.07 
       0.282519         934.953          703.71         931.703 
       0.294636         924.395         641.154         879.181 
       0.306978         834.975         593.172         839.568 
       0.319417         811.458          554.58         790.655 
        0.33169         764.466         517.639         746.375 
       0.343948         729.931          479.62         721.103 
       0.356249         687.772         443.967         692.313 
       0.368458         665.715         414.103         657.606 
        0.38068         646.684         389.132         630.516 
       0.392856          610.98         366.334         606.492 
       0.405069         583.514         344.041         587.748 
       0.417459         560.212         322.459         562.149 
       0.429752         548.891         303.084         542.051 
       0.441978         530.427         286.079         527.006 
       0.454294         503.446         270.637         504.474 
        0.46658         492.111         256.148         492.775 
       0.478753          478.77         242.479          476.62 
       0.490964         460.862         229.639         461.239 
       0.503334         437.058          217.79         449.527 
       0.515665          435.99         206.984         439.777 
       0.527909         419.555         197.008         428.132 
       0.540159         408.944         187.569         416.254 
        0.55248         400.873         178.614         405.014 
       0.564743         396.025         170.322         397.638 
        0.57686         380.683         162.701         386.311 
       0.589077         368.834         155.507         377.713 
       0.601441         364.343         148.666         369.394 
        0.61382         356.798         142.216         362.506 
       0.626067         351.337         136.197         354.783 
       0.638306         336.663          130.53         347.996 
       0.650632         331.704          125.16         338.235 
       0.662899         328.851         120.128          334.12 
       0.675076         316.196         115.412         328.057 
       0.687267         308.261         110.943         320.365 
       0.699615         304.048         106.655         314.996 
       0.711937         299.374         102.602         309.342 
       0.724148         289.791         98.7935         304.715 
       0.736433          283.38         95.1596         298.643 
       0.748747         279.111          91.703         293.038 
       0.761037         273.888         88.4265         288.594 
       0.773197         270.436         85.3439         284.605 
       0.785376         266.356         82.4049         279.676 
       0.797761         259.722         79.5587         275.421 
       0.810096          256.91         76.8583         271.619 
       0.822371         247.354         74.2963         267.118 
       0.834626         246.612         71.8559         263.259 
       0.846916         241.236         69.5193         259.384 
       0.859215         241.194         67.2858         255.652 
       0.871383         234.629         65.1731         251.801 
        0.88363          233.02         63.1391           249.2 
       0.895928         227.681         61.1846         245.261 
       0.908253         221.542         59.3096         241.266 
       0.920535         220.451         57.5199          238.04 
       0.932774          213.68         55.8105         234.756 
        0.94508         211.514         54.1624         232.307 
       0.957324         210.887         52.5892         228.884 
        0.96953         207.836         51.0836         225.677 
       0.981769         201.446         49.6334         223.538 
       0.994071         200.524         48.2329          220.64 
         1.0064         196.036         46.8843         217.317 
        1.01868         193.357         45.5914         214.781 
        1.03092         189.436         44.3533         212.575 
         1.0432         185.891         43.1569         209.952 
        1.05553         183.257         42.0002          207.33 
        1.06777         182.946         40.8944         205.229 
           1.08          178.34         39.8298         202.625 
        1.09227         176.146         38.7997         200.458 
         1.1046         173.473         37.8024         198.316 
         1.1169         170.356         36.8421         195.599 
        1.12915         167.857           35.92         193.799 
        1.14142          165.16         35.0276         191.273 
        1.15365          162.88         34.1684         189.264 
        1.16585         160.569         33.3403         186.809 
        1.17807         158.393         32.5388         185.404 
        1.19037         157.063         31.7585         183.536 
        1.20276         154.456         30.9985         181.254 
        1.21504         151.652         30.2696         179.309 
        1.22728         148.703         29.5671         177.037 
        1.23954         148.164         28.8854          175.74 
        1.25184         145.317         28.2239         173.724 
        1.26414         142.995         27.5829         171.905 
        1.27632         142.457         26.9677         170.865 
         1.2886         140.201         26.3669         168.518 
        1.30093         136.204         25.7824         166.695 
        1.31316         135.144         25.2198         164.831 
        1.32541         133.425         24.6741         163.592 
        1.33772         132.162         24.1414         161.823 
        1.35005         130.176         23.6242         160.008 
        1.36225         128.471         23.1275         158.576 
        1.37447         126.365         22.6441         156.749 
        1.38676         124.939         22.1724         155.268 
        1.39907         122.536         21.7133          153.75 
        1.41133          120.78         21.2693         152.447 
        1.42358         119.048         20.8381         151.008 
        1.43591         117.863          20.416         149.314 
        1.44818         116.682         20.0079         148.059 
        1.46037         114.488         19.6134         146.526 
        1.47263         113.339         19.2273         145.417 
        1.48494         111.629         18.8502         143.743 
        1.49724         110.082         18.4836         142.391 
        1.50952         108.056         18.1274           141.1 
        1.52178         107.521         17.7812         139.684 
        1.53409         105.503         17.4426         138.516 
        1.54637         104.066         17.1136         137.309 
        1.55858         102.303          16.795         135.909 
        1.57081         100.942          16.484         134.753 
        1.58313         99.7592          16.179         133.444 
        1.59544         98.5838         15.8818         132.287 
        1.60767         97.2549         15.5941         131.004 
        1.61994         95.6248         15.3125         130.103 
        1.63225         94.3902         15.0373         128.545 
        1.64452         92.7362         14.7696         127.438 
        1.65676         91.4682         14.5093         126.405 
          1.669         90.8661          14.255         125.378 
        1.68133         89.1588         14.0053         124.193 
        1.69363         88.2809         13.7623         123.141 
        1.70585         86.7147         13.5266         122.016 
        1.71809         85.5539         13.2959         120.896 
        1.73038         84.8453         13.0699         119.849 
        1.74268         83.5577         12.8491         118.781 
        1.75493         82.4538         12.6343         117.719 
        1.76714          81.159          12.425         116.774 
        1.77942         80.3335         12.2194         115.652 
        1.79173         79.0052          12.018         114.746 
        1.80402         78.3821         11.8214           113.8 
         1.8163         76.9548         11.6294         112.665 
         1.8286         75.8754         11.4414         111.766 
         1.8409         75.2025         11.2576         110.799 
        1.85315         73.9902         11.0786         109.927 
        1.86537         73.1422         10.9037         108.985 
        1.87765          72.474          10.732         107.982 
        1.88995         71.2549         10.5636         107.157 
        1.90221         70.3163         10.3994         106.228 
        1.91445         69.1182          10.239         105.312 
        1.92674         68.2158         10.0813         104.465 
        1.93902         67.3575         9.92704         103.524 
        1.95124         66.7891          9.7768         102.761 
         1.9635         65.7133         9.62928         101.744 
        1.97583         64.8384         9.48387         101.052 
        1.98812         64.0131         9.34202          100.17 
        2.00039         63.0057         9.20336         99.3381 
        2.01264         62.5068         9.06764         98.5006 
        2.02492         61.5576         8.93447         97.7039 
        2.03717         60.5724         8.80419         96.8416 
        2.04942         60.1757         8.67668         96.1643 
        2.06171         58.9664         8.55126         95.3264 
        2.07397         58.3618          8.4286         94.6016 
        2.08629         57.7593         8.30784         93.7762 
        2.09857         56.8716         8.18973         93.0413 
        2.11081         55.8842          8.0744         92.2025 
        2.12309         55.5213         7.96102         91.5755 
        2.13538         54.6396         7.84966         90.8015 
        2.14763         53.9593          7.7408         90.0798 
        2.15986         52.9384         7.63426         89.3419 
        2.17214         52.5599         7.52929           88.62 
        2.18443         51.9288         7.42619           88.01 
        2.19671         51.0236         7.32515         87.2521 
        2.20898         50.8309         7.22611           86.56 
        2.22126         49.9831          7.1288         85.8436 
        2.23354         49.3055         7.03331         85.2121 
         2.2458         48.7174         6.93974         84.5772 
        2.25807          48.121         6.84779         83.8537 
        2.27035         47.5953         6.75743         83.1966 
        2.28263         46.7923         6.66874         82.5353 
         2.2949         46.4226         6.58169         81.9043 
        2.30718         45.5923         6.49617         81.3034 
        2.31946         45.1101         6.41212         80.6864 
        2.33169         44.4952         6.32993         80.0578 
        2.34393         43.8042         6.24904          79.451 
        2.35622         43.5271         6.16932         78.8302 
        2.36847         42.9491         6.09121         78.2827 
        2.38076         42.3537         6.01422         77.6197 
        2.39305         41.8399         5.93858         77.0725 
        2.40534         41.3934         5.86423         76.4385 
        2.41762         40.9846         5.79117         75.8268 
        2.42989         40.3992         5.71947          75.329 
        2.44216         40.0146         5.64899         74.7337 
         2.4544         39.5102         5.57985         74.1637 
        2.46667         39.0991         5.51172         73.5798 
        2.47897         38.6259         5.44456         73.0496 
        2.49124         38.0965          5.3787         72.5183 
        2.50349         37.6198         5.31404         71.9548 
        2.51578         37.1399         5.25024          71.484 
        2.52805         36.9041          5.1876         70.9236 
        2.54029          36.404         5.12614          70.367 
        2.55257         35.8525         5.06549         69.8791 
        2.56487          35.593          5.0057         69.3965 
        2.57716         35.1239         4.94697         68.9061 
        2.58942         34.6807          4.8893         68.3774 
        2.60167         34.2876         4.83262         67.8723 
        2.61395         33.9127         4.77675         67.3865 
        2.62624          33.674         4.72168         66.8809 
        2.63849         33.3407         4.66766          66.419 
        2.65073         32.9717         4.61454         65.9127 
        2.66302         32.5048         4.56205         65.4403 
         2.6753         32.1452         4.51042         64.9819 
        2.68756         31.7004         4.45969         64.4853 
        2.69983         31.5305          4.4097         64.0677 
        2.71213         31.2085         4.36038         63.6304 
        2.72441         30.9002          4.3119         63.1582 
        2.73665         30.5542         4.26427         62.7011 
         2.7489         30.4254         4.21739          62.264 
        2.76118         29.9471         4.17107         61.8373 
        2.77349          29.816         4.12534         61.4021 
        2.78576         29.5814         4.08047         60.9494 
        2.79802         29.1388         4.03629         60.5609 
        2.81031         28.8771         3.99267         60.1331 
        2.82259         28.7377         3.94971         59.6912 
        2.83483         28.3877         3.90754         59.2904 
         2.8471          28.078          3.8659         58.8894 
         2.8594         27.9743         3.82475          58.484 
         2.8717         27.7019         3.78421         58.0806 
        2.88396         27.4506          3.7444         57.6608 
        2.89619         27.2138         3.70524         57.2553 
        2.90847         27.0461          3.6665         56.8829 
        2.92072         26.8105         3.62837         56.4908 
        2.93299         26.6736         3.59077         56.1021 
        2.94526         26.4291         3.55366           55.74 
        2.95753         26.2858         3.51709         55.3676 
        2.96982         26.1977         3.48098         54.9885 
        2.98209          25.929         3.44544         54.6247 
        2.99436         25.7633         3.41037          54.241 
        3.00666         25.6803         3.37573         53.8876 
        3.01894         25.4636         3.34164         53.5085 
        3.03119         25.3768         3.30807         53.1608 
        3.04345         25.2062         3.27495         52.8313 
        3.05573         25.1612         3.24222         52.4819 
          3.068         25.0455         3.20998           52.13 
        3.08026         24.8676         3.17821         51.7794 
        3.09254         24.7903          3.1468         51.4399 
        3.10483         24.8033         3.11582         51.1105 
         3.1171         24.7285         3.08529         50.7778 
        3.12933         24.6469         3.05526         50.4399 
        3.14159         24.5241         3.02557         50.1068 
