# k  (h/Mpc)    P(k)  (Mpc/h)^3    P_linear(k)  (Mpc/h)^3     P_NL(k)  ShotnoiseSubtracted = false
      0.0156606         2131.85         2171.61          2161.1 
      0.0273761         1851.26         1876.84         1872.03 
      0.0384619         1405.86         1413.75         1412.46 
      0.0498308         1102.62         1111.91         1111.49 
      0.0625568         930.169         944.939         943.653 
      0.0751274         803.032         802.805         800.242 
      0.0867833          638.17         646.335         646.045 
      0.0984825         515.897         511.485          513.22 
       0.111151          431.79         427.078         428.741 
       0.123864         387.815          384.88         386.064 
       0.135742         348.265         346.102         347.243 
        0.14762         295.849         295.933         298.724 
       0.160083         245.755         246.676         249.891 
       0.172465          216.21         215.301         219.138 
       0.184281         200.398         198.482         202.542 
       0.196406         182.855         183.297         186.388 
       0.209011         164.469         163.087         166.624 
       0.221538         145.759         142.523         147.487 
       0.233611         131.108         127.521         133.029 
       0.245665         122.989         117.697         122.586 
       0.258103          110.86         109.565          114.43 
       0.270422         104.028         100.678         105.383 
       0.282519         94.3615         91.3706         96.4205 
       0.294636         89.3748         83.2487         88.5726 
       0.306978         79.2901         77.0191         82.5125 
       0.319417         75.5386         72.0083         77.3275 
        0.33169         70.1975          67.212         72.3497 
       0.343948         66.4502         62.2759         67.4687 
       0.356249         60.8765         57.6466         63.3932 
       0.368458         57.9306         53.7691         59.0174 
        0.38068         54.1927         50.5269         55.7371 
       0.392856         50.7371         47.5667          52.825 
       0.405069         47.9601         44.6723          49.741 
       0.417459         44.6903           41.87         47.0265 
       0.429752         42.7289         39.3544         44.4963 
       0.441978           40.64         37.1463         42.5031 
       0.454294         37.8427         35.1412         40.2165 
        0.46658         37.3161         33.2599         38.2904 
       0.478753         34.7324         31.4851         36.5237 
       0.490964          33.484         29.8179         34.9813 
       0.503334         32.0405         28.2794         33.2574 
       0.515665         30.3227         26.8762         32.0571 
       0.527909         29.0142         25.5809         30.3804 
       0.540159          27.712         24.3553         29.1425 
        0.55248         25.9014         23.1925         27.8672 
       0.564743         25.5313         22.1159         26.9161 
        0.57686         24.6099         21.1263         25.8374 
       0.589077         23.1376         20.1922         24.9612 
       0.601441         22.2666         19.3039         24.0081 
        0.61382         21.4509         18.4665         23.0271 
       0.626067         20.5798          17.685         22.2584 
       0.638306         19.8592          16.949         21.4167 
       0.650632         19.3231         16.2518         20.7234 
       0.662899          18.417         15.5984         19.9674 
       0.675076          17.553          14.986         19.2986 
       0.687267         17.2206         14.4058         18.6275 
       0.699615         16.6524          13.849         18.0604 
       0.711937         15.7822         13.3227         17.4822 
       0.724148          15.665         12.8282         16.9806 
       0.736433         14.7634         12.3563         16.4121 
       0.748747         14.4316         11.9075         15.9546 
       0.761037         14.0805          11.482         15.4974 
       0.773197         13.5138         11.0818         15.0779 
       0.785376         13.0266         10.7002          14.643 
       0.797761         12.6885         10.3306         14.2131 
       0.810096         12.3643         9.97994         13.8723 
       0.822371         12.0308         9.64728         13.4416 
       0.834626         11.6355         9.33039         13.1164 
       0.846916         11.2488         9.02699         12.7692 
       0.859215         10.8307         8.73698         12.4546 
       0.871383          10.594         8.46265         12.1642 
        0.88363         10.3182         8.19854         11.8484 
       0.895928          10.109         7.94475         11.5359 
       0.908253         9.82018         7.70128         11.2737 
       0.920535         9.50085         7.46889         10.9901 
       0.932774         9.33332         7.24693         10.6909 
        0.94508         9.01461         7.03293         10.4851 
       0.957324         8.82296         6.82865         10.2706 
        0.96953         8.51074         6.63315         10.0262 
       0.981769         8.39866         6.44485         9.78925 
       0.994071         8.19731           6.263         9.58298 
         1.0064         7.91425         6.08788           9.382 
        1.01868         7.74368            5.92         9.18168 
        1.03092          7.5967         5.75923         8.97548 
         1.0432         7.31565         5.60388         8.79059 
        1.05553         7.19447         5.45369         8.63417 
        1.06777         6.97719          5.3101         8.45261 
           1.08         6.85754         5.17186         8.28254 
        1.09227         6.69663         5.03811         8.11542 
         1.1046         6.54735         4.90861         7.94713 
         1.1169          6.3354         4.78391         7.79855 
        1.12915         6.31338         4.66418         7.67948 
        1.14142         6.07422         4.54831         7.51013 
        1.15365         5.97415         4.43674         7.37435 
        1.16585         5.89051         4.32922         7.25733 
        1.17807         5.73327         4.22514         7.10413 
        1.19037         5.59412         4.12382         6.98104 
        1.20276         5.46693         4.02514         6.84892 
        1.21504         5.36525         3.93049         6.74584 
        1.22728         5.23291         3.83927         6.61364 
        1.23954         5.14658         3.75075         6.52351 
        1.25184         5.03242         3.66486         6.40099 
        1.26414         4.96586         3.58163         6.28258 
        1.27632         4.81205         3.50174         6.19408 
         1.2886          4.7538         3.42373         6.08963 
        1.30093         4.64808         3.34783         6.00729 
        1.31316          4.5259         3.27478         5.89995 
        1.32541         4.46303         3.20391         5.81997 
        1.33772         4.38089         3.13475         5.71612 
        1.35005         4.30735         3.06759         5.63479 
        1.36225         4.22119         3.00309         5.53832 
        1.37447         4.13891         2.94033         5.46864 
        1.38676         4.05296         2.87907         5.38233 
        1.39907         3.97159         2.81946         5.30917 
        1.41133         3.91063         2.76181         5.22849 
        1.42358         3.84251         2.70582         5.14759 
        1.43591         3.78715           2.651         5.08839 
        1.44818         3.68905         2.59801         5.01265 
        1.46037         3.61879         2.54678         4.93894 
        1.47263         3.56507         2.49666         4.87488 
        1.48494         3.51486         2.44769         4.80621 
        1.49724         3.44514         2.40008         4.73901 
        1.50952         3.42683         2.35384         4.67761 
        1.52178         3.33744         2.30888         4.61896 
        1.53409         3.26903         2.26492         4.54715 
        1.54637         3.22456          2.2222         4.49122 
        1.55858         3.17351         2.18082         4.42408 
        1.57081         3.11477         2.14044         4.38246 
        1.58313         3.06011         2.10083         4.32164 
        1.59544         3.01326         2.06225         4.27263 
        1.60767         2.97495         2.02489         4.21445 
        1.61994         2.91387         1.98832         4.16798 
        1.63225         2.86691         1.95258         4.11522 
        1.64452         2.82091         1.91782         4.06182 
        1.65676         2.77009         1.88402         4.01566 
          1.669         2.73966         1.85101         3.96794 
        1.68133         2.66936         1.81858         3.92391 
        1.69363         2.66329         1.78702         3.87892 
        1.70585         2.61815         1.75642         3.83037 
        1.71809         2.58511         1.72647         3.78936 
        1.73038         2.53829         1.69713         3.74301 
        1.74268          2.4921         1.66845         3.70286 
        1.75493         2.46313         1.64056         3.66198 
        1.76714         2.43402         1.61339          3.6159 
        1.77942         2.39385         1.58669         3.58014 
        1.79173         2.36128         1.56053         3.53676 
        1.80402         2.32542         1.53501         3.50069 
         1.8163         2.30458         1.51008         3.46534 
         1.8286         2.25928         1.48566         3.43306 
         1.8409         2.22633          1.4618         3.39599 
        1.85315         2.20104         1.43855         3.35137 
        1.86537         2.17229         1.41585         3.32437 
        1.87765         2.14138         1.39355         3.28897 
        1.88995         2.10692         1.37168         3.25614 
        1.90221         2.07982         1.35036         3.22129 
        1.91445         2.05674         1.32953         3.19551 
        1.92674         2.03533         1.30906         3.15622 
        1.93902         1.99694         1.28902         3.12139 
        1.95124         1.96902         1.26951         3.09665 
         1.9635         1.95323         1.25036         3.06431 
        1.97583         1.91618         1.23148         3.03533 
        1.98812         1.89443         1.21306         3.00708 
        2.00039         1.87032         1.19505         2.97589 
        2.01264         1.84073         1.17743         2.95452 
        2.02492         1.82403         1.16014         2.92574 
        2.03717         1.80508         1.14322         2.89552 
        2.04942         1.77749         1.12666          2.8674 
        2.06171         1.75253         1.11038         2.83992 
        2.07397         1.73362         1.09445           2.816 
        2.08629         1.71659         1.07877         2.79387 
        2.09857         1.69388         1.06343          2.7666 
        2.11081         1.67217         1.04846         2.74085 
        2.12309         1.65674         1.03374          2.7196 
        2.13538         1.63078         1.01928          2.6944 
        2.14763         1.62238         1.00514         2.67012 
        2.15986         1.60072        0.991307         2.64995 
        2.17214         1.57171        0.977676         2.62132 
        2.18443         1.56264         0.96429         2.60179 
        2.19671         1.54446         0.95117         2.58042 
        2.20898         1.52508         0.93831         2.55951 
        2.22126         1.50926        0.925674          2.5384 
        2.23354         1.49143        0.913275         2.51656 
         2.2458         1.48096        0.901125         2.49321 
        2.25807         1.45765        0.889185         2.47375 
        2.27035          1.4429        0.877451         2.45563 
        2.28263         1.42206        0.865935          2.4359 
         2.2949         1.41435        0.854631         2.41637 
        2.30718         1.39829        0.843526           2.398 
        2.31946         1.37823        0.832613         2.37843 
        2.33169         1.36775         0.82194          2.3599 
        2.34393         1.36037        0.811438         2.34219 
        2.35622         1.33919        0.801086         2.32389 
        2.36847         1.32853        0.790943         2.30469 
        2.38076         1.30889        0.780946         2.28675 
        2.39305         1.29848        0.771124         2.26755 
        2.40534         1.28721         0.76147         2.25311 
        2.41762         1.27094        0.751984         2.23598 
        2.42989         1.26014        0.742673         2.22041 
        2.44216         1.25078        0.733521         2.20301 
         2.4544         1.23997        0.724544         2.18836 
        2.46667         1.22352        0.715697          2.1719 
        2.47897         1.21422        0.706976         2.15414 
        2.49124         1.19975        0.698425         2.13985 
        2.50349         1.19015        0.690028          2.1232 
        2.51578         1.17957        0.681743         2.10621 
        2.52805         1.16484         0.67361         2.09279 
        2.54029         1.15878        0.665629         2.07771 
        2.55257         1.14458        0.657753          2.0629 
        2.56487         1.13444         0.64999         2.04959 
        2.57716         1.12934        0.642364         2.03418 
        2.58942         1.12074        0.634876         2.02063 
        2.60167         1.11041        0.627515          2.0062 
        2.61395         1.09717        0.620261          1.9939 
        2.62624         1.09033         0.61311         1.97969 
        2.63849         1.08153        0.606095         1.96574 
        2.65073         1.07231        0.599198         1.95243 
        2.66302         1.06368        0.592383         1.93937 
         2.6753         1.06118        0.585678         1.92695 
        2.68756         1.04893        0.579091         1.91495 
        2.69983         1.04102          0.5726         1.90176 
        2.71213         1.03121        0.566196          1.8897 
        2.72441         1.02463        0.559901         1.87715 
        2.73665         1.01831        0.553716         1.86656 
         2.7489         1.01078        0.547629         1.85552 
        2.76118         1.00259        0.541614         1.84153 
        2.77349        0.998952        0.535676         1.83018 
        2.78576        0.993531         0.52985         1.81882 
        2.79802        0.986942        0.524113         1.80647 
        2.81031        0.978906        0.518449         1.79583 
        2.82259        0.972037         0.51287         1.78385 
        2.83483        0.968914        0.507394         1.77343 
         2.8471        0.963398        0.501988         1.76216 
         2.8594        0.957796        0.496644         1.75161 
         2.8717        0.954129        0.491379         1.74192 
        2.88396        0.946532        0.486211         1.73109 
        2.89619        0.942659        0.481126         1.72017 
        2.90847        0.937652        0.476095         1.70987 
        2.92072        0.935692        0.471144         1.70008 
        2.93299        0.930713        0.466262         1.68935 
        2.94526        0.929496        0.461444         1.67969 
        2.95753        0.924906        0.456695         1.67018 
        2.96982        0.921475        0.452005         1.65996 
        2.98209        0.918983        0.447391          1.6505 
        2.99436         0.91684        0.442837         1.64096 
        3.00666        0.915835        0.438339          1.6313 
        3.01894        0.912659        0.433912         1.62236 
        3.03119        0.910347        0.429553         1.61287 
        3.04345        0.907592        0.425253         1.60381 
        3.05573        0.906602        0.421003         1.59554 
          3.068        0.904742        0.416816          1.5865 
        3.08026         0.90446        0.412691         1.57719 
        3.09254        0.905168        0.408613         1.56827 
        3.10483        0.905305         0.40459            1.56 
         3.1171        0.905974        0.400626         1.55156 
        3.12933        0.905488        0.396727         1.54263 
        3.14159        0.904887         0.39287         1.53425 
