# k  (h/Mpc)    Pcb(k)  (Mpc/h)^3    Pcb_linear(k) (Mpc/h)^3    Pcb_NL(k) (Mpc/h)^3   ShotnoiseSubtracted = false
      0.0156606         11782.6         11818.8         11744.6 
      0.0273761           10158         10220.9         10153.8 
      0.0384619         7706.42          7701.1         7649.33 
      0.0498308         5987.76         6057.76         6008.41 
      0.0625568         5054.56         5148.53         5102.26 
      0.0751274          4458.3         4374.32         4306.88 
      0.0867833         3481.57         3521.86         3503.92 
      0.0984825         2892.03         2787.12         2812.31 
       0.111151         2449.61         2327.21         2354.59 
       0.123864         2198.94          2097.3         2120.18 
       0.135742         1990.15            1886         1909.47 
        0.14762         1713.22         1612.63          1672.6 
       0.160083         1431.19         1344.22          1414.7 
       0.172465            1275         1173.25         1261.47 
       0.184281         1172.05          1081.6          1172.9 
       0.196406         1080.29         998.852         1075.43 
       0.209011         995.201         888.724          970.41 
       0.221538         897.129         776.662         889.857 
       0.233611         836.483         694.911         822.111 
       0.245665         772.282         641.377         756.415 
       0.258103         731.917         597.067         711.322 
       0.270422         665.593         548.635         662.768 
       0.282519         614.148         497.917         617.834 
       0.294636         608.287         453.658          579.53 
       0.306978         542.706          419.71         550.421 
       0.319417         523.054         392.405         517.677 
        0.33169         492.172         366.268         487.233 
       0.343948         469.022         339.368         467.316 
       0.356249         439.372         314.142         446.615 
       0.368458         426.127         293.012         421.566 
        0.38068         408.316         275.342         402.504 
       0.392856         383.119         259.211          385.89 
       0.405069         367.803         243.439         372.567 
       0.417459         351.664         228.167         353.445 
       0.429752         340.106         214.458         340.207 
       0.441978         328.971         202.426         329.693 
       0.454294         308.761           191.5         314.514 
        0.46658         306.412         181.248         305.711 
       0.478753         293.488         171.576         294.908 
       0.490964         283.596         162.492         284.507 
       0.503334         267.612         154.107         276.241 
       0.515665         264.855          146.46          269.84 
       0.527909          256.56         139.402          260.56 
       0.540159         249.329         132.724         253.074 
        0.55248         244.283         126.387         245.446 
       0.564743         238.193         120.519         240.087 
        0.57686          229.64         115.127         232.567 
       0.589077         220.524         110.036          227.51 
       0.601441         217.244         105.196         221.965 
        0.61382         214.851         100.632         216.527 
       0.626067         209.278         96.3734         211.369 
       0.638306         199.737          92.363         207.076 
       0.650632         194.553         88.5633         200.471 
       0.662899         194.274         85.0027         197.029 
       0.675076          187.17         81.6658          192.62 
       0.687267         182.359         78.5038         188.395 
       0.699615         178.784         75.4697         184.633 
       0.711937         174.574         72.6015         180.867 
       0.724148         171.267         69.9066         178.213 
       0.736433         167.139         67.3353         174.096 
       0.748747         163.472         64.8894         170.543 
       0.761037         160.996         62.5709         167.064 
       0.773197         157.699         60.3898         165.155 
       0.785376         155.827         58.3101         161.418 
       0.797761         152.532         56.2961         159.357 
       0.810096         149.008         54.3853         156.275 
       0.822371         144.224         52.5725         153.644 
       0.834626         142.519         50.8456          151.02 
       0.846916         140.887         49.1922         148.744 
       0.859215         139.138         47.6118         146.279 
       0.871383          136.27         46.1169         143.824 
        0.88363         133.777         44.6776         142.133 
       0.895928         131.129         43.2946         140.105 
       0.908253         127.611         41.9679         137.522 
       0.920535         127.021         40.7014         135.775 
       0.932774         123.274         39.4919         133.481 
        0.94508         122.311         38.3257         131.787 
       0.957324         120.929         37.2125         129.916 
        0.96953         120.238         36.1471           127.8 
       0.981769         116.401          35.121         126.628 
       0.994071         115.639           34.13         124.815 
         1.0064         112.844         33.1757         122.979 
        1.01868         111.781         32.2609         121.573 
        1.03092         109.791         31.3848         120.067 
         1.0432         107.902         30.5382         118.476 
        1.05553         105.402         29.7197         117.305 
        1.06777         105.216         28.9372         115.945 
           1.08         103.128         28.1839         114.397 
        1.09227         101.704          27.455         113.038 
         1.1046         99.9166         26.7493         111.646 
         1.1169         98.7485         26.0698          110.12 
        1.12915         97.3148         25.4173         108.972 
        1.14142         95.7118         24.7859         107.612 
        1.15365         93.8799         24.1778         106.409 
        1.16585         92.7656         23.5919         105.131 
        1.17807         91.3008         23.0248         104.205 
        1.19037         91.1217         22.4726         103.113 
        1.20276         89.1093         21.9348         101.885 
        1.21504           88.47          21.419          100.68 
        1.22728         86.5268          20.922         99.6646 
        1.23954         85.8743         20.4396         98.5304 
        1.25184          84.149         19.9715         97.5993 
        1.26414         83.0674         19.5179         96.5979 
        1.27632         82.2592         19.0826         95.9213 
         1.2886         80.8928         18.6574         94.5488 
        1.30093          79.727         18.2438          93.488 
        1.31316         78.9316         17.8458         92.7858 
        1.32541         78.1404         17.4596         91.8732 
        1.33772         76.9247         17.0827         90.9221 
        1.35005         76.2141         16.7167         90.0209 
        1.36225         75.0341         16.3652         89.1319 
        1.37447         73.3978         16.0232         88.1824 
        1.38676         73.4301         15.6894         87.2297 
        1.39907          71.978         15.3646         86.6024 
        1.41133         70.7345         15.0504         85.9275 
        1.42358         69.9558         14.7452         84.8632 
        1.43591         69.4499         14.4465         84.1129 
        1.44818         68.4491         14.1578         83.2619 
        1.46037          67.584         13.8786          82.623 
        1.47263         66.5488         13.6054         81.9528 
        1.48494         65.8706         13.3386         81.1193 
        1.49724         64.8003         13.0791         80.2963 
        1.50952         64.3092         12.8271         79.5355 
        1.52178         63.4603         12.5821         78.9258 
        1.53409         62.9118         12.3426         78.2446 
        1.54637         61.3972         12.1098         77.4794 
        1.55858         60.8044         11.8843          76.738 
        1.57081         60.3129         11.6642         76.1859 
        1.58313          59.323         11.4484         75.5559 
        1.59544         58.5742         11.2382         74.8043 
        1.60767         57.9918         11.0345         74.1863 
        1.61994         57.1086         10.8353          73.647 
        1.63225         56.3812         10.6405          72.841 
        1.64452         55.7706         10.4511         72.3298 
        1.65676         54.9374         10.2669         71.6396 
          1.669          54.561          10.087         71.1025 
        1.68133         53.9794         9.91029         70.4472 
        1.69363         53.0351         9.73832         69.9516 
        1.70585         52.7276         9.57154         69.3529 
        1.71809         51.6087         9.40833         68.8055 
        1.73038         51.2202         9.24842         68.2127 
        1.74268          50.506         9.09213         67.6361 
        1.75493         49.9745         8.94017         67.0703 
        1.76714         49.3549         8.79208         66.5048 
        1.77942         49.0552         8.64659         65.9959 
        1.79173         48.1949         8.50403         65.3855 
        1.80402         47.7526         8.36498         64.9589 
         1.8163         47.1202         8.22912          64.341 
         1.8286         46.4512         8.09604         63.9639 
         1.8409         45.8801         7.96603         63.3283 
        1.85315         45.3826         7.83931         62.9672 
        1.86537         44.8493         7.71559         62.4337 
        1.87765         44.4174          7.5941         61.8541 
        1.88995         43.8075         7.47492          61.355 
        1.90221         43.4435         7.35873         60.8768 
        1.91445         42.7567         7.24519         60.4761 
        1.92674         42.3281         7.13367         59.9503 
        1.93902         41.8608         7.02448         59.4686 
        1.95124         41.4516         6.91816         59.0922 
         1.9635         40.7646         6.81378         58.5746 
        1.97583         40.3999         6.71089         58.1999 
        1.98812         39.7299         6.61051         57.6937 
        2.00039         39.5049         6.51239           57.24 
        2.01264         38.8649         6.41636         56.8591 
        2.02492         38.5355         6.32212         56.4299 
        2.03717          37.971         6.22994         55.9542 
        2.04942         37.5221         6.13971         55.5518 
        2.06171         37.1802         6.05096         55.0831 
        2.07397         36.6552         5.96417         54.7267 
        2.08629         36.2644         5.87871         54.2859 
        2.09857         35.9403         5.79514         53.9265 
        2.11081         35.4196         5.71353          53.484 
        2.12309          35.097         5.63331         53.0778 
        2.13538         34.6093          5.5545         52.7376 
        2.14763         34.2963         5.47747         52.3294 
        2.15986         34.0911         5.40208         51.9167 
        2.17214          33.464          5.3278         51.6136 
        2.18443         33.2111         5.25485         51.1503 
        2.19671         32.6956         5.18336         50.7843 
        2.20898         32.2683         5.11328         50.4016 
        2.22126         32.1104         5.04442         50.0274 
        2.23354         31.6921         4.97685         49.7265 
         2.2458         31.3666         4.91064         49.3389 
        2.25807         30.8394         4.84557         48.9607 
        2.27035         30.5428         4.78163         48.6299 
        2.28263         30.1889         4.71887         48.2919 
         2.2949         29.9294         4.65727         47.9499 
        2.30718         29.6128         4.59676         47.5884 
        2.31946         29.2913         4.53729         47.2553 
        2.33169         28.9964         4.47912         46.9063 
        2.34393         28.5991         4.42189         46.5468 
        2.35622         28.2736         4.36548         46.2765 
        2.36847         27.9539         4.31021         45.8986 
        2.38076         27.7159         4.25573         45.6254 
        2.39305         27.3861          4.2022         45.3088 
        2.40534         27.1265          4.1496         44.9253 
        2.41762         26.7514          4.0979          44.642 
        2.42989         26.5641         4.04716           44.33 
        2.44216         26.2418         3.99728         44.0294 
         2.4544         25.9771         3.94837         43.7355 
        2.46667         25.6176         3.90015         43.4138 
        2.47897         25.4206         3.85263         43.1296 
        2.49124         25.1933         3.80603         42.8204 
        2.50349         24.8684         3.76027         42.5545 
        2.51578         24.5264         3.71512         42.2652 
        2.52805         24.3645          3.6708         41.9546 
        2.54029         24.1661         3.62731         41.6712 
        2.55257         23.9078         3.58439         41.3854 
        2.56487         23.6919         3.54209         41.1059 
        2.57716         23.4202         3.50053         40.8131 
        2.58942         23.1787         3.45973         40.5694 
        2.60167         22.9472         3.41961         40.2703 
        2.61395          22.736         3.38008         39.9989 
        2.62624         22.5382         3.34111         39.7455 
        2.63849         22.3644         3.30289         39.4746 
        2.65073         22.0897          3.2653          39.192 
        2.66302         21.8095         3.22816         38.9537 
         2.6753         21.6923         3.19162         38.6975 
        2.68756         21.5238         3.15572         38.4596 
        2.69983         21.3321         3.12036          38.175 
        2.71213         21.1375         3.08545         37.9304 
        2.72441         20.9684         3.05115         37.6616 
        2.73665         20.7464         3.01745         37.4142 
         2.7489         20.5412         2.98427         37.1743 
        2.76118         20.4154          2.9515         36.9056 
        2.77349         20.3033         2.91914         36.6883 
        2.78576         20.0751         2.88739         36.4578 
        2.79802         19.8664         2.85613          36.212 
        2.81031         19.7658         2.82526         35.9944 
        2.82259          19.664         2.79485         35.7546 
        2.83483         19.4122         2.76502         35.5064 
         2.8471         19.3579         2.73555         35.2685 
         2.8594           19.19         2.70643         35.0523 
         2.8717          19.009         2.67774         34.8175 
        2.88396         18.8457         2.64958         34.5842 
        2.89619         18.8122         2.62187         34.3728 
        2.90847         18.6663         2.59445         34.1502 
        2.92072         18.5119         2.56747         33.9445 
        2.93299         18.4549         2.54087         33.7346 
        2.94526          18.361         2.51461          33.514 
        2.95753         18.2633         2.48873          33.298 
        2.96982         18.1999         2.46318         33.0925 
        2.98209         18.0472         2.43803         32.8875 
        2.99436         18.0213         2.41322         32.6793 
        3.00666         17.8945          2.3887         32.4668 
        3.01894         17.8351         2.36458         32.2532 
        3.03119         17.6883         2.34082         32.0507 
        3.04345         17.7234         2.31739         31.8589 
        3.05573         17.6346         2.29423         31.6604 
          3.068         17.5632         2.27142         31.4499 
        3.08026         17.5517         2.24893         31.2573 
        3.09254         17.4733         2.22671         31.0703 
        3.10483         17.4378         2.20479         30.8811 
         3.1171         17.4439         2.18319         30.6923 
        3.12933         17.3866         2.16194         30.5017 
        3.14159         17.3213         2.14092          30.307 
