# k  (h/Mpc)    Pcb(k)  (Mpc/h)^3    Pcb_linear(k) (Mpc/h)^3    Pcb_NL(k) (Mpc/h)^3   ShotnoiseSubtracted = false
      0.0156606         9474.19         9497.68            9441 
      0.0273761         8181.23         8214.46         8167.77 
      0.0384619         6210.81          6189.6         6155.81 
      0.0498308         4834.63         4868.94          4837.6 
      0.0625568         4080.57         4138.22         4108.11 
      0.0751274         3587.29         3515.98         3471.34 
      0.0867833          2809.3         2830.81         2819.74 
      0.0984825         2322.21         2240.25         2258.63 
       0.111151         1961.89         1870.59         1890.06 
       0.123864         1761.95         1685.79         1702.15 
       0.135742         1591.95         1515.95         1532.78 
        0.14762         1365.74         1296.22         1338.27 
       0.160083         1137.75         1080.48         1129.31 
       0.172465         1012.38         943.054          1003.8 
       0.184281          933.61         869.385         932.767 
       0.196406          856.73         802.876         855.059 
       0.209011         785.719         714.356         770.613 
       0.221538         707.225         624.281         702.643 
       0.233611         653.965         558.569         646.511 
       0.245665         607.675         515.539         594.697 
       0.258103         567.648         479.923         558.616 
       0.270422         520.962         440.993         519.325 
       0.282519         477.881         400.227         482.456 
       0.294636         471.909         364.651         451.136 
       0.306978          418.95         337.363          427.25 
       0.319417         402.604         315.415         401.627 
        0.33169           377.9         294.407         377.615 
       0.343948          360.41         272.785         360.565 
       0.356249         336.536         252.508         343.825 
       0.368458         325.747         235.524         323.716 
        0.38068         310.588          221.32         308.483 
       0.392856         290.547         208.355         295.365 
       0.405069         278.707         195.677         284.087 
       0.417459         265.963         183.401          269.01 
       0.429752         256.405         172.382         258.565 
       0.441978         247.612         162.711         250.163 
       0.454294         231.288         153.928         238.183 
        0.46658         230.966         145.688         230.881 
       0.478753         219.124         137.914         222.495 
       0.490964         212.169         130.611         214.322 
       0.503334         200.733         123.871         207.682 
       0.515665         197.173         117.725         202.578 
       0.527909         191.283         112.051         194.738 
       0.540159         185.278         106.684         189.093 
        0.55248         180.777          101.59         182.996 
       0.564743         175.541         96.8739          178.61 
        0.57686         169.712         92.5393         172.832 
       0.589077         162.565         88.4476         168.927 
       0.601441         159.477         84.5568         164.628 
        0.61382         157.558         80.8884         160.061 
       0.626067         152.277         77.4652         156.077 
       0.638306         146.055         74.2417         152.633 
       0.650632         141.356         71.1875         147.478 
       0.662899         141.466         68.3254         144.526 
       0.675076         136.425         65.6432         141.136 
       0.687267          133.03         63.1016         137.964 
       0.699615         129.676         60.6628          135.13 
       0.711937         126.156         58.3573         131.905 
       0.724148         124.541         56.1912         130.032 
       0.736433         120.644         54.1243         126.781 
       0.748747         118.036         52.1583         124.101 
       0.761037         115.931         50.2947         121.302 
       0.773197           113.4         48.5415         119.949 
       0.785376         111.436         46.8698         117.019 
       0.797761         109.821          45.251         115.418 
       0.810096         106.281         43.7151         112.942 
       0.822371         103.822         42.2579         110.951 
       0.834626         101.846         40.8699         109.039 
       0.846916         100.773         39.5409         107.273 
       0.859215          98.927         38.2705         105.276 
       0.871383         97.4141         37.0689         103.511 
        0.88363         94.9734          35.912         102.174 
       0.895928         93.1967         34.8004         100.625 
       0.908253          90.789         33.7339         98.7887 
       0.920535         90.3609         32.7159         97.4487 
       0.932774         88.2146         31.7437         95.7147 
        0.94508         87.2599         30.8063          94.261 
       0.957324         85.4694         29.9115         93.0281 
        0.96953         85.5196         29.0552          91.432 
       0.981769         82.6754         28.2304         90.4973 
       0.994071         81.8503         27.4338         89.1644 
         1.0064         80.0247         26.6667         87.8657 
        1.01868         79.2406         25.9314         86.7639 
        1.03092         77.7229         25.2272         85.5873 
         1.0432          76.414         24.5467         84.3741 
        1.05553         74.4257         23.8888         83.6261 
        1.06777         74.2591         23.2598         82.5201 
           1.08         72.7292         22.6543         81.4077 
        1.09227         71.6264         22.0684         80.2486 
         1.1046         70.4759         21.5012         79.2877 
         1.1169         69.6716          20.955         78.1507 
        1.12915         68.7576         20.4305         77.3644 
        1.14142         67.4273         19.9229         76.4167 
        1.15365         66.2034         19.4342         75.5421 
        1.16585         65.3554         18.9633         74.5718 
        1.17807         64.3556         18.5074         73.7724 
        1.19037         64.2624         18.0635         73.0403 
        1.20276         62.9422         17.6313         72.1923 
        1.21504         62.4626         17.2167         71.3205 
        1.22728          61.121         16.8171         70.6014 
        1.23954         60.4877         16.4294         69.7004 
        1.25184         59.4811         16.0532          69.099 
        1.26414         58.5256         15.6886         68.2945 
        1.27632         58.0206         15.3386         67.6856 
         1.2886         57.3539         14.9969         66.8432 
        1.30093         56.5712         14.6645         66.0176 
        1.31316         55.7353         14.3445         65.5815 
        1.32541         55.3921         14.0341         64.8428 
        1.33772         54.4201         13.7311         64.1665 
        1.35005          53.886          13.437         63.5635 
        1.36225         52.9595         13.1544         62.9124 
        1.37447         51.7361         12.8795         62.2565 
        1.38676         51.9007         12.6112         61.6352 
        1.39907         51.0622         12.3501         61.1545 
        1.41133         50.0597         12.0975         60.6452 
        1.42358         49.4828         11.8523         59.9079 
        1.43591          49.105         11.6122          59.431 
        1.44818         48.4503           11.38         58.7336 
        1.46037         47.8731         11.1557         58.3133 
        1.47263         47.3899         10.9361         57.8403 
        1.48494         46.5356         10.7216         57.2243 
        1.49724         46.1219         10.5131         56.6955 
        1.50952         45.7545         10.3105         56.1696 
        1.52178          45.065         10.1136         55.7293 
        1.53409         44.6721         9.92101         55.2368 
        1.54637         43.8502         9.73387          54.704 
        1.55858         43.0697         9.55263         54.1771 
        1.57081         42.9924         9.37575         53.8166 
        1.58313         42.4744         9.20226         53.3669 
        1.59544         41.7793         9.03327         52.8441 
        1.60767         41.2567          8.8696         52.3894 
        1.61994         40.6891         8.70943         51.9681 
        1.63225         40.4178         8.55289         51.4876 
        1.64452         39.9701         8.40064          51.105 
        1.65676         39.4073         8.25257         50.6324 
          1.669         39.0921         8.10797         50.2897 
        1.68133         38.7416         7.96592         49.8004 
        1.69363         38.0777         7.82769         49.4217 
        1.70585         37.8464         7.69363         49.0863 
        1.71809         37.1616         7.56245         48.5872 
        1.73038         36.9606         7.43391         48.2829 
        1.74268         36.3565         7.30828         47.8041 
        1.75493         36.0137         7.18614         47.4537 
        1.76714         35.6047          7.0671         47.0949 
        1.77942         35.3172         6.95016         46.7267 
        1.79173         34.8452         6.83557         46.3235 
        1.80402         34.4498          6.7238         46.0544 
         1.8163          34.139         6.61459         45.5619 
         1.8286         33.6371         6.50763         45.2982 
         1.8409         33.3006         6.40312         44.8818 
        1.85315         32.9524         6.30126         44.6211 
        1.86537         32.5299         6.20182           44.28 
        1.87765         32.3381         6.10416         43.9088 
        1.88995         31.8347         6.00837         43.5072 
        1.90221         31.5837         5.91497         43.1924 
        1.91445         31.0786         5.82371         42.9153 
        1.92674         30.8215         5.73406         42.5531 
        1.93902         30.4875          5.6463         42.2537 
        1.95124         29.9947         5.56084         41.9847 
         1.9635         29.7511         5.47694         41.6382 
        1.97583         29.4486         5.39423         41.3754 
        1.98812         29.1266         5.31355         41.0441 
        2.00039         28.7735         5.23468         40.7341 
        2.01264         28.4313         5.15749         40.4748 
        2.02492         28.1993         5.08174         40.1603 
        2.03717         27.8259         5.00764         39.8556 
        2.04942         27.5623         4.93512         39.5514 
        2.06171         27.2902         4.86379         39.2847 
        2.07397         27.0206         4.79402         38.9879 
        2.08629         26.7091         4.72533         38.7058 
        2.09857         26.4157         4.65815         38.4464 
        2.11081         26.1102         4.59256         38.1602 
        2.12309         25.9079         4.52807         37.8787 
        2.13538         25.4618         4.46473         37.6573 
        2.14763         25.3508         4.40281         37.3666 
        2.15986          25.039         4.34221         37.0824 
        2.17214         24.7772         4.28251         36.8592 
        2.18443         24.5086         4.22387         36.5524 
        2.19671         24.1979          4.1664          36.313 
        2.20898         23.9688         4.11007         36.0418 
        2.22126         23.8578         4.05472          35.792 
        2.23354         23.5587         4.00041         35.5884 
         2.2458         23.3402         3.94719         35.3285 
        2.25807         22.9966         3.89489         35.0599 
        2.27035         22.7619         3.84349         34.8448 
        2.28263         22.5929         3.79305         34.6139 
         2.2949         22.3585         3.74353         34.3753 
        2.30718         22.1597         3.69489         34.1164 
        2.31946         21.9844         3.64709         33.8902 
        2.33169         21.7094         3.60034         33.6632 
        2.34393         21.4786         3.55433         33.4337 
        2.35622         21.2856         3.50899         33.2362 
        2.36847         21.0435         3.46456         32.9767 
        2.38076         20.8923         3.42077         32.7933 
        2.39305         20.6241         3.37774          32.582 
        2.40534         20.4595         3.33546          32.316 
        2.41762         20.2342          3.2939         32.1505 
        2.42989          20.135         3.25312         31.8911 
        2.44216         19.8226         3.21303         31.7104 
         2.4544         19.7601         3.17371          31.493 
        2.46667         19.5291         3.13496         31.2901 
        2.47897         19.2903         3.09676         31.0743 
        2.49124         19.2006          3.0593         30.8751 
        2.50349         18.9349         3.02252          30.673 
        2.51578         18.8009         2.98623         30.4865 
        2.52805         18.6065          2.9506         30.2786 
        2.54029         18.4567         2.91564         30.0802 
        2.55257          18.338         2.88115         29.8776 
        2.56487         18.0947         2.84714         29.6974 
        2.57716         18.0095         2.81374         29.4841 
        2.58942         17.8599         2.78094         29.3223 
        2.60167         17.6376          2.7487         29.1273 
        2.61395           17.51         2.71692         28.9372 
        2.62624         17.4314          2.6856         28.7474 
        2.63849         17.2258         2.65487         28.5836 
        2.65073         17.0445         2.62466         28.3874 
        2.66302          16.914          2.5948         28.2213 
         2.6753         16.8423         2.56544         28.0396 
        2.68756         16.7065         2.53658         27.8805 
        2.69983          16.535         2.50815          27.674 
        2.71213         16.3733          2.4801         27.5001 
        2.72441          16.256         2.45252         27.3248 
        2.73665         16.1505         2.42543         27.1534 
         2.7489         16.0447         2.39877         26.9901 
        2.76118         15.9286         2.37242         26.8169 
        2.77349         15.8129         2.34641         26.6586 
        2.78576         15.6901         2.32089         26.5061 
        2.79802         15.5915         2.29576         26.3279 
        2.81031         15.4916         2.27095         26.1643 
        2.82259         15.3555         2.24651         26.0182 
        2.83483         15.3187         2.22253         25.8514 
         2.8471         15.2275         2.19885         25.6751 
         2.8594         15.0774         2.17544         25.5146 
         2.8717         15.0272         2.15238         25.3646 
        2.88396          14.926         2.12974         25.2057 
        2.89619         14.8798         2.10747         25.0543 
        2.90847         14.7596         2.08543         24.9143 
        2.92072          14.694         2.06374          24.743 
        2.93299         14.6084         2.04236         24.6137 
        2.94526         14.5548         2.02125         24.4711 
        2.95753         14.5266         2.00045         24.3099 
        2.96982         14.4203         1.97991         24.1664 
        2.98209         14.3444          1.9597         24.0269 
        2.99436         14.3204         1.93975         23.8763 
        3.00666         14.2814         1.92005         23.7273 
        3.01894         14.2146         1.90066         23.5957 
        3.03119         14.1871         1.88156         23.4551 
        3.04345         14.1167         1.86273         23.3101 
        3.05573         14.1228         1.84411          23.174 
          3.068         14.0388         1.82577         23.0367 
        3.08026         14.0324          1.8077         22.8906 
        3.09254         13.9451         1.78984         22.7594 
        3.10483         13.9787         1.77222         22.6327 
         3.1171         14.0269         1.75485         22.5013 
        3.12933         13.9719         1.73777         22.3692 
        3.14159         13.9039         1.72088         22.2278 
