# k  (h/Mpc)    Pcb(k)  (Mpc/h)^3    Pcb_linear(k) (Mpc/h)^3    Pcb_NL(k) (Mpc/h)^3   ShotnoiseSubtracted = false
      0.0156606         11540.2           11575         11502.3 
      0.0273761         9950.82         10010.2         9944.47 
      0.0384619         7549.97         7542.38         7491.68 
      0.0498308         5867.55         5932.94         5884.61 
      0.0625568         4953.21         5042.46         4997.14 
      0.0751274         4367.68         4284.21         4218.16 
      0.0867833         3411.82         3449.31         3431.74 
      0.0984825         2832.92         2729.71         2754.39 
       0.111151         2399.03         2279.28         2306.09 
       0.123864         2153.77          2054.1         2076.51 
       0.135742         1948.97         1847.15         1870.14 
        0.14762         1677.26         1579.41         1638.15 
       0.160083         1400.84         1316.53         1385.56 
       0.172465         1247.86         1149.08         1235.49 
       0.184281         1147.57         1059.32         1148.74 
       0.196406         1057.28          978.28         1053.28 
       0.209011         973.651         870.421         950.424 
       0.221538         877.658         760.667         871.531 
       0.233611         817.704         680.599          805.18 
       0.245665         755.453         628.168         740.837 
       0.258103         714.985          584.77         696.672 
       0.270422         650.837         537.336         649.119 
       0.282519         600.185         487.663          605.11 
       0.294636         594.404         444.315         567.595 
       0.306978         530.049         411.066         539.086 
       0.319417         510.748         384.323         507.016 
        0.33169         480.527         358.725         477.198 
       0.343948         457.968         332.379         457.692 
       0.356249         428.933         307.672         437.417 
       0.368458         415.974         286.978         412.884 
        0.38068         398.409         269.671         394.214 
       0.392856         373.712         253.873         377.943 
       0.405069         358.831         238.426         364.894 
       0.417459         343.049         223.468         346.166 
       0.429752         331.668         210.042           333.2 
       0.441978         320.791         198.257         322.904 
       0.454294         300.957         187.556         308.037 
        0.46658         298.905         177.515         299.415 
       0.478753         286.063         168.043         288.834 
       0.490964         276.511         159.146         278.648 
       0.503334         260.968         150.933         270.552 
       0.515665         258.121         143.444         264.283 
       0.527909         250.136         136.531         255.194 
       0.540159         243.033          129.99         247.862 
        0.55248         238.083         123.784         240.392 
       0.564743         232.043         118.037         235.143 
        0.57686         223.791         112.756         227.778 
       0.589077         214.871          107.77         222.825 
       0.601441         211.616          103.03         217.394 
        0.61382         209.323         98.5597         212.067 
       0.626067         203.774         94.3887         207.016 
       0.638306         194.547         90.4609         202.812 
       0.650632         189.389         86.7395         196.343 
       0.662899         189.219         83.2522         192.971 
       0.675076         182.345         79.9839         188.653 
       0.687267         177.669         76.8871         184.515 
       0.699615         174.125         73.9155         180.831 
       0.711937         169.973         71.1063         177.142 
       0.724148         166.883          68.467         174.543 
       0.736433           162.8         65.9486         170.511 
       0.748747         159.224         63.5531         167.031 
       0.761037         156.814         61.2824         163.623 
       0.773197          153.58         59.1461         161.753 
       0.785376         151.728         57.1092         158.094 
       0.797761         148.612         55.1368         156.075 
       0.810096         145.054         53.2653         153.057 
       0.822371         140.525         51.4898          150.48 
       0.834626         138.781         49.7985          147.91 
       0.846916         137.262         48.1792         145.681 
       0.859215         135.471         46.6313         143.267 
       0.871383         132.773         45.1672         140.862 
        0.88363         130.267         43.7576         139.206 
       0.895928         127.726          42.403          137.22 
       0.908253         124.329         41.1036          134.69 
       0.920535         123.755         39.8632         132.979 
       0.932774         120.187         38.6786         130.732 
        0.94508         119.238         37.5364         129.073 
       0.957324         117.801         36.4462          127.24 
        0.96953         117.233         35.4027         125.168 
       0.981769         113.486         34.3977         124.021 
       0.994071         112.724         33.4271         122.245 
         1.0064         110.022         32.4925         120.447 
        1.01868         109.023         31.5965          119.07 
        1.03092         107.075         30.7384         117.594 
         1.0432         105.254         29.9093         116.036 
        1.05553         102.771         29.1076          114.89 
        1.06777          102.62         28.3413         113.557 
           1.08         100.611         27.6035         112.041 
        1.09227         99.1903         26.8896          110.71 
         1.1046         97.4687         26.1984         109.347 
         1.1169          96.342         25.5329         107.852 
        1.12915         94.9946         24.8938         106.728 
        1.14142         93.4077         24.2754         105.396 
        1.15365         91.6125         23.6799         104.218 
        1.16585         90.5449         23.1061         102.966 
        1.17807         89.1303         22.5506         102.059 
        1.19037         88.9815         22.0098          100.99 
        1.20276         87.0336         21.4831         99.7873 
        1.21504         86.4355         20.9779         98.6066 
        1.22728         84.5412         20.4911         97.6122 
        1.23954         83.8987         20.0186         96.5013 
        1.25184         82.2572         19.5602         95.5894 
        1.26414         81.1783          19.116         94.6086 
        1.27632         80.3937         18.6896         93.9459 
         1.2886          79.103         18.2732         92.6017 
        1.30093         78.0097         17.8681         91.5627 
        1.31316         77.1935         17.4783          90.875 
        1.32541         76.4711            17.1         89.9812 
        1.33772         75.2652         16.7309         89.0496 
        1.35005         74.5875         16.3725          88.167 
        1.36225           73.43         16.0282         87.2963 
        1.37447         71.8271         15.6932         86.3664 
        1.38676         71.8882         15.3663         85.4333 
        1.39907         70.5078         15.0481         84.8189 
        1.41133         69.2818         14.7404         84.1579 
        1.42358         68.5179         14.4416         83.1156 
        1.43591         68.0367          14.149         82.3807 
        1.44818         67.0626         13.8662         81.5472 
        1.46037         66.2523         13.5928         80.9215 
        1.47263         65.2671         13.3252          80.265 
        1.48494         64.5527         13.0639         79.4487 
        1.49724         63.5434         12.8098         78.6427 
        1.50952         63.1006          12.563         77.8976 
        1.52178         62.2759          12.323         77.3004 
        1.53409         61.7303         12.0884         76.6333 
        1.54637         60.2705         11.8604         75.8838 
        1.55858         59.6719         11.6395         75.1577 
        1.57081         59.2272          11.424         74.6169 
        1.58313         58.2759         11.2126         73.9999 
        1.59544         57.5227         11.0067         73.2638 
        1.60767         56.9561         10.8073         72.6585 
        1.61994         56.0873         10.6121         72.1303 
        1.63225         55.4187         10.4214          71.341 
        1.64452         54.8275         10.2359         70.8403 
        1.65676         54.0143         10.0555         70.1643 
          1.669         53.6492         9.87928         69.6382 
        1.68133         53.0961          9.7062         68.9964 
        1.69363         52.1777         9.53777          68.511 
        1.70585         51.8845         9.37442         67.9247 
        1.71809         50.8018         9.21458         67.3885 
        1.73038         50.4521         9.05796         66.8079 
        1.74268          49.733         8.90488         66.2432 
        1.75493         49.2221         8.75606          65.689 
        1.76714          48.616         8.61101         65.1352 
        1.77942         48.3312         8.46852         64.6368 
        1.79173         47.4957          8.3289          64.039 
        1.80402         47.0697         8.19271         63.6212 
         1.8163         46.4573         8.05965          63.016 
         1.8286         45.8175         7.92932         62.6466 
         1.8409         45.2674         7.80198         62.0241 
        1.85315         44.7872         7.67786         61.6705 
        1.86537         44.2616          7.5567         61.1479 
        1.87765         43.8549          7.4377         60.5802 
        1.88995         43.2452         7.32099         60.0915 
        1.90221         42.8974         7.20718         59.6231 
        1.91445          42.216         7.09599         59.2307 
        1.92674         41.8123         6.98676         58.7157 
        1.93902         41.3636         6.87982         58.2439 
        1.95124         40.9419         6.77569         57.8752 
         1.9635         40.2952         6.67345         57.3683 
        1.97583         39.9466         6.57268         57.0013 
        1.98812         39.2876         6.47438         56.5056 
        2.00039         39.0504         6.37828         56.0612 
        2.01264         38.4406         6.28422         55.6881 
        2.02492         38.1235         6.19192         55.2678 
        2.03717         37.5761         6.10164         54.8019 
        2.04942         37.1421         6.01327         54.4078 
        2.06171         36.8032         5.92635         53.9487 
        2.07397          36.307         5.84134         53.5997 
        2.08629         35.9211         5.75765         53.1679 
        2.09857         35.5975          5.6758          52.816 
        2.11081         35.0934         5.59587         52.3826 
        2.12309         34.7915         5.51729         51.9847 
        2.13538          34.287         5.44011         51.6515 
        2.14763         33.9858         5.36467         51.2517 
        2.15986         33.7776         5.29083         50.8475 
        2.17214         33.1815         5.21808         50.5506 
        2.18443         32.9149         5.14663         50.0969 
        2.19671         32.4257         5.07661         49.7385 
        2.20898         32.0057         5.00797         49.3636 
        2.22126         31.8709         4.94053         48.9972 
        2.23354         31.4566         4.87436         48.7024 
         2.2458         31.1164         4.80951         48.3228 
        2.25807         30.6129         4.74578         47.9524 
        2.27035          30.317         4.68316         47.6284 
        2.28263         29.9816         4.62169         47.2973 
         2.2949         29.7327         4.56136         46.9624 
        2.30718         29.4163         4.50209         46.6083 
        2.31946         29.1135         4.44384         46.2822 
        2.33169         28.8131         4.38688         45.9403 
        2.34393         28.4268         4.33083         45.5882 
        2.35622         28.1089         4.27558         45.3235 
        2.36847         27.7934         4.22144         44.9534 
        2.38076         27.5549         4.16808         44.6858 
        2.39305         27.2262         4.11566         44.3757 
        2.40534         26.9816         4.06414         44.0001 
        2.41762         26.6069         4.01351         43.7226 
        2.42989         26.4429         3.96381         43.4171 
        2.44216         26.1146         3.91497         43.1227 
         2.4544          25.858         3.86705         42.8348 
        2.46667         25.5192         3.81983         42.5197 
        2.47897         25.3068         3.77329         42.2414 
        2.49124         25.0922         3.72765         41.9386 
        2.50349         24.7729         3.68283         41.6781 
        2.51578         24.4408         3.63862         41.3948 
        2.52805          24.282         3.59521         41.0906 
        2.54029         24.0788         3.55261          40.813 
        2.55257         23.8357         3.51058         40.5331 
        2.56487         23.6093         3.46914         40.2594 
        2.57716         23.3552         3.42844         39.9726 
        2.58942         23.1158         3.38848         39.7339 
        2.60167         22.8975         3.34919          39.441 
        2.61395         22.6817         3.31047         39.1752 
        2.62624         22.5037         3.27231          38.927 
        2.63849         22.3245         3.23487         38.6616 
        2.65073         22.0429         3.19805         38.3849 
        2.66302         21.7753         3.16168         38.1515 
         2.6753         21.6725         3.12589         37.9005 
        2.68756         21.5152         3.09074         37.6676 
        2.69983         21.3142          3.0561         37.3888 
        2.71213          21.114         3.02191         37.1493 
        2.72441         20.9552         2.98831          36.886 
        2.73665         20.7443         2.95531         36.6437 
         2.7489         20.5307         2.92282         36.4088 
        2.76118         20.4099         2.89071         36.1455 
        2.77349         20.3028         2.85902         35.9328 
        2.78576           20.06         2.82792          35.707 
        2.79802          19.879         2.79731         35.4662 
        2.81031         19.7735         2.76707         35.2532 
        2.82259         19.6755          2.7373         35.0183 
        2.83483         19.4221         2.70807         34.7752 
         2.8471         19.3735         2.67922         34.5422 
         2.8594         19.2119          2.6507         34.3304 
         2.8717         19.0403          2.6226         34.1005 
        2.88396           18.87         2.59501          33.872 
        2.89619         18.8406         2.56788         33.6649 
        2.90847         18.6998         2.54102         33.4469 
        2.92072         18.5506          2.5146         33.2455 
        2.93299         18.4899         2.48854         33.0398 
        2.94526         18.4044         2.46282         32.8238 
        2.95753         18.3152         2.43748         32.6123 
        2.96982         18.2418         2.41245          32.411 
        2.98209         18.0967         2.38782         32.2102 
        2.99436         18.0631         2.36352         32.0063 
        3.00666         17.9417         2.33951         31.7982 
        3.01894         17.8868         2.31588          31.589 
        3.03119         17.7366         2.29262         31.3907 
        3.04345         17.7808         2.26967         31.2028 
        3.05573         17.7004         2.24698         31.0084 
          3.068         17.6163         2.22464         30.8022 
        3.08026          17.606         2.20262         30.6136 
        3.09254         17.5316         2.18086         30.4305 
        3.10483         17.4988         2.15938         30.2452 
         3.1171          17.517         2.13823         30.0602 
        3.12933         17.4537         2.11741         29.8735 
        3.14159         17.3826         2.09683         29.6829 
