# k  (h/Mpc)    P(k)  (Mpc/h)^3    P_linear(k)  (Mpc/h)^3     P_NL(k)  ShotnoiseSubtracted = false
      0.0156606         9630.48          9589.6         9532.38 
      0.0273761         8302.04         8280.67         8233.61 
      0.0384619         6296.94         6234.55         6200.51 
      0.0498308         4898.49         4901.99         4870.44 
      0.0625568         4133.08         4164.99         4134.68 
      0.0751274         3633.74         3538.02          3493.1 
      0.0867833         2844.56          2848.2         2837.06 
      0.0984825         2352.08         2253.82         2272.31 
       0.111151         1987.39         1881.79         1901.37 
       0.123864         1784.63         1695.79         1712.25 
       0.135742         1612.61         1524.89         1541.82 
        0.14762         1383.82         1303.83         1346.12 
       0.160083         1152.98         1086.79         1135.91 
       0.172465         1026.03         948.546         1009.64 
       0.184281         945.909         874.436         938.186 
       0.196406         868.282          807.53         860.016 
       0.209011         796.598         718.488         775.071 
       0.221538         717.112         627.885         706.699 
       0.233611         663.569          561.79         650.239 
       0.245665         616.246         518.508         598.122 
       0.258103         576.376         482.684         561.831 
       0.270422           528.5         443.529         522.311 
       0.282519         485.017         402.525         485.227 
       0.294636         479.124         366.744         453.725 
       0.306978          425.52         339.299         429.701 
       0.319417         408.985         317.224          403.93 
        0.33169         383.979         296.094         379.779 
       0.343948         366.167         274.347          362.63 
       0.356249         342.001         253.954         345.794 
       0.368458         331.106         236.871         325.569 
        0.38068         315.811         222.588         310.251 
       0.392856         295.502         209.547         297.056 
       0.405069         283.492         196.796         285.712 
       0.417459         270.566         184.451         270.549 
       0.429752         260.889         173.369         260.044 
       0.441978         251.995         163.641         251.594 
       0.454294         235.453         154.808         239.544 
        0.46658         235.018          146.52         232.201 
       0.478753         223.147         138.702         223.766 
       0.490964          216.02         131.357         215.546 
       0.503334         204.296         124.579         208.869 
       0.515665         200.822         118.398         203.735 
       0.527909         194.807         112.691          195.85 
       0.540159         188.733         107.292         190.172 
        0.55248         184.253          102.17          184.04 
       0.564743         178.941         97.4269          179.63 
        0.57686         172.953         93.0675         173.818 
       0.589077         165.703         88.9524         169.891 
       0.601441         162.599         85.0394         165.568 
        0.61382         160.693           81.35         160.975 
       0.626067         155.402         77.9073         156.967 
       0.638306         148.959         74.6653         153.504 
       0.650632         144.234         71.5936         148.319 
       0.662899         144.343         68.7152          145.35 
       0.675076         139.188         66.0177         141.942 
       0.687267         135.697         63.4615         138.751 
       0.699615         132.348         61.0088           135.9 
       0.711937         128.781         58.6901         132.657 
       0.724148         127.064         56.5117         130.774 
       0.736433         123.191          54.433         127.504 
       0.748747         120.496         52.4558         124.809 
       0.761037         118.387         50.5815         121.994 
       0.773197         115.801         48.8183         120.633 
       0.785376         113.862         47.1371         117.686 
       0.797761         112.134          45.509         116.077 
       0.810096         108.587         43.9643         113.586 
       0.822371         105.992         42.4989         111.583 
       0.834626         104.023         41.1029         109.661 
       0.846916         102.943         39.7663         107.884 
       0.859215         101.095         38.4887         105.876 
       0.871383         99.5091         37.2803         104.101 
        0.88363         97.0571         36.1168         102.757 
       0.895928         95.2399         34.9987         101.198 
       0.908253         92.7639         33.9262         99.3518 
       0.920535         92.3172         32.9024         98.0041 
       0.932774         90.0795         31.9247         96.2603 
        0.94508         89.1263         30.9819         94.7982 
       0.957324         87.3567          30.082         93.5583 
        0.96953         87.3751         29.2208         91.9531 
       0.981769         84.4724         28.3912          91.013 
       0.994071         83.6449         27.5901         89.6726 
         1.0064         81.7664         26.8187         88.3664 
        1.01868         80.9858         26.0792         87.2583 
        1.03092         79.4189         25.3709          86.075 
         1.0432         78.0805         24.6866         84.8549 
        1.05553         76.0463         24.0249         84.1027 
        1.06777         75.8945         23.3924         82.9903 
           1.08         74.3435         22.7834         81.8716 
        1.09227         73.1996         22.1942         80.7059 
         1.1046         72.0083         21.6237         79.7396 
         1.1169         71.1808         21.0744          78.596 
        1.12915         70.2543         20.5469         77.8053 
        1.14142          68.897         20.0365         76.8521 
        1.15365         67.6196          19.545         75.9727 
        1.16585         66.7662         19.0713         74.9967 
        1.17807         65.7457         18.6128         74.1928 
        1.19037         65.6493         18.1665         73.4566 
        1.20276         64.2801         17.7318         72.6037 
        1.21504         63.8048         17.3148          71.727 
        1.22728         62.4224          16.913         71.0038 
        1.23954         61.7897          16.523         70.0976 
        1.25184         60.7434         16.1446         69.4928 
        1.26414         59.7651          15.778         68.6837 
        1.27632         59.2373          15.426         68.0713 
         1.2886         58.5307         15.0824         67.2241 
        1.30093         57.7377          14.748         66.3938 
        1.31316         56.8998         14.4262         65.9552 
        1.32541         56.5323          14.114         65.2123 
        1.33772          55.549         13.8094         64.5321 
        1.35005         55.0085         13.5135         63.9257 
        1.36225         54.0619         13.2294         63.2708 
        1.37447         52.8149         12.9529         62.6113 
        1.38676          52.964          12.683         61.9864 
        1.39907         52.0965         12.4204         61.5029 
        1.41133         51.0827         12.1665         60.9907 
        1.42358         50.4852         11.9198         60.2492 
        1.43591         50.1066         11.6783         59.7697 
        1.44818         49.4201         11.4449         59.0683 
        1.46037         48.8415         11.2192         58.6455 
        1.47263         48.3133         10.9984         58.1698 
        1.48494         47.4695         10.7827         57.5503 
        1.49724         47.0086          10.573         57.0186 
        1.50952         46.6558         10.3692         56.4896 
        1.52178         45.9548         10.1712         56.0468 
        1.53409         45.5428         9.97753         55.5515 
        1.54637          44.673         9.78933         55.0157 
        1.55858         43.9148         9.60705         54.4858 
        1.57081         43.8029         9.42917         54.1232 
        1.58313         43.2571         9.25469         53.6709 
        1.59544         42.5593         9.08473         53.1452 
        1.60767         42.0303         8.92013         52.6879 
        1.61994         41.4348         8.75905         52.2641 
        1.63225         41.1456         8.60162         51.7809 
        1.64452         40.6908          8.4485         51.3961 
        1.65676         40.1055         8.29959         50.9208 
          1.669         39.7902         8.15416         50.5762 
        1.68133         39.4295          8.0113         50.0841 
        1.69363         38.7527         7.87229         49.7033 
        1.70585          38.517         7.73746          49.366 
        1.71809         37.8088         7.60553          48.864 
        1.73038         37.6018         7.47626         48.5579 
        1.74268         36.9775         7.34992         48.0764 
        1.75493         36.6279         7.22708          47.724 
        1.76714         36.1929         7.10736         47.3632 
        1.77942         35.9177         6.98975         46.9929 
        1.79173         35.4251         6.87451         46.5874 
        1.80402         35.0238          6.7621         46.3167 
         1.8163         34.6882         6.65227         45.8215 
         1.8286         34.1904          6.5447         45.5562 
         1.8409         33.8331          6.4396         45.1374 
        1.85315         33.4835         6.33716         44.8753 
        1.86537         33.0532         6.23715         44.5323 
        1.87765         32.8428         6.13893          44.159 
        1.88995         32.3282          6.0426         43.7551 
        1.90221         32.0795         5.94867         43.4385 
        1.91445         31.5545         5.85689         43.1598 
        1.92674         31.2965         5.76673         42.7955 
        1.93902         30.9597         5.67847         42.4944 
        1.95124         30.4679         5.59252         42.2239 
         1.9635         30.1978         5.50814         41.8754 
        1.97583         29.8913         5.42496         41.6111 
        1.98812         29.5441         5.34382         41.2779 
        2.00039         29.1905          5.2645         40.9661 
        2.01264         28.8352         5.18687         40.7054 
        2.02492         28.5961         5.11069         40.3891 
        2.03717         28.2237         5.03617         40.0827 
        2.04942           27.95         4.96323         39.7767 
        2.06171         27.6597         4.89149         39.5085 
        2.07397         27.3883         4.82133           39.21 
        2.08629         27.0641         4.75225         38.9263 
        2.09857          26.772         4.68469         38.6655 
        2.11081          26.454         4.61872         38.3776 
        2.12309         26.2476         4.55387         38.0945 
        2.13538         25.7856         4.49016         37.8718 
        2.14763         25.6701         4.42789         37.5794 
        2.15986         25.3622         4.36695         37.2937 
        2.17214         25.0858          4.3069         37.0691 
        2.18443         24.8074         4.24793         36.7606 
        2.19671         24.4902         4.19013         36.5199 
        2.20898         24.2471         4.13348         36.2472 
        2.22126         24.1421         4.07782         35.9959 
        2.23354         23.8275          4.0232         35.7911 
         2.2458         23.5946         3.96967         35.5297 
        2.25807         23.2512         3.91708         35.2596 
        2.27035         23.0095         3.86538         35.0433 
        2.28263         22.8337         3.81465         34.8111 
         2.2949         22.5933         3.76486         34.5711 
        2.30718         22.3937         3.71594         34.3107 
        2.31946          22.208         3.66786         34.0832 
        2.33169         21.9283         3.62085         33.8549 
        2.34393         21.6873         3.57458         33.6242 
        2.35622         21.4892         3.52898         33.4256 
        2.36847         21.2485         3.48429         33.1646 
        2.38076         21.0925         3.44025         32.9801 
        2.39305         20.8069         3.39699         32.7676 
        2.40534         20.6464         3.35446         32.5001 
        2.41762         20.4124         3.31267         32.3337 
        2.42989         20.3167         3.27165         32.0728 
        2.44216         19.9959         3.23133          31.891 
         2.4544         19.9152         3.19179         31.6724 
        2.46667         19.6906         3.15282         31.4684 
        2.47897         19.4461          3.1144         31.2514 
        2.49124         19.3492         3.07673          31.051 
        2.50349         19.0845         3.03974         30.8477 
        2.51578         18.9364         3.00324         30.6602 
        2.52805         18.7442         2.96741         30.4511 
        2.54029         18.5926         2.93225         30.2515 
        2.55257         18.4671         2.89756         30.0478 
        2.56487         18.2163         2.86336         29.8666 
        2.57716         18.1342         2.82976          29.652 
        2.58942         17.9705         2.79678         29.4893 
        2.60167         17.7564         2.76436         29.2933 
        2.61395         17.6166          2.7324         29.1021 
        2.62624         17.5399          2.7009         28.9111 
        2.63849         17.3326         2.66999         28.7464 
        2.65073         17.1418         2.63961         28.5491 
        2.66302         17.0009         2.60959          28.382 
         2.6753         16.9297         2.58005         28.1993 
        2.68756         16.8033         2.55103         28.0393 
        2.69983         16.6227         2.52244         27.8316 
        2.71213         16.4545         2.49423         27.6567 
        2.72441         16.3377         2.46649         27.4805 
        2.73665         16.2317         2.43925         27.3081 
         2.7489         16.1074         2.41243         27.1439 
        2.76118         16.0023         2.38594         26.9697 
        2.77349         15.8838         2.35978         26.8105 
        2.78576         15.7511         2.33411         26.6571 
        2.79802          15.648         2.30884         26.4779 
        2.81031          15.547         2.28389         26.3133 
        2.82259         15.4219         2.25931         26.1664 
        2.83483          15.366         2.23519         25.9987 
         2.8471          15.279         2.21137         25.8214 
         2.8594         15.1288         2.18783           25.66 
         2.8717         15.0742         2.16464         25.5091 
        2.88396         14.9671         2.14187         25.3493 
        2.89619         14.9163         2.11947          25.197 
        2.90847         14.8036         2.09731         25.0562 
        2.92072         14.7233          2.0755          24.884 
        2.93299         14.6459         2.05399          24.754 
        2.94526         14.5938         2.03277         24.6105 
        2.95753         14.5594         2.01185         24.4484 
        2.96982         14.4484         1.99119          24.304 
        2.98209         14.3688         1.97086         24.1638 
        2.99436         14.3475          1.9508         24.0124 
        3.00666         14.3002         1.93099         23.8625 
        3.01894         14.2365         1.91149         23.7301 
        3.03119         14.2005         1.89228         23.5887 
        3.04345         14.1405         1.87334         23.4429 
        3.05573         14.1449         1.85462         23.3061 
          3.068         14.0528         1.83617          23.168 
        3.08026         14.0446           1.818         23.0211 
        3.09254         13.9589         1.80004         22.8891 
        3.10483         13.9884         1.78231         22.7617 
         3.1171         14.0407         1.76485         22.6295 
        3.12933         13.9815         1.74767         22.4967 
        3.14159         13.9068         1.73069         22.3544 
