# k  (h/Mpc)    Pcb(k)  (Mpc/h)^3    Pcb_linear(k) (Mpc/h)^3    Pcb_NL(k) (Mpc/h)^3   ShotnoiseSubtracted = false
      0.0156606         13570.5         13618.4         13528.4 
      0.0273761         11685.9         11776.5         11688.6 
      0.0384619         8861.19         8872.91         8801.92 
      0.0498308         6876.62         6979.42         6910.45 
      0.0625568          5806.1         5931.79          5868.2 
      0.0751274         5132.98         5039.77         4948.19 
      0.0867833         4001.08          4057.6         4031.96 
      0.0984825          3335.7         3211.09         3242.51 
       0.111151         2831.19         2681.22         2716.31 
       0.123864          2540.8         2416.32         2445.43 
       0.135742         2302.68         2172.88         2202.61 
        0.14762         1987.35         1857.92         1935.28 
       0.160083         1664.78         1548.69         1640.66 
       0.172465         1484.07         1351.71         1467.45 
       0.184281         1360.73         1246.12         1364.94 
       0.196406         1259.24         1150.79         1252.27 
       0.209011            1164         1023.91         1131.17 
       0.221538         1050.02         894.799         1042.42 
       0.233611         985.072         800.612         966.642 
       0.245665         905.236         738.935         889.831 
       0.258103         866.987         687.885         837.621 
       0.270422          783.82         632.087         782.055 
       0.282519          726.79         573.654         731.546 
       0.294636         720.225         522.663         688.038 
       0.306978         645.369         483.551         655.082 
       0.319417          623.77         452.092         616.429 
        0.33169         587.663          421.98         580.825 
       0.343948         560.088         390.989         559.068 
       0.356249         525.897         361.925         535.385 
       0.368458         510.251         337.581         506.609 
        0.38068          491.19         317.223         484.572 
       0.392856           462.1         298.639         465.166 
       0.405069         443.227         280.468         450.203 
       0.417459         424.509         262.873         428.312 
       0.429752          412.13         247.079         412.638 
       0.441978         398.726         233.217         400.441 
       0.454294          375.88         220.628          382.63 
        0.46658         370.876         208.817         372.759 
       0.478753         357.619         197.674         359.962 
       0.490964         345.098         187.208         347.756 
       0.503334          325.78         177.547         338.185 
       0.515665         323.805         168.738         330.676 
       0.527909         313.015         160.606         320.479 
       0.540159         304.844         152.912         311.353 
        0.55248         298.922         145.611         302.484 
       0.564743         292.924         138.851           296.4 
        0.57686         281.921         132.638          287.47 
       0.589077         271.388         126.774         281.218 
       0.601441         268.192         121.197         274.602 
        0.61382         264.562         115.939         268.673 
       0.626067         259.052         111.032         262.557 
       0.638306         247.205         106.412         257.471 
       0.650632         241.939         102.034         249.673 
       0.662899         240.846         97.9321         246.043 
       0.675076         231.799         94.0876         240.893 
       0.687267         225.982         90.4447         235.504 
       0.699615         222.131         86.9491         231.109 
       0.711937         217.782         83.6446         226.804 
       0.724148          212.52         80.5399         223.401 
       0.736433         207.912         77.5774         218.566 
       0.748747         203.829         74.7595         214.265 
       0.761037         200.647         72.0884          210.38 
       0.773197         197.187         69.5754           207.8 
       0.785376         194.914         67.1794         203.551 
       0.797761         190.366         64.8591          200.84 
       0.810096         187.121         62.6577         197.459 
       0.822371          180.33         60.5691          194.17 
       0.834626         179.255         58.5796         191.013 
       0.846916         176.457         56.6747         188.228 
       0.859215         175.353         54.8539         185.366 
       0.871383         171.073         53.1316         182.326 
        0.88363         168.887         51.4734         180.354 
       0.895928         165.235           49.88         177.686 
       0.908253         160.739         48.3514         174.552 
       0.920535         160.198         46.8924         172.264 
       0.932774          154.96         45.4989         169.664 
        0.94508         153.797         44.1553          167.78 
       0.957324         153.051         42.8727         165.247 
        0.96953         151.415         41.6453          162.69 
       0.981769         146.735         40.4631         161.242 
       0.994071         146.049         39.3214         159.045 
         1.0064         142.488         38.2219         156.632 
        1.01868          140.85         37.1679         154.921 
        1.03092         138.624         36.1586         153.139 
         1.0432         136.053         35.1832         151.177 
        1.05553         133.489         34.2402         149.518 
        1.06777          133.28         33.3388         147.941 
           1.08         130.329         32.4708         145.957 
        1.09227         128.892         31.6311          144.48 
         1.1046         126.712          30.818         142.725 
         1.1169         125.181         30.0351         140.801 
        1.12915         123.184         29.2834         139.358 
        1.14142         121.326         28.5559         137.568 
        1.15365         119.477         27.8554         136.102 
        1.16585         117.887         27.1804         134.388 
        1.17807         116.088          26.527         133.394 
        1.19037         115.715         25.8908          131.97 
        1.20276         113.217         25.2713         130.369 
        1.21504         112.136          24.677         128.923 
        1.22728         109.852         24.1043         127.471 
        1.23954         109.117         23.5485         126.255 
        1.25184           106.8         23.0093         124.912 
        1.26414         105.555         22.4867         123.638 
        1.27632         104.765         21.9851         122.975 
         1.2886         102.858         21.4954         121.147 
        1.30093         100.832         21.0188         119.848 
        1.31316         100.341         20.5602         118.725 
        1.32541         99.0016         20.1153         117.748 
        1.33772         97.7834         19.6811         116.505 
        1.35005         96.6975         19.2594         115.256 
        1.36225         95.4237         18.8545         114.204 
        1.37447         93.4627         18.4604          112.97 
        1.38676         93.2324         18.0758         111.744 
        1.39907         91.1647         17.7016         110.863 
        1.41133         89.8666         17.3396         109.976 
        1.42358         88.8451         16.9881         108.784 
        1.43591         88.2531         16.6439         107.647 
        1.44818         87.1632         16.3112         106.726 
        1.46037          85.733         15.9896         105.736 
        1.47263         84.3594         15.6749         104.914 
        1.48494         83.8249         15.3675         103.833 
        1.49724         82.3763         15.0686         102.731 
        1.50952         81.3319         14.7782         101.826 
        1.52178         80.4447          14.496         100.967 
        1.53409         79.7589           14.22         100.081 
        1.54637         77.8685         13.9517         99.1404 
        1.55858         77.1749          13.692          98.211 
        1.57081         76.2289         13.4384         97.3937 
        1.58313         75.1718         13.1898         96.5392 
        1.59544         74.3728         12.9475         95.6419 
        1.60767         73.4176          12.713         94.7876 
        1.61994         72.4745         12.4834          94.169 
        1.63225         71.3805          12.259         93.0496 
        1.64452         70.5579         12.0408         92.3591 
        1.65676         69.5052         11.8286         91.5329 
          1.669         69.0391         11.6213         90.7946 
        1.68133         68.2737         11.4177         89.9548 
        1.69363         67.2285         11.2196         89.2879 
        1.70585         66.6177         11.0274         88.4518 
        1.71809         65.3004         10.8394         87.8242 
        1.73038          64.618         10.6552         86.9572 
        1.74268         63.7233         10.4751         86.2765 
        1.75493         63.1583            10.3         85.5025 
        1.76714         62.2269         10.1294         84.7799 
        1.77942          61.892         9.96179         84.0737 
        1.79173         60.8055         9.79754          83.328 
        1.80402         60.1568         9.63734         82.7278 
         1.8163          59.446         9.48081         81.9187 
         1.8286         58.5571          9.3275         81.3885 
         1.8409          57.683         9.17771         80.6357 
        1.85315         56.9708         9.03171         80.1052 
        1.86537         56.4201         8.88918         79.3794 
        1.87765         55.7243          8.7492         78.6184 
        1.88995         55.0475          8.6119         78.0514 
        1.90221         54.5696         8.47803         77.4056 
        1.91445         53.6541         8.34723         76.8311 
        1.92674         53.1544         8.21874          76.196 
        1.93902         52.5005         8.09294         75.5309 
        1.95124         52.0936         7.97046         75.0452 
         1.9635         51.1131         7.85019         74.3255 
        1.97583         50.6227         7.73165         73.8391 
        1.98812         49.9265         7.61601         73.1803 
        2.00039         49.4423         7.50297         72.6022 
        2.01264         48.6747         7.39232         72.0433 
        2.02492         48.1659         7.28375         71.5031 
        2.03717         47.5209         7.17755          70.871 
        2.04942         46.9251         7.07359         70.3905 
        2.06171         46.3709         6.97135         69.7639 
        2.07397         45.7379         6.87135         69.2929 
        2.08629         45.2464          6.7729         68.6863 
        2.09857         44.8932         6.67662         68.2143 
        2.11081         44.0054          6.5826         67.6206 
        2.12309         43.6573         6.49016         67.1273 
        2.13538         43.1422         6.39938         66.6212 
        2.14763         42.7385         6.31063         66.1155 
        2.15986         42.3674         6.22377         65.5895 
        2.17214         41.6073         6.13819         65.1628 
        2.18443         41.4214         6.05415         64.6076 
        2.19671         40.6576         5.97177         64.0856 
        2.20898         40.2568         5.89104          63.599 
        2.22126           39.84          5.8117         63.1074 
        2.23354         39.3088         5.73386         62.6911 
         2.2458         38.9839         5.65757         62.2115 
        2.25807         38.4551         5.58261         61.7038 
        2.27035          38.001         5.50894         61.2535 
        2.28263         37.5219         5.43664         60.7958 
         2.2949         37.0223         5.36567         60.3583 
        2.30718         36.7198         5.29595         59.9187 
        2.31946         36.2189         5.22743         59.4911 
        2.33169         35.8814         5.16043         59.0243 
        2.34393         35.3309         5.09449         58.5748 
        2.35622          35.015         5.02949         58.1612 
        2.36847         34.5753         4.96581         57.7179 
        2.38076         34.3643         4.90305         57.3234 
        2.39305         33.9347         4.84138         56.9072 
        2.40534         33.5641         4.78077         56.4234 
        2.41762         33.1672         4.72121         56.0205 
        2.42989          32.713         4.66276         55.6588 
        2.44216         32.4708          4.6053         55.2372 
         2.4544         32.1659         4.54894         54.8546 
        2.46667         31.6009         4.49339         54.4192 
        2.47897          31.389         4.43864         54.0515 
        2.49124         31.0198         4.38495          53.654 
        2.50349         30.6604         4.33223         53.2976 
        2.51578         30.3006         4.28022         52.9246 
        2.52805         30.0946         4.22915         52.5199 
        2.54029         29.8513         4.17904         52.1574 
        2.55257         29.4577          4.1296         51.7972 
        2.56487         29.1785         4.08086         51.4308 
        2.57716         28.8997         4.03298         51.0896 
        2.58942         28.5137         3.98597         50.7208 
        2.60167          28.191         3.93976         50.3273 
        2.61395         27.9538         3.89421         49.9952 
        2.62624         27.6879         3.84932         49.6519 
        2.63849         27.4661         3.80527         49.3028 
        2.65073         27.1495         3.76197         48.9375 
        2.66302         26.8249         3.71918         48.6256 
         2.6753         26.5843         3.67709         48.2855 
        2.68756         26.2968         3.63573         47.9497 
        2.69983         26.1098         3.59498         47.6201 
        2.71213         25.7552         3.55477         47.3057 
        2.72441         25.6484         3.51525         46.9566 
        2.73665         25.3709         3.47642         46.6393 
         2.7489         25.1902          3.4382         46.3282 
        2.76118         24.9503         3.40044         45.9896 
        2.77349         24.7424         3.36315         45.7033 
        2.78576         24.5656         3.32658         45.3838 
        2.79802         24.2372         3.29056         45.0747 
        2.81031         24.0828         3.25499         44.7869 
        2.82259         23.9043         3.21997         44.4686 
        2.83483           23.65         3.18559         44.1642 
         2.8471         23.5629         3.15165         43.8733 
         2.8594         23.2968          3.1181         43.5954 
         2.8717         23.0721         3.08505         43.2934 
        2.88396         22.9805          3.0526         42.9904 
        2.89619          22.845         3.02067           42.71 
        2.90847         22.6628         2.98908         42.4227 
        2.92072         22.4969           2.958         42.1587 
        2.93299         22.4168         2.92735         41.8689 
        2.94526          22.262          2.8971         41.5992 
        2.95753         22.0716         2.86728         41.3396 
        2.96982         22.0564         2.83784         41.0638 
        2.98209         21.8435         2.80887         40.7965 
        2.99436         21.7568         2.78028         40.5323 
        3.00666         21.6105         2.75204         40.2655 
        3.01894         21.5633         2.72425         39.9897 
        3.03119         21.3827         2.69688         39.7244 
        3.04345         21.2929         2.66988         39.4768 
        3.05573         21.2184          2.6432         39.2288 
          3.068         21.1908         2.61691         38.9673 
        3.08026         21.1839         2.59101         38.7139 
        3.09254         21.0467         2.56541         38.4757 
        3.10483         21.0366         2.54015         38.2354 
         3.1171         20.9577         2.51526         37.9888 
        3.12933         20.9364         2.49078         37.7459 
        3.14159         20.9281         2.46657          37.501 
