# k  (h/Mpc)    Pcb(k)  (Mpc/h)^3    Pcb_linear(k) (Mpc/h)^3    Pcb_NL(k) (Mpc/h)^3   ShotnoiseSubtracted = false
      0.0156606         22365.4         22492.1           22312 
      0.0273761         19162.7         19445.4         19227.8 
      0.0384619         14487.5         14649.3         14455.3 
      0.0498308         11185.8         11522.3         11326.8 
      0.0625568         9452.78         9792.33         9618.78 
      0.0751274         8424.61         8319.52         8076.09 
      0.0867833         6523.57         6698.07         6622.41 
      0.0984825         5521.24         5300.62         5366.85 
       0.111151          4727.5          4425.9         4509.27 
       0.123864         4235.38         3988.61         4055.95 
       0.135742         3864.48         3586.74         3654.15 
        0.14762         3367.23         3066.83         3245.19 
       0.160083         2866.46         2556.38         2777.01 
       0.172465         2556.78         2231.22         2512.32 
       0.184281         2315.53         2056.92          2338.3 
       0.196406         2189.31         1899.56         2155.02 
       0.209011         2051.41         1690.12         1954.41 
       0.221538         1846.75            1477         1827.13 
       0.233611         1773.92         1321.53         1714.14 
       0.245665         1607.17         1219.72         1583.95 
       0.258103         1595.21         1135.46         1496.25 
       0.270422         1423.33         1043.35         1406.75 
       0.282519         1346.71           946.9         1333.72 
       0.294636         1321.08         862.731         1264.36 
       0.306978         1209.48          798.17         1212.58 
       0.319417         1187.84         746.243         1143.61 
        0.33169         1116.43         696.538         1083.93 
       0.343948         1073.07         645.382         1051.13 
       0.356249         1018.79         597.408         1012.86 
       0.368458         977.656         557.225         969.111 
        0.38068         963.961         523.621         932.958 
       0.392856           916.4         492.946         901.171 
       0.405069         868.934         462.951         871.804 
       0.417459         836.215         433.909         842.358 
       0.429752         834.154         407.838         813.163 
       0.441978         805.062         384.956         792.993 
       0.454294         770.668         364.177         761.179 
        0.46658         749.116         344.681         745.923 
       0.478753         735.738         326.289           723.8 
       0.490964         707.912         309.013         702.003 
       0.503334         678.369         293.066         686.871 
       0.515665         675.882         278.525         671.366 
       0.527909         647.928         265.102         657.797 
       0.540159         632.819         252.402         641.585 
        0.55248         620.311         240.351         625.164 
       0.564743         615.399         229.193         614.643 
        0.57686         595.674         218.938         598.697 
       0.589077         585.967         209.257          585.72 
       0.601441         572.064         200.052         574.573 
        0.61382         556.146         191.373         564.541 
       0.626067         550.814         183.274         554.302 
       0.638306         531.008         175.647         543.059 
       0.650632         526.304         168.422         530.527 
       0.662899         522.307          161.65         524.063 
       0.675076         505.999         155.304         517.153 
       0.687267          491.66         149.291         505.034 
       0.699615         490.659         143.521         497.091 
       0.711937         480.443         138.067         487.724 
       0.724148         465.178         132.942         481.373 
       0.736433         454.515         128.052         472.964 
       0.748747             449         123.401         464.719 
       0.761037         441.305         118.992         459.216 
       0.773197         434.702         114.844         451.586 
       0.785376         429.542         110.889         445.172 
       0.797761         416.881         107.059         438.711 
       0.810096         412.342         103.425         433.129 
       0.822371         401.833         99.9775         426.154 
       0.834626         398.019         96.6935          421.29 
       0.846916         392.221         93.5492           414.7 
       0.859215         387.609         90.5437         408.637 
       0.871383         379.185         87.7009         403.323 
        0.88363         374.952         84.9638         399.265 
       0.895928         369.862         82.3337         393.094 
       0.908253         360.837         79.8106         386.639 
       0.920535         353.895         77.4022         382.568 
       0.932774         348.891          75.102         376.744 
        0.94508          343.73         72.8842         373.011 
       0.957324         340.286         70.7673         368.057 
        0.96953         336.099         68.7412         363.623 
       0.981769         328.243         66.7898         359.581 
       0.994071          327.13         64.9052         355.233 
         1.0064         321.183         63.0904          350.08 
        1.01868         317.616         61.3507         345.648 
        1.03092         308.373         59.6846         342.644 
         1.0432         305.668         58.0746         338.505 
        1.05553         302.596         56.5181         333.841 
        1.06777         298.629         55.0301         330.067 
           1.08         291.968         53.5974         326.438 
        1.09227          291.44         52.2114         322.524 
         1.1046         285.788         50.8693          319.49 
         1.1169         279.847          49.577         315.265 
        1.12915         276.058         48.3362         312.059 
        1.14142         270.584         47.1354         308.395 
        1.15365         267.797         45.9791         305.164 
        1.16585         263.298         44.8649          301.76 
        1.17807         260.872         43.7863         298.488 
        1.19037         256.443         42.7363         295.967 
        1.20276         253.462         41.7136         292.105 
        1.21504           248.3         40.7327         288.831 
        1.22728         244.809         39.7874         285.696 
        1.23954         243.502           38.87         282.836 
        1.25184         237.987         37.9799         279.856 
        1.26414         233.385         37.1174         277.214 
        1.27632         231.562         36.2894          274.67 
         1.2886          229.56          35.481         271.557 
        1.30093         224.486         34.6944         268.115 
        1.31316         219.869         33.9374         265.556 
        1.32541         218.842          33.203         262.735 
        1.33772          215.01         32.4863         260.357 
        1.35005         212.649         31.7903         257.415 
        1.36225         208.676         31.1218         255.011 
        1.37447         205.491         30.4714         251.922 
        1.38676         203.624         29.8366          250.15 
        1.39907         200.742         29.2189         247.095 
        1.41133         196.966         28.6213         244.514 
        1.42358         194.663         28.0411         242.217 
        1.43591         192.229          27.473          240.05 
        1.44818         188.603         26.9239          237.52 
        1.46037         187.158          26.393          234.97 
        1.47263         183.548         25.8735         232.753 
        1.48494         182.135         25.3661         229.963 
        1.49724          178.99         24.8727         228.522 
        1.50952         175.842         24.3934         225.874 
        1.52178         174.035         23.9275         223.622 
        1.53409         170.994          23.472         221.586 
        1.54637         168.453         23.0292         219.756 
        1.55858         166.678         22.6004         217.417 
        1.57081         163.889         22.1819         215.314 
        1.58313         161.834         21.7715         213.126 
        1.59544         158.897         21.3717         211.228 
        1.60767         157.523         20.9845         209.353 
        1.61994         154.926         20.6055         207.253 
        1.63225         152.517         20.2351         205.151 
        1.64452         150.154         19.8749         203.334 
        1.65676         148.305         19.5246         201.591 
          1.669          146.65         19.1825         199.586 
        1.68133         143.864         18.8464         197.765 
        1.69363         141.416         18.5194          196.12 
        1.70585         139.294         18.2022         194.295 
        1.71809         137.583         17.8919         192.214 
        1.73038         135.927         17.5878         190.613 
        1.74268         134.737         17.2905         188.747 
        1.75493          131.63         17.0016         187.223 
        1.76714         131.088         16.7199         185.587 
        1.77942         128.403         16.4433         183.855 
        1.79173         126.544         16.1722         182.128 
        1.80402         124.919         15.9077         180.507 
         1.8163         122.708         15.6494          179.07 
         1.8286         121.132         15.3963         177.311 
         1.8409         119.736          15.149         175.668 
        1.85315         117.445          14.908         174.228 
        1.86537         116.337         14.6728         172.758 
        1.87765         114.929         14.4417         171.279 
        1.88995         112.847         14.2151         169.641 
        1.90221         111.539         13.9941         168.323 
        1.91445         109.883         13.7782         166.703 
        1.92674         108.195         13.5661         165.233 
        1.93902         106.923         13.3585         163.744 
        1.95124         105.507         13.1563         162.368 
         1.9635         103.773         12.9578         160.955 
        1.97583         102.226         12.7621         159.533 
        1.98812         100.814         12.5712         158.402 
        2.00039         99.7137         12.3847         156.873 
        2.01264         98.5141          12.202         155.583 
        2.02492         97.1798         12.0228         154.155 
        2.03717         95.7376         11.8475         152.949 
        2.04942         94.5649         11.6759         151.639 
        2.06171         92.9204         11.5072         150.291 
        2.07397         91.8586         11.3421         149.151 
        2.08629         90.5079         11.1796         147.847 
        2.09857          89.452         11.0206         146.667 
        2.11081         88.0357         10.8655         145.313 
        2.12309         86.9601         10.7129         144.206 
        2.13538         85.5939          10.563         142.945 
        2.14763         84.4321         10.4165         141.785 
        2.15986         83.5289         10.2732         140.519 
        2.17214         82.3716         10.1319         139.441 
        2.18443         81.3902         9.99318         138.445 
        2.19671         80.3704         9.85721         137.237 
        2.20898         79.3383         9.72394         136.003 
        2.22126         78.1926         9.59299         135.009 
        2.23354          77.274          9.4645         133.932 
         2.2458         75.7836         9.33859         132.799 
        2.25807         75.0793         9.21485          131.74 
        2.27035         73.9962         9.09325         130.669 
        2.28263         73.1201         8.97391         129.676 
         2.2949         71.7302         8.85676         128.651 
        2.30718         70.7869         8.74168         127.594 
        2.31946         70.1854         8.62858         126.504 
        2.33169         69.0808         8.51797         125.557 
        2.34393         68.5433         8.40914         124.676 
        2.35622         67.3458         8.30185         123.609 
        2.36847          66.704         8.19674         122.755 
        2.38076         65.5167         8.09313         121.674 
        2.39305         64.9219         7.99135         120.835 
        2.40534          63.961         7.89131         119.827 
        2.41762          63.284         7.79299         118.873 
        2.42989         62.3153          7.6965          118.01 
        2.44216         61.7434         7.60166         117.024 
         2.4544         60.7939         7.50863         116.181 
        2.46667         59.9754         7.41694         115.294 
        2.47897         59.4043         7.32657          114.34 
        2.49124         58.7264         7.23795         113.489 
        2.50349         57.7634         7.15093          112.65 
        2.51578         57.3584         7.06507         111.883 
        2.52805         56.4898         6.98078         110.949 
        2.54029         55.9413         6.89807         110.105 
        2.55257         55.2113         6.81646         109.343 
        2.56487         54.8719         6.73601         108.528 
        2.57716         54.2548         6.65697         107.718 
        2.58942         53.3689         6.57938         106.926 
        2.60167         52.8066          6.5031          106.15 
        2.61395         52.4482         6.42791         105.345 
        2.62624         51.5642         6.35381          104.51 
        2.63849         51.0332         6.28111         103.784 
        2.65073         50.3621         6.20963         103.022 
        2.66302         49.9467           6.139         102.264 
         2.6753         49.3112         6.06952         101.547 
        2.68756         48.9597         6.00126         100.775 
        2.69983         48.3511           5.934         100.057 
        2.71213         47.8125         5.86762         99.3444 
        2.72441         47.3969         5.80238         98.6136 
        2.73665         46.8743         5.73829         97.9393 
         2.7489         46.3757         5.67521         97.2526 
        2.76118         45.9446         5.61288         96.5264 
        2.77349         45.4654         5.55133         95.8603 
        2.78576         45.0403         5.49096         95.1569 
        2.79802         44.6561         5.43151         94.5487 
        2.81031         44.0665          5.3728         93.8583 
        2.82259         43.6543         5.31499         93.1613 
        2.83483         43.1941         5.25824         92.5554 
         2.8471         42.8071         5.20222         91.8829 
         2.8594         42.3647         5.14684          91.232 
         2.8717         42.0796         5.09228         90.6441 
        2.88396         41.7162         5.03872          90.011 
        2.89619         41.3866         4.98602         89.3419 
        2.90847         40.9898         4.93388         88.6916 
        2.92072         40.6756         4.88258         88.1462 
        2.93299         40.5232         4.83198         87.5612 
        2.94526         40.1137         4.78205         86.9408 
        2.95753         39.8567         4.73284         86.3348 
        2.96982         39.4506         4.68424         85.7631 
        2.98209         39.2979         4.63642          85.187 
        2.99436         38.9871         4.58922         84.5778 
        3.00666         38.8339         4.54261         84.0125 
        3.01894          38.584         4.49673         83.4582 
        3.03119         38.3474         4.45155         82.9225 
        3.04345         38.1075         4.40699         82.3767 
        3.05573         38.0137         4.36295         81.8158 
          3.068         37.7734         4.31956          81.277 
        3.08026         37.5618         4.27681         80.7338 
        3.09254          37.491         4.23455          80.208 
        3.10483         37.4842         4.19285         79.6832 
         3.1171         37.2832         4.15178         79.1496 
        3.12933          37.029         4.11137          78.624 
        3.14159         37.0413          4.0714         78.1001 
