# k  (h/Mpc)    Pcb(k)  (Mpc/h)^3    Pcb_linear(k) (Mpc/h)^3    Pcb_NL(k) (Mpc/h)^3   ShotnoiseSubtracted = false
      0.0156606         2731.69         2733.62         2720.13 
      0.0273761         2373.38         2365.47         2358.83 
      0.0384619         1803.53         1782.77         1780.49 
      0.0498308         1413.69         1402.56         1401.37 
      0.0625568         1192.77         1192.15         1190.02 
      0.0751274         1032.23         1012.94         1008.99 
      0.0867833         818.827         815.569         815.056 
      0.0984825          663.65         645.439         647.997 
       0.111151         555.914         538.944         541.429 
       0.123864         499.366         485.706         487.585 
       0.135742         448.686         436.776         438.636 
        0.14762         381.272         373.469         377.892 
       0.160083         316.604         311.311         316.357 
       0.172465         278.996         271.716         277.774 
       0.184281         258.641         250.491         256.923 
       0.196406         235.903         231.329         236.275 
       0.209011         212.601         205.825         211.441 
       0.221538         188.822         179.872         187.733 
       0.233611          170.19         160.939         169.672 
       0.245665         159.817         148.541         156.307 
       0.258103         144.067         138.279         146.012 
       0.270422         135.234         127.063          134.57 
       0.282519         122.702         115.317         123.335 
       0.294636         116.926         105.066         113.523 
       0.306978         103.471         97.2041         105.943 
       0.319417         98.7155         90.8803         99.3317 
        0.33169         91.7623         84.8271         92.9936 
       0.343948         87.0836         78.5973         86.9016 
       0.356249          79.908         72.7549         81.8481 
       0.368458         76.2294         67.8613         76.2468 
        0.38068         71.4565         63.7689         72.0844 
       0.392856          66.797         60.0332         68.4206 
       0.405069         63.1988         56.3804         64.5247 
       0.417459         59.1443         52.8434         61.0468 
       0.429752         56.6316         49.6685         57.8771 
       0.441978         53.9179         46.8818         55.3974 
       0.454294         50.1703         44.3513         52.4276 
        0.46658         49.7085          41.977         50.0153 
       0.478753         46.2272         39.7371         47.7967 
       0.490964         44.6445         37.6331         45.8227 
       0.503334         42.7683         35.6911         43.6521 
       0.515665          40.613         33.9202         42.1718 
       0.527909         38.8598         32.2854         39.9567 
       0.540159         37.2317         30.7388         38.4182 
        0.55248           34.81         29.2712         36.7945 
       0.564743         34.3334         27.9123         35.5713 
        0.57686         33.1702         26.6634         34.2075 
       0.589077          31.232         25.4844         33.0917 
       0.601441         30.1282         24.3634         31.8808 
        0.61382          29.073         23.3064         30.6151 
       0.626067         27.8987         22.3201          29.661 
       0.638306         26.9685         21.3913         28.5695 
       0.650632         26.2207         20.5113         27.6534 
       0.662899         25.0932         19.6866         26.6884 
       0.675076         23.9447         18.9138         25.8309 
       0.687267         23.5827         18.1815         24.9835 
       0.699615         22.7743         17.4788         24.2805 
       0.711937         21.6205         16.8145         23.4846 
       0.724148         21.4989         16.1904         22.8794 
       0.736433         20.2502         15.5949          22.145 
       0.748747         19.8754         15.0284         21.5331 
       0.761037         19.3778         14.4915         20.9637 
       0.773197         18.6911         13.9863         20.4163 
       0.785376         17.9839         13.5046         19.8607 
       0.797761         17.5819         13.0382         19.3241 
       0.810096         17.1691         12.5957         18.8554 
       0.822371         16.6932         12.1758         18.3006 
       0.834626         16.1623         11.7759         17.9027 
       0.846916         15.6633         11.3929         17.4349 
       0.859215         15.0933         11.0269         17.0227 
       0.871383          14.811         10.6807         16.6557 
        0.88363         14.4219         10.3474         16.2522 
       0.895928         14.1381         10.0271          15.835 
       0.908253         13.7675         9.71978         15.5098 
       0.920535         13.3512         9.42648         15.1395 
       0.932774          13.138         9.14635         14.7551 
        0.94508         12.7012         8.87625         14.4761 
       0.957324         12.4632         8.61844          14.191 
        0.96953         12.0256          8.3717         13.8685 
       0.981769         11.9205         8.13404         13.5814 
       0.994071         11.5947         7.90453          13.293 
         1.0064         11.2278         7.68351         13.0364 
        1.01868         11.0117         7.47163         12.7822 
        1.03092         10.8321         7.26873         12.5119 
         1.0432         10.4363         7.07266         12.2605 
        1.05553         10.2712         6.88309         12.0689 
        1.06777          9.9701         6.70188         11.8076 
           1.08         9.79309          6.5274         11.5977 
        1.09227         9.59281          6.3586         11.3864 
         1.1046         9.41273         6.19516         11.1557 
         1.1169          9.1185         6.03777         10.9554 
        1.12915         9.09527         5.88666         10.8049 
        1.14142          8.7434         5.74042         10.5854 
        1.15365         8.64254          5.5996         10.3997 
        1.16585         8.53028          5.4639         10.2493 
        1.17807         8.27802         5.33255         10.0432 
        1.19037         8.13327         5.20467         9.88922 
        1.20276           7.937         5.08012         9.71497 
        1.21504         7.82343         4.96066         9.57438 
        1.22728         7.62192         4.84554         9.40242 
        1.23954         7.50598         4.73381         9.27498 
        1.25184         7.34713         4.62541         9.12193 
        1.26414         7.25433         4.52037         8.96279 
        1.27632         7.04891         4.41953         8.83545 
         1.2886         6.96711         4.32108         8.70419 
        1.30093          6.8265         4.22528          8.6011 
        1.31316         6.67283          4.1331         8.45182 
        1.32541         6.57526         4.04365         8.35034 
        1.33772         6.44823         3.95637         8.20721 
        1.35005         6.36407         3.87161         8.10163 
        1.36225         6.23544          3.7902         7.97077 
        1.37447         6.12531         3.71098         7.87544 
        1.38676         6.01035         3.63367         7.76956 
        1.39907         5.89945         3.55844         7.66207 
        1.41133          5.8147         3.48567         7.55654 
        1.42358         5.69815         3.41501         7.44979 
        1.43591         5.63545         3.34583         7.36719 
        1.44818         5.49753         3.27895         7.26597 
        1.46037         5.40591         3.21429         7.16717 
        1.47263         5.32888         3.15103         7.08432 
        1.48494         5.27008         3.08923         6.98471 
        1.49724         5.16684         3.02914         6.90171 
        1.50952         5.13814         2.97077         6.81955 
        1.52178         5.01725         2.91403           6.734 
        1.53409         4.92014         2.85855          6.6425 
        1.54637         4.86343         2.80463         6.56293 
        1.55858         4.79958         2.75241         6.47984 
        1.57081         4.69684         2.70145         6.42106 
        1.58313         4.64195         2.65146         6.33804 
        1.59544         4.55643         2.60277          6.2722 
        1.60767         4.50739         2.55561         6.19138 
        1.61994         4.43213         2.50946         6.13159 
        1.63225         4.35546         2.46435         6.05852 
        1.64452         4.28333         2.42049         5.98786 
        1.65676         4.22261         2.37782          5.9244 
          1.669         4.18531         2.33616         5.85987 
        1.68133         4.07898         2.29523         5.79534 
        1.69363         4.06029          2.2554          5.7404 
        1.70585         3.99726         2.21678         5.67082 
        1.71809         3.95357         2.17898         5.61747 
        1.73038         3.89558         2.14194         5.55546 
        1.74268         3.83154         2.10574         5.49995 
        1.75493         3.78255         2.07055         5.43844 
        1.76714         3.75149         2.03625         5.38405 
        1.77942         3.68869         2.00256         5.32893 
        1.79173          3.6387         1.96954         5.27114 
        1.80402         3.59274         1.93734         5.22185 
         1.8163         3.56241         1.90587         5.17664 
         1.8286         3.50147         1.87505         5.12827 
         1.8409         3.44508         1.84494         5.08015 
        1.85315         3.40969         1.81559         5.01922 
        1.86537         3.37942         1.78694         4.98015 
        1.87765         3.32016          1.7588         4.92816 
        1.88995         3.27509          1.7312         4.88702 
        1.90221         3.23656         1.70429         4.83793 
        1.91445          3.2023         1.67799          4.8046 
        1.92674         3.17722         1.65216          4.7487 
        1.93902         3.12066         1.62687         4.70307 
        1.95124           3.082         1.60225         4.66348 
         1.9635         3.06373         1.57808         4.62487 
        1.97583         3.00955         1.55425         4.58491 
        1.98812         2.97073           1.531         4.54096 
        2.00039         2.94045         1.50828         4.50215 
        2.01264         2.90276         1.48603         4.46998 
        2.02492         2.87387         1.46421         4.42934 
        2.03717         2.83728         1.44286         4.38854 
        2.04942         2.80122         1.42196         4.35333 
        2.06171         2.76799         1.40141         4.31397 
        2.07397         2.74291         1.38131         4.27819 
        2.08629         2.71715         1.36151         4.24777 
        2.09857           2.684         1.34216         4.20975 
        2.11081         2.64754         1.32326         4.17599 
        2.12309         2.62754         1.30468         4.14167 
        2.13538         2.59303         1.28643         4.11185 
        2.14763         2.57717         1.26859         4.07613 
        2.15986         2.54988         1.25113         4.04712 
        2.17214          2.5075         1.23392         4.00795 
        2.18443         2.49612         1.21703         3.97834 
        2.19671         2.46092         1.20047         3.94829 
        2.20898         2.43797         1.18424         3.92078 
        2.22126         2.41824         1.16829         3.89033 
        2.23354         2.38756         1.15264         3.85938 
         2.2458         2.37533         1.13731         3.82601 
        2.25807          2.3421         1.12224         3.80154 
        2.27035         2.31679         1.10743         3.77546 
        2.28263         2.29217         1.09289         3.74628 
         2.2949         2.27794         1.07863         3.72054 
        2.30718         2.25361         1.06461         3.69606 
        2.31946         2.22837         1.05084         3.66855 
        2.33169         2.21028         1.03737         3.64041 
        2.34393         2.19907         1.02411         3.61446 
        2.35622         2.17358         1.01105         3.58816 
        2.36847         2.14898        0.998247         3.56165 
        2.38076         2.13193        0.985629         3.53589 
        2.39305          2.1097        0.973233         3.50916 
        2.40534         2.09164         0.96105         3.48801 
        2.41762         2.06761        0.949076         3.46677 
        2.42989         2.05534        0.937325         3.44025 
        2.44216         2.04123        0.925774         3.41874 
         2.4544         2.02144        0.914445         3.39667 
        2.46667         2.00381        0.903279         3.37352 
        2.47897         1.98884        0.892272         3.34985 
        2.49124           1.968         0.88148          3.3283 
        2.50349         1.95591        0.870882         3.30579 
        2.51578         1.93563        0.860426         3.28124 
        2.52805         1.91783        0.850161         3.26142 
        2.54029         1.90893        0.840088         3.24047 
        2.55257          1.8904        0.830148         3.21972 
        2.56487         1.87678        0.820351         3.19817 
        2.57716          1.8695        0.810725         3.17787 
        2.58942         1.84994        0.801275         3.15815 
        2.60167         1.83784        0.791985         3.13674 
        2.61395         1.81528        0.782829         3.11983 
        2.62624         1.81102        0.773804         3.09995 
        2.63849         1.79774        0.764951         3.07871 
        2.65073          1.7822        0.756245         3.05988 
        2.66302         1.76911        0.747644         3.04233 
         2.6753         1.76848        0.739182         3.02365 
        2.68756         1.74564        0.730868         3.00559 
        2.69983         1.73471        0.722677         2.98595 
        2.71213         1.72809        0.714593         2.96828 
        2.72441         1.71609        0.706648         2.95072 
        2.73665         1.70206        0.698843         2.93472 
         2.7489         1.69217         0.69116         2.91922 
        2.76118         1.68267        0.683569         2.90169 
        2.77349         1.67982        0.676074         2.88418 
        2.78576         1.66979        0.668721          2.8668 
        2.79802         1.66167        0.661481         2.85012 
        2.81031         1.64607        0.654332         2.83282 
        2.82259         1.63927        0.647291         2.81621 
        2.83483         1.63506         0.64038         2.80142 
         2.8471         1.62647        0.633557         2.78538 
         2.8594         1.61744        0.626812         2.77031 
         2.8717          1.6104        0.620168         2.75482 
        2.88396         1.60694        0.613645         2.73849 
        2.89619         1.59412        0.607227         2.72291 
        2.90847         1.59021        0.600877         2.70679 
        2.92072         1.58531        0.594629         2.69315 
        2.93299         1.58429        0.588466         2.67849 
        2.94526         1.57705        0.582386         2.66435 
        2.95753         1.56879        0.576393         2.64969 
        2.96982           1.567        0.570474         2.63487 
        2.98209         1.56602         0.56465         2.62175 
        2.99436         1.55944        0.558903         2.60771 
        3.00666           1.562        0.553226         2.59406 
        3.01894         1.55532        0.547638          2.5787 
        3.03119         1.55514        0.542136         2.56529 
        3.04345           1.552         0.53671         2.55318 
        3.05573         1.55021        0.531346         2.54023 
          3.068         1.55058        0.526062         2.52687 
        3.08026         1.54665        0.520854          2.5125 
        3.09254          1.5516        0.515708          2.4991 
        3.10483         1.55181         0.51063         2.48719 
         3.1171         1.55162        0.505628         2.47495 
        3.12933         1.55236        0.500706         2.46152 
        3.14159         1.55245         0.49584         2.44825 
