# k  (h/Mpc)    P(k)  (Mpc/h)^3    P_linear(k)  (Mpc/h)^3     P_NL(k)  ShotnoiseSubtracted = false
      0.0156606         2214.95         2171.61          2161.1 
      0.0273761         1923.18         1876.84         1872.03 
      0.0384619         1460.48         1413.75         1412.46 
      0.0498308          1145.3         1111.91         1111.49 
      0.0625568         966.161         944.939         943.653 
      0.0751274         834.389         802.805         800.242 
      0.0867833         662.902         646.335         646.045 
      0.0984825         536.086         511.485          513.22 
       0.111151         448.739         427.078         428.741 
       0.123864         403.043          384.88         386.064 
       0.135742         361.969         346.102         347.243 
        0.14762         307.501         295.933         298.724 
       0.160083          255.42         246.676         249.891 
       0.172465         224.765         215.301         219.138 
       0.184281         208.338         198.482         202.542 
       0.196406         190.088         183.297         186.388 
       0.209011         171.025         163.087         166.624 
       0.221538         151.618         142.523         147.487 
       0.233611         136.416         127.521         133.029 
       0.245665         127.993         117.697         122.586 
       0.258103         115.366         109.565          114.43 
       0.270422         108.268         100.678         105.383 
       0.282519         98.2111         91.3706         96.4205 
       0.294636         93.1055         83.2487         88.5726 
       0.306978         82.5672         77.0191         82.5125 
       0.319417         78.6792         72.0083         77.3275 
        0.33169         73.1186          67.212         72.3497 
       0.343948         69.2448         62.2759         67.4687 
       0.356249         63.4507         57.6466         63.3932 
       0.368458         60.4038         53.7691         59.0174 
        0.38068         56.5233         50.5269         55.7371 
       0.392856         52.9082         47.5667          52.825 
       0.405069         50.0179         44.6723          49.741 
       0.417459         46.6387           41.87         47.0265 
       0.429752         44.6027         39.3544         44.4963 
       0.441978         42.4287         37.1463         42.5031 
       0.454294          39.503         35.1412         40.2165 
        0.46658         38.9844         33.2599         38.2904 
       0.478753         36.2801         31.4851         36.5237 
       0.490964          34.986         29.8179         34.9813 
       0.503334         33.4855         28.2794         33.2574 
       0.515665         31.7056         26.8762         32.0571 
       0.527909         30.3369         25.5809         30.3804 
       0.540159         28.9893         24.3553         29.1425 
        0.55248         27.0946         23.1925         27.8672 
       0.564743          26.713         22.1159         26.9161 
        0.57686         25.7594         21.1263         25.8374 
       0.589077         24.2231         20.1922         24.9612 
       0.601441         23.3192         19.3039         24.0081 
        0.61382         22.4714         18.4665         23.0271 
       0.626067         21.5612          17.685         22.2584 
       0.638306         20.8115          16.949         21.4167 
       0.650632         20.2492         16.2518         20.7234 
       0.662899         19.3087         15.5984         19.9674 
       0.675076         18.4068          14.986         19.2986 
       0.687267         18.0706         14.4058         18.6275 
       0.699615         17.4719          13.849         18.0604 
       0.711937         16.5614         13.3227         17.4822 
       0.724148         16.4443         12.8282         16.9806 
       0.736433         15.4964         12.3563         16.4121 
       0.748747         15.1581         11.9075         15.9546 
       0.761037         14.7899          11.482         15.4974 
       0.773197         14.2045         11.0818         15.0779 
       0.785376         13.6887         10.7002          14.643 
       0.797761         13.3411         10.3306         14.2131 
       0.810096         13.0045         9.97994         13.8723 
       0.822371          12.652         9.64728         13.4416 
       0.834626         12.2391         9.33039         13.1164 
       0.846916         11.8366         9.02699         12.7692 
       0.859215         11.3982         8.73698         12.4546 
       0.871383         11.1553         8.46265         12.1642 
        0.88363         10.8647         8.19854         11.8484 
       0.895928         10.6467         7.94475         11.5359 
       0.908253         10.3465         7.70128         11.2737 
       0.920535         10.0132         7.46889         10.9901 
       0.932774         9.84039         7.24693         10.6909 
        0.94508          9.5044         7.03293         10.4851 
       0.957324         9.30728         6.82865         10.2706 
        0.96953          8.9774         6.63315         10.0262 
       0.981769         8.86763         6.44485         9.78925 
       0.994071         8.65096           6.263         9.58298 
         1.0064         8.35443         6.08788           9.382 
        1.01868         8.17902            5.92         9.18168 
        1.03092         8.02605         5.75923         8.97548 
         1.0432         7.72956         5.60388         8.79059 
        1.05553         7.60265         5.45369         8.63417 
        1.06777         7.37484          5.3101         8.45261 
           1.08         7.24778         5.17186         8.28254 
        1.09227         7.08232         5.03811         8.11542 
         1.1046         6.92755         4.90861         7.94713 
         1.1169         6.70431         4.78391         7.79855 
        1.12915         6.68278         4.66418         7.67948 
        1.14142         6.42885         4.54831         7.51013 
        1.15365         6.32779         4.43674         7.37435 
        1.16585         6.24015         4.32922         7.25733 
        1.17807         6.07076         4.22514         7.10413 
        1.19037         5.93103         4.12382         6.98104 
        1.20276         5.79394         4.02514         6.84892 
        1.21504         5.69018         3.93049         6.74584 
        1.22728         5.54933         3.83927         6.61364 
        1.23954         5.45911         3.75075         6.52351 
        1.25184         5.33867         3.66486         6.40099 
        1.26414         5.26941         3.58163         6.28258 
        1.27632         5.10829         3.50174         6.19408 
         1.2886         5.04662         3.42373         6.08963 
        1.30093           4.937         3.34783         6.00729 
        1.31316         4.80914         3.27478         5.89995 
        1.32541         4.74235         3.20391         5.81997 
        1.33772         4.65434         3.13475         5.71612 
        1.35005         4.57927         3.06759         5.63479 
        1.36225         4.48771         3.00309         5.53832 
        1.37447         4.40176         2.94033         5.46864 
        1.38676         4.31162         2.87907         5.38233 
        1.39907         4.22634         2.81946         5.30917 
        1.41133         4.16264         2.76181         5.22849 
        1.42358         4.08834         2.70582         5.14759 
        1.43591         4.03175           2.651         5.08839 
        1.44818         3.92807         2.59801         5.01265 
        1.46037         3.85431         2.54678         4.93894 
        1.47263         3.79875         2.49666         4.87488 
        1.48494         3.74673         2.44769         4.80621 
        1.49724         3.67283         2.40008         4.73901 
        1.50952         3.65318         2.35384         4.67761 
        1.52178         3.55937         2.30888         4.61896 
        1.53409         3.48685         2.26492         4.54715 
        1.54637         3.44092          2.2222         4.49122 
        1.55858          3.3878         2.18082         4.42408 
        1.57081           3.324         2.14044         4.38246 
        1.58313          3.2682         2.10083         4.32164 
        1.59544         3.21747         2.06225         4.27263 
        1.60767         3.17761         2.02489         4.21445 
        1.61994         3.11372         1.98832         4.16798 
        1.63225         3.06248         1.95258         4.11522 
        1.64452         3.01327         1.91782         4.06182 
        1.65676         2.96133         1.88402         4.01566 
          1.669         2.92984         1.85101         3.96794 
        1.68133         2.85453         1.81858         3.92391 
        1.69363         2.84815         1.78702         3.87892 
        1.70585         2.80017         1.75642         3.83037 
        1.71809         2.76613         1.72647         3.78936 
        1.73038         2.71718         1.69713         3.74301 
        1.74268         2.66806         1.66845         3.70286 
        1.75493         2.63739         1.64056         3.66198 
        1.76714         2.60717         1.61339          3.6159 
        1.77942         2.56439         1.58669         3.58014 
        1.79173         2.53011         1.56053         3.53676 
        1.80402          2.4921         1.53501         3.50069 
         1.8163         2.47097         1.51008         3.46534 
         1.8286         2.42315         1.48566         3.43306 
         1.8409         2.38641          1.4618         3.39599 
        1.85315         2.36062         1.43855         3.35137 
        1.86537         2.33127         1.41585         3.32437 
        1.87765         2.29681         1.39355         3.28897 
        1.88995         2.26108         1.37168         3.25614 
        1.90221          2.2319         1.35036         3.22129 
        1.91445         2.20812         1.32953         3.19551 
        1.92674         2.18627         1.30906         3.15622 
        1.93902           2.145         1.28902         3.12139 
        1.95124         2.11548         1.26951         3.09665 
         1.9635         2.10027         1.25036         3.06431 
        1.97583         2.05991         1.23148         3.03533 
        1.98812         2.03619         1.21306         3.00708 
        2.00039         2.01148         1.19505         2.97589 
        2.01264         1.98034         1.17743         2.95452 
        2.02492         1.96211         1.16014         2.92574 
        2.03717         1.94097         1.14322         2.89552 
        2.04942         1.91307         1.12666          2.8674 
        2.06171         1.88628         1.11038         2.83992 
        2.07397         1.86668         1.09445           2.816 
        2.08629          1.8486         1.07877         2.79387 
        2.09857         1.82469         1.06343          2.7666 
        2.11081         1.80093         1.04846         2.74085 
        2.12309         1.78514         1.03374          2.7196 
        2.13538         1.75745         1.01928          2.6944 
        2.14763         1.74874         1.00514         2.67012 
        2.15986         1.72579        0.991307         2.64995 
        2.17214         1.69502        0.977676         2.62132 
        2.18443         1.68606         0.96429         2.60179 
        2.19671         1.66592         0.95117         2.58042 
        2.20898         1.64573         0.93831         2.55951 
        2.22126         1.62917        0.925674          2.5384 
        2.23354         1.61024        0.913275         2.51656 
         2.2458         1.59951        0.901125         2.49321 
        2.25807          1.5744        0.889185         2.47375 
        2.27035         1.55806        0.877451         2.45563 
        2.28263         1.53643        0.865935          2.4359 
         2.2949         1.52908        0.854631         2.41637 
        2.30718         1.51132        0.843526           2.398 
        2.31946         1.49006        0.832613         2.37843 
        2.33169         1.47912         0.82194          2.3599 
        2.34393         1.47106        0.811438         2.34219 
        2.35622          1.4494        0.801086         2.32389 
        2.36847         1.43687        0.790943         2.30469 
        2.38076         1.41731        0.780946         2.28675 
        2.39305         1.40538        0.771124         2.26755 
        2.40534          1.3935         0.76147         2.25311 
        2.41762          1.3763        0.751984         2.23598 
        2.42989         1.36515        0.742673         2.22041 
        2.44216         1.35478        0.733521         2.20301 
         2.4544         1.34361        0.724544         2.18836 
        2.46667         1.32628        0.715697          2.1719 
        2.47897         1.31647        0.706976         2.15414 
        2.49124           1.301        0.698425         2.13985 
        2.50349         1.29106        0.690028          2.1232 
        2.51578         1.27925        0.681743         2.10621 
        2.52805         1.26408         0.67361         2.09279 
        2.54029          1.2579        0.665629         2.07771 
        2.55257         1.24265        0.657753          2.0629 
        2.56487         1.23208         0.64999         2.04959 
        2.57716          1.2266        0.642364         2.03418 
        2.58942         1.21686        0.634876         2.02063 
        2.60167         1.20613        0.627515          2.0062 
        2.61395         1.19158        0.620261          1.9939 
        2.62624         1.18493         0.61311         1.97969 
        2.63849          1.1757        0.606095         1.96574 
        2.65073          1.1659        0.599198         1.95243 
        2.66302         1.15642        0.592383         1.93937 
         2.6753         1.15415        0.585678         1.92695 
        2.68756         1.14079        0.579091         1.91495 
        2.69983         1.13244          0.5726         1.90176 
        2.71213         1.12237        0.566196          1.8897 
        2.72441          1.1152        0.559901         1.87715 
        2.73665         1.10799        0.553716         1.86656 
         2.7489         1.10058        0.547629         1.85552 
        2.76118         1.09178        0.541614         1.84153 
        2.77349          1.0884        0.535676         1.83018 
        2.78576         1.08272         0.52985         1.81882 
        2.79802         1.07589        0.524113         1.80647 
        2.81031         1.06633        0.518449         1.79583 
        2.82259         1.05939         0.51287         1.78385 
        2.83483         1.05631        0.507394         1.77343 
         2.8471         1.05039        0.501988         1.76216 
         2.8594         1.04451        0.496644         1.75161 
         2.8717         1.04059        0.491379         1.74192 
        2.88396         1.03299        0.486211         1.73109 
        2.89619         1.02856        0.481126         1.72017 
        2.90847         1.02311        0.476095         1.70987 
        2.92072           1.021        0.471144         1.70008 
        2.93299         1.01699        0.466262         1.68935 
        2.94526         1.01487        0.461444         1.67969 
        2.95753         1.00993        0.456695         1.67018 
        2.96982         1.00625        0.452005         1.65996 
        2.98209         1.00416        0.447391          1.6505 
        2.99436         1.00156        0.442837         1.64096 
        3.00666         1.00099        0.438339          1.6313 
        3.01894        0.997263        0.433912         1.62236 
        3.03119        0.995347        0.429553         1.61287 
        3.04345        0.992103        0.425253         1.60381 
        3.05573        0.990938        0.421003         1.59554 
          3.068         0.98966        0.416816          1.5865 
        3.08026        0.988151        0.412691         1.57719 
        3.09254        0.990173        0.408613         1.56827 
        3.10483        0.990693         0.40459            1.56 
         3.1171        0.991281        0.400626         1.55156 
        3.12933        0.990856        0.396727         1.54263 
        3.14159        0.990198         0.39287         1.53425 
