# k  (h/Mpc)    Pcb(k)  (Mpc/h)^3    Pcb_linear(k) (Mpc/h)^3    Pcb_NL(k) (Mpc/h)^3   ShotnoiseSubtracted = false
      0.0156606         2155.15         2156.41         2145.97 
      0.0273761         1873.88         1866.14         1861.35 
      0.0384619         1423.88         1406.49         1405.21 
      0.0498308         1117.07         1106.54         1106.12 
      0.0625568         942.541         940.558         939.277 
      0.0751274         813.843         799.172          796.62 
      0.0867833         646.779         643.454         643.165 
      0.0984825         522.907         509.229         510.956 
       0.111151         437.679         425.209         426.865 
       0.123864         393.115         383.206         384.385 
       0.135742         353.034         344.603          345.74 
        0.14762         299.907         294.656         297.434 
       0.160083         249.127         245.615         248.816 
       0.172465         219.185         214.376         218.196 
       0.184281         203.158          197.63         201.673 
       0.196406         185.373         182.512         185.589 
       0.209011         166.741          162.39         165.911 
       0.221538         147.779         141.914         146.857 
       0.233611          132.93         126.976         132.461 
       0.245665         124.702         117.195         122.063 
       0.258103         112.404         109.098         113.942 
       0.270422         105.479         100.249         104.933 
       0.282519         95.6779         90.9815         96.0099 
       0.294636         90.6324         82.8944         88.1957 
       0.306978         80.4017         76.6913         82.1614 
       0.319417         76.6001          71.702         76.9986 
        0.33169         71.1843         66.9262          72.042 
       0.343948         67.3881         62.0111         67.1818 
       0.356249         61.7376         57.4015         63.1237 
       0.368458          58.753         53.5407         58.7667 
        0.38068         54.9642         50.3119         55.4999 
       0.392856         51.4581         47.3645         52.6004 
       0.405069         48.6423         44.4825         49.5297 
       0.417459         45.3299          41.692         46.8266 
       0.429752         43.3419          39.187         44.3071 
       0.441978         41.2238         36.9884         42.3225 
       0.454294         38.3856         34.9919         40.0456 
        0.46658         37.8555         33.1187         38.1278 
       0.478753         35.2337         31.3514         36.3687 
       0.490964         33.9686         29.6915          34.833 
       0.503334         32.5052         28.1593         33.1161 
       0.515665         30.7644         26.7621         31.9209 
       0.527909         29.4368         25.4723         30.2514 
       0.540159         28.1173          24.252          29.019 
        0.55248         26.2801         23.0942         27.7491 
       0.564743         25.9054          22.022         26.8019 
        0.57686         24.9718         21.0367         25.7278 
       0.589077         23.4785         20.1065         24.8553 
       0.601441         22.5956          19.222         23.9063 
        0.61382         21.7687         18.3881         22.9294 
       0.626067          20.885         17.6099          22.164 
       0.638306         20.1543         16.8771         21.3259 
       0.650632         19.6102         16.1828         20.6355 
       0.662899         18.6917         15.5322         19.8827 
       0.675076         17.8153         14.9225         19.2168 
       0.687267         17.4796         14.3447         18.5485 
       0.699615         16.9025         13.7903         17.9838 
       0.711937         16.0195         13.2662         17.4081 
       0.724148         15.9014         12.7738         16.9086 
       0.736433          14.986         12.3039         16.3425 
       0.748747         14.6503          11.857          15.887 
       0.761037         14.2941         11.4334         15.4317 
       0.773197         13.7199         11.0348         15.0139 
       0.785376         13.2249         10.6548         14.5809 
       0.797761         12.8826         10.2868         14.1528 
       0.810096         12.5539         9.93763         13.8135 
       0.822371         12.2151         9.60638         13.3846 
       0.834626         11.8141         9.29084         13.0608 
       0.846916          11.422         8.98872         12.7151 
       0.859215         10.9977         8.69994         12.4018 
       0.871383         10.7581         8.42678         12.1126 
        0.88363          10.478         8.16378         11.7981 
       0.895928         10.2659         7.91107          11.487 
       0.908253         9.97304         7.66864         11.2259 
       0.920535         9.64913         7.43723         10.9435 
       0.932774         9.47946         7.21621         10.6456 
        0.94508         9.15573         7.00312         10.4407 
       0.957324         8.96171         6.79971          10.227 
        0.96953         8.64451         6.60504         9.98367 
       0.981769         8.53175         6.41753         9.74775 
       0.994071          8.3267         6.23645         9.54236 
         1.0064         8.03943         6.06208         9.34223 
        1.01868         7.86674         5.89491         9.14277 
        1.03092         7.71768         5.73482         8.93744 
         1.0432         7.43221         5.58013         8.75333 
        1.05553         7.30926         5.43057         8.59757 
        1.06777         7.08874          5.2876         8.41678 
           1.08          6.9671         5.14994         8.24743 
        1.09227         6.80421         5.01676         8.08102 
         1.1046         6.65288         4.88781         7.91344 
         1.1169         6.43763         4.76364         7.76549 
        1.12915         6.41553         4.64441         7.64693 
        1.14142         6.17237         4.52903         7.47829 
        1.15365         6.07128         4.41793         7.34309 
        1.16585         5.98642         4.31087         7.22656 
        1.17807         5.82626         4.20723         7.07401 
        1.19037         5.68581         4.10634         6.95145 
        1.20276         5.55626         4.00808         6.81988 
        1.21504         5.45339         3.91382         6.71724 
        1.22728         5.31881           3.823         6.58561 
        1.23954         5.23123         3.73485         6.49585 
        1.25184         5.11527         3.64932         6.37385 
        1.26414          5.0478         3.56644         6.25595 
        1.27632         4.89172         3.48689         6.16782 
         1.2886         4.83251         3.40921         6.06381 
        1.30093         4.72538         3.33363         5.98182 
        1.31316         4.60137          3.2609         5.87494 
        1.32541         4.53746         3.19033          5.7953 
        1.33772         4.45388         3.12146         5.69189 
        1.35005         4.37947         3.05459          5.6109 
        1.36225         4.29188         2.99036         5.51484 
        1.37447         4.20842         2.92786         5.44546 
        1.38676         4.12118         2.86687         5.35952 
        1.39907          4.0386         2.80751         5.28666 
        1.41133         3.97677          2.7501         5.20632 
        1.42358         3.90727         2.69435         5.12577 
        1.43591         3.85125         2.63976         5.06682 
        1.44818         3.75158           2.587         4.99141 
        1.46037         3.68026         2.53599         4.91801 
        1.47263         3.62584         2.48607         4.85422 
        1.48494         3.57494         2.43732         4.78584 
        1.49724         3.50409         2.38991         4.71892 
        1.50952         3.48546         2.34386         4.65779 
        1.52178         3.39472         2.29909         4.59938 
        1.53409         3.32518         2.25532         4.52788 
        1.54637         3.28014         2.21278         4.47218 
        1.55858         3.22837         2.17157         4.40533 
        1.57081         3.16847         2.13137         4.36388 
        1.58313         3.11318         2.09193         4.30332 
        1.59544         3.06545         2.05351         4.25452 
        1.60767         3.02661          2.0163         4.19659 
        1.61994         2.96462         1.97989         4.15031 
        1.63225         2.91671         1.94431         4.09778 
        1.64452         2.86991          1.9097          4.0446 
        1.65676          2.8185         1.87604         3.99864 
          1.669         2.78766         1.84316         3.95112 
        1.68133          2.7161         1.81087         3.90727 
        1.69363         2.70996         1.77945         3.86247 
        1.70585         2.66405         1.74897         3.81413 
        1.71809         2.63061         1.71915          3.7733 
        1.73038          2.5831         1.68993         3.72715 
        1.74268         2.53612         1.66137         3.68716 
        1.75493          2.5067         1.63361         3.64646 
        1.76714         2.47719         1.60655         3.60058 
        1.77942         2.43633         1.57996         3.56496 
        1.79173         2.40327         1.55391         3.52176 
        1.80402         2.36681          1.5285         3.48585 
         1.8163         2.34576         1.50368         3.45065 
         1.8286         2.29974         1.47936         3.41851 
         1.8409         2.26601          1.4556          3.3816 
        1.85315         2.24044         1.43245         3.33717 
        1.86537         2.21137         1.40984         3.31028 
        1.87765         2.17974         1.38764         3.27503 
        1.88995         2.14482         1.36587         3.24234 
        1.90221          2.1172         1.34464         3.20763 
        1.91445         2.09385         1.32389         3.18196 
        1.92674          2.0722         1.30351         3.14284 
        1.93902          2.0331         1.28356         3.10816 
        1.95124         2.00474         1.26413         3.08352 
         1.9635         1.98886         1.24506         3.05132 
        1.97583         1.95107         1.22626         3.02246 
        1.98812         1.92889         1.20792         2.99434 
        2.00039         1.90449         1.18999         2.96327 
        2.01264         1.87444         1.17244         2.94199 
        2.02492         1.85741         1.15522         2.91334 
        2.03717         1.83801         1.13837         2.88325 
        2.04942         1.81014         1.12189         2.85524 
        2.06171         1.78473         1.10567         2.82788 
        2.07397         1.76558         1.08981         2.80406 
        2.08629         1.74824          1.0742         2.78202 
        2.09857         1.72519         1.05893         2.75487 
        2.11081         1.70303         1.04401         2.72923 
        2.12309         1.68743         1.02935         2.70807 
        2.13538         1.66098         1.01496         2.68297 
        2.14763          1.6525         1.00088          2.6588 
        2.15986         1.63049        0.987104         2.63871 
        2.17214         1.60099        0.973531          2.6102 
        2.18443         1.59187        0.960201         2.59076 
        2.19671         1.57329        0.947137         2.56948 
        2.20898         1.55362        0.934331         2.54866 
        2.22126         1.53757        0.921749         2.52764 
        2.23354         1.51945        0.909403         2.50589 
         2.2458         1.50886        0.897304         2.48264 
        2.25807         1.48511        0.885415         2.46326 
        2.27035         1.47005        0.873731         2.44522 
        2.28263         1.44891        0.862264         2.42557 
         2.2949         1.44118        0.851008         2.40613 
        2.30718         1.42477         0.83995         2.38783 
        2.31946         1.40438        0.829083         2.36834 
        2.33169         1.39374        0.818455          2.3499 
        2.34393         1.38622        0.807997         2.33226 
        2.35622         1.36478        0.797689         2.31403 
        2.36847         1.35381        0.787589         2.29492 
        2.38076         1.33399        0.777634         2.27705 
        2.39305          1.3233        0.767854         2.25794 
        2.40534         1.31186        0.758242         2.24356 
        2.41762         1.29533        0.748795          2.2265 
        2.42989         1.28438        0.739524         2.21099 
        2.44216         1.27484         0.73041         2.19366 
         2.4544         1.26387        0.721472         2.17908 
        2.46667         1.24716        0.712662         2.16269 
        2.47897          1.2377        0.703978         2.14501 
        2.49124         1.22298        0.695463         2.13078 
        2.50349         1.21326        0.687102          2.1142 
        2.51578         1.20244        0.678852         2.09728 
        2.52805         1.18751        0.670753         2.08391 
        2.54029          1.1814        0.662806          2.0689 
        2.55257         1.16692        0.654964         2.05415 
        2.56487         1.15665        0.647234          2.0409 
        2.57716         1.15144        0.639639         2.02555 
        2.58942         1.14264        0.632184         2.01206 
        2.60167         1.13218        0.624854          1.9977 
        2.61395         1.11864         0.61763         1.98544 
        2.62624         1.11177         0.61051          1.9713 
        2.63849         1.10283        0.603525          1.9574 
        2.65073         1.09346        0.596656         1.94415 
        2.66302         1.08464         0.58987         1.93115 
         2.6753         1.08217        0.583194         1.91877 
        2.68756         1.06966        0.576635         1.90683 
        2.69983         1.06164        0.570172          1.8937 
        2.71213         1.05169        0.563794         1.88168 
        2.72441         1.04497        0.557526         1.86919 
        2.73665          1.0385        0.551368         1.85864 
         2.7489          1.0309        0.545306         1.84765 
        2.76118         1.02257        0.539317         1.83372 
        2.77349         1.01892        0.533404         1.82242 
        2.78576         1.01344        0.527602         1.81111 
        2.79802         1.00675         0.52189         1.79881 
        2.81031         0.99846         0.51625         1.78821 
        2.82259        0.991494        0.510694         1.77628 
        2.83483        0.988355        0.505242          1.7659 
         2.8471        0.982744        0.499859         1.75469 
         2.8594        0.977077        0.494537         1.74418 
         2.8717         0.97336        0.489295         1.73453 
        2.88396         0.96567        0.484149         1.72375 
        2.89619        0.961702        0.479086         1.71287 
        2.90847        0.956583        0.474076         1.70262 
        2.92072        0.954597        0.469146         1.69287 
        2.93299        0.949701        0.464284         1.68218 
        2.94526        0.948348        0.459486         1.67256 
        2.95753        0.943682        0.454758          1.6631 
        2.96982          0.9402        0.450088         1.65291 
        2.98209        0.937719        0.445493          1.6435 
        2.99436         0.93551        0.440959           1.634 
        3.00666        0.934547         0.43648         1.62438 
        3.01894        0.931282        0.432072         1.61548 
        3.03119        0.928983        0.427731         1.60603 
        3.04345        0.926142        0.423449         1.59701 
        3.05573        0.925116        0.419217         1.58877 
          3.068         0.92331        0.415048         1.57977 
        3.08026        0.922882         0.41094          1.5705 
        3.09254        0.923741        0.406879         1.56161 
        3.10483        0.923944        0.402873         1.55338 
         3.1171        0.924616        0.398926         1.54498 
        3.12933        0.924123        0.395043         1.53609 
        3.14159        0.923507        0.391204         1.52774 
