# k  (h/Mpc)    P(k)  (Mpc/h)^3    P_linear(k)  (Mpc/h)^3     P_NL(k)  ShotnoiseSubtracted = false
      0.0156606           10407         10602.7         10537.8 
      0.0273761          8966.5         9154.95         9098.91 
      0.0384619         6799.59         6892.57         6850.62 
      0.0498308         5286.36         5419.24         5379.76 
      0.0625568         4460.74         4604.39         4566.97 
      0.0751274         3926.56         3911.23         3856.29 
      0.0867833          3070.8         3148.62         3134.47 
      0.0984825         2543.69         2491.53         2513.04 
       0.111151         2151.31         2080.25         2103.32 
       0.123864         1931.67         1874.63         1893.98 
       0.135742         1746.51         1685.71         1705.57 
        0.14762         1500.58         1441.32         1491.55 
       0.160083          1251.5          1201.4         1260.08 
       0.172465         1114.23         1048.57          1121.8 
       0.184281         1026.21         966.646         1042.74 
       0.196406         943.415         892.685         955.923 
       0.209011         866.964         794.252         862.052 
       0.221538         780.973         694.095         788.313 
       0.233611           724.8          621.03         726.841 
       0.245665         671.643         573.184         668.647 
       0.258103         631.377         533.582         628.439 
       0.270422         577.138         490.298         584.897 
       0.282519         530.722          444.97         544.302 
       0.294636         524.992         405.416         509.786 
       0.306978         467.025         375.076         483.512 
       0.319417         449.364         350.674         454.631 
        0.33169         422.315         327.316         427.667 
       0.343948         402.616         303.276         409.314 
       0.356249         376.526         280.732         390.754 
       0.368458         364.852         261.848         368.375 
        0.38068         348.602         246.059         351.385 
       0.392856         326.514         231.643         336.665 
       0.405069         313.452         217.547         324.476 
       0.417459         299.385           203.9         307.496 
       0.429752         288.978         191.649         295.793 
       0.441978         279.333         180.896         286.428 
       0.454294         261.431         171.132         272.982 
        0.46658         260.466          161.97         264.995 
       0.478753         248.167         153.327         255.499 
       0.490964          240.11         145.208         246.301 
       0.503334          226.82         137.715         238.929 
       0.515665         223.594         130.882         233.234 
       0.527909         216.869         124.574         224.734 
       0.540159          210.37         118.606          218.25 
        0.55248         205.775         112.943         211.451 
       0.564743         200.097           107.7         206.622 
        0.57686         193.231         102.881         200.036 
       0.589077         185.312         98.3318         195.628 
       0.601441         182.126         94.0062         190.766 
        0.61382          180.15         89.9278         185.785 
       0.626067         174.726          86.122         181.258 
       0.638306          167.14         82.5382         177.439 
       0.650632         162.204         79.1427         171.615 
       0.662899         162.294         75.9607         168.423 
       0.675076         156.476         72.9787         164.558 
       0.687267         152.488         70.1531          160.93 
       0.699615         149.066         67.4417         157.651 
       0.711937         145.237         64.8786         154.198 
       0.724148         143.025         62.4704         151.971 
       0.736433         139.107         60.1725         148.325 
       0.748747         136.023         57.9868         145.244 
       0.761037         133.821          55.915         142.117 
       0.773197         130.954         53.9658         140.528 
       0.785376         129.076         52.1073         137.213 
       0.797761         126.806         50.3076         135.425 
       0.810096         123.191            48.6          132.65 
       0.822371         119.865           46.98         130.381 
       0.834626         117.946         45.4369         128.132 
       0.846916         116.771         43.9593         126.142 
       0.859215         114.892          42.547         123.929 
       0.871383         112.909         41.2112         121.847 
        0.88363         110.396          39.925         120.344 
       0.895928         108.322         38.6891         118.601 
       0.908253         105.484         37.5034         116.408 
       0.920535         104.976         36.3717         114.906 
       0.932774         102.238         35.2909         112.889 
        0.94508         101.293         34.2487         111.325 
       0.957324         99.6202         33.2539         109.814 
        0.96953         99.4703         32.3019         107.979 
       0.981769         96.2168         31.3849         106.945 
       0.994071         95.4036         30.4993         105.384 
         1.0064         93.2029         29.6465         103.853 
        1.01868         92.3974          28.829         102.611 
        1.03092         90.6336         28.0461         101.284 
         1.0432         89.1216         27.2896         99.9061 
        1.05553         86.8545         26.5581         98.9701 
        1.06777         86.7461         25.8589         97.7492 
           1.08         85.0452         25.1857         96.4465 
        1.09227         83.7362         24.5344         95.1733 
         1.1046         82.3275         23.9038         94.0253 
         1.1169         81.3864         23.2965         92.7087 
        1.12915         80.3501         22.7134         91.7598 
        1.14142          78.869         22.1492         90.6295 
        1.15365         77.3455         21.6058         89.5973 
        1.16585         76.4363         21.0822         88.5044 
        1.17807          75.271         20.5754         87.6405 
        1.19037         75.1757          20.082         86.7437 
        1.20276         73.5652         19.6015         85.7282 
        1.21504         73.0755         19.1405         84.6918 
        1.22728         71.4716         18.6963         83.8569 
        1.23954         70.8389         18.2652         82.8395 
        1.25184         69.5766          17.847         82.1016 
        1.26414         68.5203         17.4416         81.2133 
        1.27632          67.887         17.0526         80.5597 
         1.2886         66.9566         16.6727         79.4734 
        1.30093         66.0895         16.3031         78.5416 
        1.31316         65.2387         15.9474         78.0062 
        1.32541         64.7529         15.6023         77.1741 
        1.33772          63.674         15.2655         76.3731 
        1.35005         63.0892         14.9384         75.6438 
        1.36225         62.0516         14.6243          74.872 
        1.37447         60.6525         14.3187         74.0851 
        1.38676          60.774         14.0204         73.3087 
        1.39907         59.7254         13.7301         72.7716 
        1.41133         58.6189         13.4493          72.198 
        1.42358         57.9389         13.1767         71.2901 
        1.43591         57.5436         12.9097         70.7053 
        1.44818         56.7225         12.6517         69.9234 
        1.46037         56.0921         12.4022         69.4245 
        1.47263          55.369         12.1581         68.8588 
        1.48494         54.5426         11.9196         68.1408 
        1.49724         53.8698         11.6878         67.4845 
        1.50952         53.5367         11.4626          66.838 
        1.52178         52.7861         11.2437          66.332 
        1.53409         52.2955         11.0296         65.7563 
        1.54637         51.1745         10.8215         65.1173 
        1.55858         50.5003           10.62         64.4826 
        1.57081         50.2538         10.4234         64.0498 
        1.58313         49.5406         10.2305         63.5254 
        1.59544         48.8201         10.0426         62.8864 
        1.60767         48.2692         9.86069         62.3669 
        1.61994         47.5371         9.68262         61.8855 
        1.63225         47.1294         9.50859         61.2549 
        1.64452         46.6266         9.33932          60.819 
        1.65676           45.94         9.17471         60.2405 
          1.669         45.6038         9.01395         59.8181 
        1.68133         45.1834         8.85603         59.2482 
        1.69363         44.4189         8.70236         58.8245 
        1.70585         44.1662         8.55332         58.3692 
        1.71809         43.3077         8.40747         57.8409 
        1.73038         43.0714         8.26457         57.4168 
        1.74268         42.3706         8.12491         56.8851 
        1.75493         41.9698         7.98911           56.44 
        1.76714         41.4329         7.85678         55.9848 
        1.77942         41.1883         7.72677         55.5584 
        1.79173         40.5523         7.59937         55.0564 
        1.80402         40.1383         7.47511          54.715 
         1.8163         39.6805          7.3537         54.1735 
         1.8286          39.164         7.23479         53.8611 
         1.8409         38.7142          7.1186         53.3315 
        1.85315          38.328         7.00536         53.0336 
        1.86537         37.8531         6.89481         52.6089 
        1.87765         37.5626         6.78624         52.1437 
        1.88995         36.9866         6.67974         51.6891 
        1.90221         36.7184         6.57591         51.3021 
        1.91445         36.1033         6.47445         50.9747 
        1.92674         35.8139         6.37479         50.5313 
        1.93902         35.4476         6.27721          50.151 
        1.95124         34.9667         6.18221         49.8286 
         1.9635         34.5471         6.08893         49.4115 
        1.97583         34.2361         5.99698         49.1001 
        1.98812         33.7422         5.90729         48.6849 
        2.00039         33.4094          5.8196         48.3089 
        2.01264         32.9657         5.73378         48.0014 
        2.02492         32.6967         5.64957         47.6357 
        2.03717         32.2657         5.56719         47.2484 
        2.04942         31.9311         5.48657         46.8971 
        2.06171         31.5964         5.40726           46.54 
        2.07397         31.2662          5.3297         46.2199 
        2.08629         30.8952         5.25334         45.8703 
        2.09857         30.5944         5.17865         45.5617 
        2.11081         30.1963         5.10573         45.2054 
        2.12309         29.9756         5.03403          44.864 
        2.13538         29.4446         4.96361         44.5973 
        2.14763         29.2667         4.89478         44.2475 
        2.15986         28.9887         4.82741         43.9024 
        2.17214         28.6078         4.76103         43.6434 
        2.18443         28.3013         4.69584         43.2619 
        2.19671         27.9333         4.63195         42.9721 
        2.20898         27.6091         4.56932         42.6488 
        2.22126         27.5202         4.50779          42.337 
        2.23354         27.1427         4.44741         42.0949 
         2.2458         26.8286         4.38824         41.7709 
        2.25807         26.4535          4.3301         41.4577 
        2.27035         26.1774         4.27296         41.1905 
        2.28263         25.9443         4.21688         40.9118 
         2.2949         25.6899         4.16183          40.624 
        2.30718         25.4524         4.10775         40.3125 
        2.31946         25.2223         4.05461         40.0386 
        2.33169         24.9147         4.00263         39.7599 
        2.34393         24.6181         3.95149         39.4637 
        2.35622         24.3706         3.90108         39.2432 
        2.36847         24.1046         3.85168         38.9249 
        2.38076         23.9142           3.803         38.7015 
        2.39305         23.5842         3.75517         38.4428 
        2.40534         23.4079         3.70816         38.1249 
        2.41762           23.11         3.66196         37.9059 
        2.42989         23.0108         3.61662         37.6183 
        2.44216         22.6758         3.57205         37.3855 
         2.4544         22.5121         3.52834         37.1345 
        2.46667         22.2611         3.48525         36.8781 
        2.47897         22.0032         3.44279         36.6294 
        2.49124         21.8594         3.40114         36.3843 
        2.50349         21.5827         3.36025         36.1526 
        2.51578         21.3549         3.31991         35.9153 
        2.52805         21.1779          3.2803         35.6625 
        2.54029         21.0045         3.24144         35.4221 
        2.55257         20.8382         3.20308         35.1805 
        2.56487         20.5656         3.16528         34.9556 
        2.57716         20.4462         3.12814         34.7041 
        2.58942         20.2321         3.09168         34.5076 
        2.60167         20.0336         3.05583         34.2673 
        2.61395         19.8518          3.0205          34.038 
        2.62624         19.7529         2.98568         33.8189 
        2.63849         19.5439         2.95152         33.6037 
        2.65073         19.2982         2.91793         33.3701 
        2.66302         19.1057         2.88475         33.1691 
         2.6753         19.0386          2.8521         32.9569 
        2.68756         18.9196         2.82002         32.7654 
        2.69983         18.7141         2.78841         32.5155 
        2.71213         18.5061         2.75722         32.3119 
        2.72441         18.3924         2.72657         32.0913 
        2.73665         18.2522         2.69645         31.8828 
         2.7489         18.0616         2.66681         31.6868 
        2.76118         17.9692         2.63752         31.4684 
        2.77349          17.852          2.6086         31.2826 
        2.78576         17.6515         2.58023         31.0979 
        2.79802         17.5376         2.55229         30.8884 
        2.81031         17.4281         2.52471         30.7001 
        2.82259          17.333         2.49754         30.5116 
        2.83483           17.17         2.47087         30.3057 
         2.8471         17.1183         2.44455         30.0993 
         2.8594         16.9671         2.41852         29.9132 
         2.8717         16.8745         2.39289         29.7224 
        2.88396         16.7241         2.36772         29.5293 
        2.89619         16.6799         2.34296         29.3526 
        2.90847         16.5824         2.31846         29.1733 
        2.92072         16.4531         2.29435          28.987 
        2.93299         16.3832         2.27057         28.8225 
        2.94526         16.3327         2.24711         28.6425 
        2.95753         16.2675         2.22398         28.4545 
        2.96982         16.1527         2.20115          28.283 
        2.98209         16.0589         2.17867         28.1135 
        2.99436          16.024          2.1565         27.9378 
        3.00666         15.9338         2.13459         27.7595 
        3.01894         15.8935         2.11304         27.5882 
        3.03119         15.7989         2.09181         27.4192 
        3.04345         15.8023         2.07087          27.254 
        3.05573         15.7886         2.05017          27.089 
          3.068         15.6722         2.02978         26.9171 
        3.08026         15.6632         2.00969         26.7514 
        3.09254         15.5913         1.98984         26.5919 
        3.10483         15.5921         1.97024         26.4344 
         3.1171         15.6415         1.95094         26.2793 
        3.12933          15.574         1.93195         26.1219 
        3.14159         15.4868         1.91317         25.9545 
