# k  (h/Mpc)    P(k)  (Mpc/h)^3    P_linear(k)  (Mpc/h)^3     P_NL(k)  ShotnoiseSubtracted = false
      0.0156606         468.111         479.073         476.882 
      0.0273761         407.943         414.402         413.598 
      0.0384619         309.678         312.274         312.308 
      0.0498308         243.803         245.656         245.862 
      0.0625568         205.791         208.795         208.729 
      0.0751274         175.964         177.403         177.163 
      0.0867833         140.995         142.834         142.813 
      0.0984825         112.851         113.037         113.205 
       0.111151         94.2665         94.3858         94.5302 
       0.123864         84.6109         85.0617         85.0974 
       0.135742         75.9062         76.4923         76.4963 
        0.14762         64.6197         65.4053         65.5247 
       0.160083         53.8312         54.5194         54.6954 
       0.172465          47.086         47.5852         47.7861 
       0.184281         43.5228         43.8681         44.0599 
       0.196406         39.8816         40.5122         40.6385 
       0.209011          35.646         36.0456         36.2036 
       0.221538         31.3453         31.5005         31.7441 
       0.233611         28.0553         28.1848         28.4564 
       0.245665         26.1075         26.0136         26.2476 
       0.258103          23.805         24.2164         24.4432 
       0.270422         22.1408         22.2521          22.468 
       0.282519         20.0933         20.1951         20.4364 
       0.294636         18.5908         18.3999         18.6565 
       0.306978         16.8049         17.0231         17.2861 
       0.319417         15.8737         15.9156         16.1694 
        0.33169         14.7764         14.8555         15.0985 
       0.343948         13.8124         13.7645         14.0057 
       0.356249         12.6679         12.7413         13.0225 
       0.368458         11.9151         11.8843         12.1303 
        0.38068         11.1213         11.1677         11.4124 
       0.392856         10.4684         10.5135         10.7604 
       0.405069         9.87801         9.87372         10.1056 
       0.417459         9.12394         9.25434         9.50095 
       0.429752         8.65285         8.69833         8.94006 
       0.441978         8.20887         8.21029         8.46778 
       0.454294          7.7043         7.76712         8.00965 
        0.46658         7.40394         7.35131         7.58733 
       0.478753         6.95654         6.95903         7.19286 
       0.490964         6.65268         6.59054         6.84075 
       0.503334         6.32928         6.25048         6.48268 
       0.515665         5.95845         5.94035         6.18575 
       0.527909         5.71186         5.65405         5.87981 
       0.540159         5.40577         5.38317          5.6045 
        0.55248         5.11085         5.12616         5.33658 
       0.564743         4.97023          4.8882         5.11682 
        0.57686         4.73655         4.66947         4.88776 
       0.589077         4.46361         4.46301         4.69016 
       0.601441          4.2908         4.26668          4.4879 
        0.61382         4.10707         4.08158          4.2942 
       0.626067         3.92126         3.90885         4.11885 
       0.638306         3.77655         3.74619         3.95184 
       0.650632         3.65297         3.59208         3.80124 
       0.662899         3.49646         3.44766         3.64869 
       0.675076         3.32472         3.31231         3.51352 
       0.687267         3.19457         3.18407         3.37393 
       0.699615         3.11222         3.06101         3.24873 
       0.711937          2.9707         2.94467         3.13824 
       0.724148         2.89025         2.83537         3.02374 
       0.736433         2.75707         2.73108           2.911 
       0.748747         2.66334         2.63188            2.82 
       0.761037         2.56807         2.53784         2.71874 
       0.773197         2.46832         2.44937         2.63318 
       0.785376         2.37955         2.36502         2.54334 
       0.797761          2.3003         2.28334         2.45451 
       0.810096         2.24444         2.20584         2.38353 
       0.822371         2.17919         2.13231         2.30109 
       0.834626         2.10529         2.06227         2.22716 
       0.846916          2.0315         1.99521         2.16649 
       0.859215         1.94765         1.93111         2.10182 
       0.871383         1.88949         1.87047         2.03514 
        0.88363         1.83541          1.8121         1.97598 
       0.895928         1.78985           1.756         1.91596 
       0.908253         1.73443         1.70219         1.86138 
       0.920535         1.68367         1.65083          1.8053 
       0.932774         1.62812         1.60177         1.75152 
        0.94508         1.58544         1.55447         1.70363 
       0.957324         1.54332         1.50932         1.66098 
        0.96953         1.49013         1.46611         1.61449 
       0.981769         1.44276         1.42449         1.56683 
       0.994071         1.40909         1.38429         1.53134 
         1.0064         1.36857         1.34559         1.48789 
        1.01868         1.32781         1.30848         1.45005 
        1.03092         1.30576         1.27295         1.40957 
         1.0432         1.26459         1.23861         1.37466 
        1.05553         1.22937         1.20541          1.3422 
        1.06777         1.19429         1.17368          1.3087 
           1.08         1.17008         1.14312         1.27544 
        1.09227         1.12996         1.11356         1.24338 
         1.1046         1.10427         1.08494         1.21514 
         1.1169         1.07561         1.05737         1.18589 
        1.12915          1.0492         1.03091         1.15751 
        1.14142         1.02842          1.0053         1.13063 
        1.15365         1.00356         0.98064         1.10479 
        1.16585        0.977864        0.956875         1.07841 
        1.17807        0.962052        0.933872         1.05586 
        1.19037        0.924632        0.911476         1.03039 
        1.20276        0.908249        0.889666         1.00552 
        1.21504        0.889424        0.868744        0.987817 
        1.22728        0.873451        0.848584        0.962495 
        1.23954        0.850766        0.829018        0.944681 
        1.25184        0.835501        0.810034        0.922314 
        1.26414          0.8153        0.791637        0.902675 
        1.27632        0.790992        0.773979        0.883555 
         1.2886        0.773668        0.756736         0.86387 
        1.30093        0.754002         0.73996        0.849078 
        1.31316        0.733005        0.723816        0.830411 
        1.32541        0.721339        0.708152        0.814672 
        1.33772        0.708968        0.692866        0.798135 
        1.35005        0.696695        0.678022        0.782527 
        1.36225        0.679984        0.663765        0.766092 
        1.37447        0.665616        0.649892        0.752518 
        1.38676        0.653126        0.636353        0.736577 
        1.39907        0.639305        0.623178        0.723048 
        1.41133        0.623288        0.610434        0.709359 
        1.42358        0.615391         0.59806        0.694426 
        1.43591        0.601729        0.585944        0.683505 
        1.44818        0.589909        0.574231        0.671197 
        1.46037        0.576877        0.562909        0.657154 
        1.47263        0.566173        0.551829        0.646032 
        1.48494         0.55585        0.541007        0.635023 
        1.49724        0.545233        0.530483        0.623702 
        1.50952        0.533326        0.520262        0.610225 
        1.52178        0.523519        0.510325          0.6001 
        1.53409        0.514811        0.500609        0.590071 
        1.54637        0.502155        0.491166        0.579127 
        1.55858        0.495156         0.48202        0.569194 
        1.57081        0.488414        0.473095        0.559057 
        1.58313        0.477667        0.464341        0.550297 
        1.59544        0.470163        0.455814        0.540432 
        1.60767        0.461777        0.447555        0.531495 
        1.61994        0.451637        0.439473        0.523399 
        1.63225        0.443166        0.431574         0.51474 
        1.64452        0.437403        0.423892         0.50562 
        1.65676        0.430675         0.41642        0.497688 
          1.669        0.423193        0.409124        0.489235 
        1.68133        0.414509        0.401956        0.481733 
        1.69363        0.407243        0.394981        0.474256 
        1.70585        0.401031        0.388217        0.466364 
        1.71809        0.393499        0.381597        0.458966 
        1.73038        0.387416        0.375111        0.452109 
        1.74268        0.379394        0.368772        0.444377 
        1.75493        0.376386        0.362609         0.43853 
        1.76714        0.368222        0.356602        0.431608 
        1.77942        0.362996        0.350701        0.425144 
        1.79173        0.357223        0.344919        0.417827 
        1.80402        0.350887        0.339279        0.412191 
         1.8163        0.346253        0.333769        0.404965 
         1.8286        0.338812        0.328372        0.400597 
         1.8409        0.335006        0.323098         0.39379 
        1.85315        0.330122        0.317958        0.388046 
        1.86537        0.322783        0.312941         0.38241 
        1.87765        0.318668        0.308013        0.377091 
        1.88995        0.315245        0.303179        0.371867 
        1.90221        0.310588        0.298466        0.366287 
        1.91445        0.305121        0.293862        0.361332 
        1.92674        0.300237        0.289338        0.356127 
        1.93902        0.294944         0.28491        0.350841 
        1.95124         0.29071        0.280597         0.34601 
         1.9635        0.287448        0.276364        0.341104 
        1.97583         0.28338         0.27219        0.336334 
        1.98812        0.279068        0.268119        0.332267 
        2.00039        0.276354         0.26414        0.327308 
        2.01264        0.271878        0.260244        0.323154 
        2.02492        0.268276        0.256422         0.31868 
        2.03717        0.262944        0.252683        0.314469 
        2.04942        0.260651        0.249024        0.310158 
        2.06171        0.256522        0.245424        0.306019 
        2.07397        0.252417        0.241904        0.302151 
        2.08629        0.249955        0.238438        0.298062 
        2.09857        0.245984        0.235048        0.294271 
        2.11081        0.242318        0.231738        0.289997 
        2.12309        0.239427        0.228484        0.286957 
        2.13538        0.235978        0.225288        0.283034 
        2.14763        0.233687        0.222164        0.279599 
        2.15986         0.22973        0.219106        0.276131 
        2.17214        0.227041        0.216093        0.272581 
        2.18443        0.224775        0.213134        0.269123 
        2.19671        0.221308        0.210235        0.266035 
        2.20898        0.219243        0.207392        0.262451 
        2.22126        0.215574        0.204599        0.259483 
        2.23354        0.213725        0.201859        0.256404 
         2.2458        0.210985        0.199173        0.252661 
        2.25807        0.208567        0.196534        0.250104 
        2.27035          0.2054        0.193941        0.247079 
        2.28263        0.202978        0.191395        0.244224 
         2.2949        0.200997        0.188897        0.240988 
        2.30718        0.197949        0.186443        0.238259 
        2.31946        0.196841         0.18403        0.235551 
        2.33169        0.193369        0.181671        0.232753 
        2.34393        0.191165         0.17935        0.230276 
        2.35622        0.189483        0.177062         0.22741 
        2.36847        0.187849         0.17482        0.224852 
        2.38076        0.185431         0.17261        0.222343 
        2.39305         0.18295         0.17044        0.219723 
        2.40534        0.180833        0.168306        0.217216 
        2.41762        0.179495        0.166209        0.214784 
        2.42989         0.17692        0.164151        0.212288 
        2.44216        0.175049        0.162128        0.210026 
         2.4544         0.17327        0.160144        0.207767 
        2.46667         0.17125        0.158189        0.205306 
        2.47897        0.169248        0.156261        0.203018 
        2.49124         0.16763        0.154371        0.200857 
        2.50349        0.166002        0.152515        0.198564 
        2.51578        0.164003        0.150684        0.196382 
        2.52805        0.162867        0.148886        0.194344 
        2.54029        0.161551        0.147122         0.19233 
        2.55257        0.159633        0.145382        0.190315 
        2.56487         0.15804        0.143666         0.18827 
        2.57716        0.156712         0.14198        0.186206 
        2.58942        0.154922        0.140325        0.184164 
        2.60167        0.153637        0.138698        0.182309 
        2.61395        0.152344        0.137095        0.180396 
        2.62624        0.150802        0.135514        0.178552 
        2.63849        0.149532        0.133964        0.176711 
        2.65073         0.14782        0.132439         0.17488 
        2.66302        0.146878        0.130933        0.173005 
         2.6753         0.14543        0.129451        0.171276 
        2.68756         0.14458        0.127995        0.169572 
        2.69983         0.14298         0.12656        0.167635 
        2.71213        0.141581        0.125145        0.166107 
        2.72441        0.140411        0.123753        0.164522 
        2.73665        0.139422        0.122387        0.162851 
         2.7489        0.139117        0.121041         0.16124 
        2.76118        0.137861        0.119712        0.159611 
        2.77349        0.136232        0.118399        0.158122 
        2.78576        0.135607        0.117111        0.156676 
        2.79802         0.13432        0.115843         0.15483 
        2.81031         0.13357        0.114591        0.153456 
        2.82259        0.132472        0.113358        0.151978 
        2.83483        0.131363        0.112148        0.150407 
         2.8471        0.130676        0.110953        0.149153 
         2.8594        0.130222        0.109772        0.147755 
         2.8717        0.129061        0.108608        0.146227 
        2.88396        0.128642        0.107466        0.144917 
        2.89619        0.127811        0.106342        0.143597 
        2.90847        0.127088         0.10523        0.142197 
        2.92072        0.125921        0.104136        0.140795 
        2.93299        0.125523        0.103057        0.139503 
        2.94526        0.124802        0.101992        0.138265 
        2.95753        0.123812        0.100942        0.136958 
        2.96982        0.123523       0.0999057        0.135615 
        2.98209        0.122642       0.0988858        0.134387 
        2.99436        0.122616       0.0978793        0.133177 
        3.00666        0.122057       0.0968851        0.131892 
        3.01894        0.121621       0.0959066        0.130767 
        3.03119        0.121022       0.0949431        0.129624 
        3.04345        0.120582       0.0939927        0.128453 
        3.05573        0.120603       0.0930534          0.1273 
          3.068        0.120107        0.092128         0.12613 
        3.08026        0.119499        0.091216        0.125076 
        3.09254        0.119658       0.0903148        0.123966 
        3.10483        0.119307       0.0894255        0.122885 
         3.1171        0.118962       0.0885495        0.121761 
        3.12933         0.11877       0.0876876        0.120564 
        3.14159        0.118423       0.0868353         0.11964 
