# k  (h/Mpc)    Pcb(k)  (Mpc/h)^3    Pcb_linear(k) (Mpc/h)^3    Pcb_NL(k) (Mpc/h)^3   ShotnoiseSubtracted = false
      0.0156606         15657.9         15721.2         15612.2 
      0.0273761           13466           13594         13480.4 
      0.0384619         10204.2           10242         10147.1 
      0.0498308          7907.9         8056.19         7962.78 
      0.0625568         6678.01         6846.85         6761.77 
      0.0751274          5917.4         5817.17         5695.73 
      0.0867833         4603.65         4683.49         4648.17 
      0.0984825         3852.92         3706.39         3745.16 
       0.111151         3277.35         3094.77          3139.3 
       0.123864         2939.99         2789.02         2825.67 
       0.135742         2668.64         2508.02         2545.29 
        0.14762         2309.31         2144.48         2242.64 
       0.160083         1941.02         1787.55         1905.54 
       0.172465         1731.11         1560.19         1709.31 
       0.184281         1582.27         1438.31          1590.3 
       0.196406         1471.39         1328.28         1460.27 
       0.209011          1364.9         1181.83          1320.3 
       0.221538         1231.45         1032.81         1221.88 
       0.233611         1162.86         924.092          1136.8 
       0.245665         1063.45         852.902         1047.17 
       0.258103         1029.59         793.979         986.604 
       0.270422         925.632         729.574         922.867 
       0.282519         863.026         662.129          866.18 
       0.294636         854.372         603.273         816.531 
       0.306978         769.513         558.129         779.031 
       0.319417         746.385         521.818         733.453 
        0.33169         703.414         487.062         691.932 
       0.343948         671.073         451.291         667.803 
       0.356249         631.582         417.744          640.64 
       0.368458         612.172         389.646         607.743 
        0.38068         592.705         366.148         582.259 
       0.392856         559.213         344.698         559.689 
       0.405069         535.081         323.724         542.302 
       0.417459         513.378         303.416         517.728 
       0.429752         501.226         285.186          499.09 
       0.441978         484.662         269.185         484.949 
       0.454294         459.015         254.656         463.969 
        0.46658         450.076         241.023         452.846 
       0.478753         436.672         228.162         437.763 
       0.490964         420.777         216.081         423.423 
       0.503334         398.216          204.93         412.372 
       0.515665         396.966         194.762         403.404 
       0.527909         382.656         185.376         392.178 
       0.540159         373.034         176.495         381.176 
        0.55248         365.773         168.069          370.74 
       0.564743         360.467         160.266         363.788 
        0.57686         346.532         153.095         353.237 
       0.589077         334.859         146.326         345.432 
       0.601441         331.237         139.889         337.635 
        0.61382         325.235          133.82         331.082 
       0.626067         319.822         128.157         323.867 
       0.638306         305.913         122.824         317.689 
       0.650632         300.791         117.771         308.534 
       0.662899         298.548         113.036         304.613 
       0.675076         287.089         108.599         298.789 
       0.687267         279.996         104.394          291.88 
       0.699615         275.817         100.359         286.831 
       0.711937          271.38          96.545         281.668 
       0.724148         263.346         92.9614         277.426 
       0.736433         257.691          89.542         271.749 
       0.748747          253.46         86.2896         266.576 
       0.761037         249.005         83.2065         262.292 
       0.773197         245.625         80.3059         258.805 
       0.785376         242.231         77.5404         254.074 
       0.797761         236.418         74.8623          250.36 
       0.810096         233.443         72.3213         246.695 
       0.822371         224.652         69.9106         242.602 
       0.834626         224.061         67.6142         238.944 
       0.846916         219.497         65.4155         235.461 
       0.859215         219.303         63.3139         232.035 
       0.871383          213.44          61.326         228.425 
        0.88363          211.72         59.4121         226.051 
       0.895928         206.843         57.5729          222.53 
       0.908253          201.21         55.8086          218.83 
       0.920535         200.544         54.1245         215.886 
       0.932774         194.006         52.5161         212.874 
        0.94508         192.276         50.9653         210.639 
       0.957324         191.844          49.485         207.472 
        0.96953         189.246         48.0682         204.457 
       0.981769         183.387         46.7037         202.579 
       0.994071         182.565         45.3859         199.917 
         1.0064         178.374         44.1168         196.879 
        1.01868         176.001         42.9003         194.657 
        1.03092         172.947         41.7352         192.576 
         1.0432         169.597         40.6095         190.176 
        1.05553         166.995          39.521         187.884 
        1.06777         166.835         38.4805         185.983 
           1.08         162.743         37.4787         183.558 
        1.09227          160.86         36.5095         181.675 
         1.1046         158.356         35.5711         179.646 
         1.1169         155.979         34.6674         177.196 
        1.12915         153.603         33.7997         175.511 
        1.14142          151.18         32.9601          173.22 
        1.15365         149.225         32.1515         171.403 
        1.16585         147.152         31.3724         169.168 
        1.17807         145.128         30.6182         167.948 
        1.19037         144.203         29.8839         166.204 
        1.20276         141.524         29.1688         164.162 
        1.21504         139.451         28.4829         162.398 
        1.22728         136.733         27.8219         160.391 
        1.23954         136.112         27.1804         159.138 
        1.25184         133.438          26.558          157.33 
        1.26414         131.507         25.9548         155.679 
        1.27632         130.994         25.3759         154.824 
         1.2886         128.657         24.8106          152.62 
        1.30093         125.259         24.2605         150.991 
        1.31316          124.79         23.7312          149.36 
        1.32541          122.99         23.2177         148.242 
        1.33772         121.796         22.7165         146.636 
        1.35005         120.153         22.2298         145.002 
        1.36225         118.704         21.7624         143.711 
        1.37447         116.554         21.3075         142.103 
        1.38676         115.612         20.8636         140.675 
        1.39907         113.149         20.4317         139.385 
        1.41133         111.669         20.0139         138.235 
        1.42358         110.104         19.6081           136.9 
        1.43591         109.282         19.2109         135.359 
        1.44818         108.233         18.8269         134.249 
        1.46037         106.117         18.4557         132.881 
        1.47263         104.933         18.0924         131.881 
        1.48494         103.708         17.7376         130.416 
        1.49724         102.168         17.3926         129.112 
        1.50952         100.399         17.0574         127.979 
        1.52178         99.7547         16.7317         126.762 
        1.53409          98.329         16.4131         125.676 
        1.54637         96.6729         16.1035         124.557 
        1.55858         95.3571         15.8036         123.333 
        1.57081         94.0243          15.511          122.27 
        1.58313         92.9687          15.224         121.124 
        1.59544          91.963         14.9444         120.059 
        1.60767         90.5921         14.6737         118.903 
        1.61994         89.2704         14.4087         118.128 
        1.63225         88.0306         14.1497         116.694 
        1.64452         86.7118         13.8978         115.733 
        1.65676         85.5643         13.6529         114.777 
          1.669         84.9742         13.4136         113.851 
        1.68133         83.6951         13.1786          112.77 
        1.69363         82.7557           12.95         111.854 
        1.70585         81.5194         12.7282         110.816 
        1.71809         80.3012         12.5111         109.891 
        1.73038         79.5618         12.2985         108.879 
        1.74268         78.2811         12.0907         107.952 
        1.75493         77.5636         11.8886          106.98 
        1.76714         76.2782         11.6916         106.112 
        1.77942          75.694         11.4982         105.135 
        1.79173         74.3991         11.3086         104.284 
        1.80402         73.6947         11.1237         103.461 
         1.8163         72.6433          10.943          102.41 
         1.8286         71.6106         10.7661          101.65 
         1.8409         70.8003         10.5932         100.767 
        1.85315         69.6982         10.4247         99.9998 
        1.86537         68.9873         10.2601         99.1242 
        1.87765         68.2741         10.0986          98.188 
        1.88995         67.2208         9.94011         97.4761 
        1.90221         66.4193         9.78559         96.6344 
        1.91445         65.1955         9.63461         95.8398 
        1.92674         64.5835          9.4863         95.0687 
        1.93902          63.767         9.34111         94.2134 
        1.95124         63.3003         9.19973         93.5528 
         1.9635         62.1718         9.06092         92.6171 
        1.97583         61.5218         8.92409         92.0081 
        1.98812         60.7865         8.79062         91.1924 
        2.00039         59.7928         8.66014         90.4534 
        2.01264         59.2777         8.53243          89.696 
        2.02492         58.4058         8.40712         88.9956 
        2.03717         57.5796         8.28453         88.2055 
        2.04942         57.0064         8.16455         87.5951 
        2.06171         56.0848         8.04653         86.8321 
        2.07397         55.4934         7.93111         86.1937 
        2.08629         54.9765         7.81748         85.4405 
        2.09857         54.2333         7.70634          84.788 
        2.11081         53.1198         7.59782         84.0359 
        2.12309         52.8589         7.49113         83.4531 
        2.13538         52.0812         7.38634         82.7634 
        2.14763         51.5121         7.28391         82.1164 
        2.15986          50.611         7.18365         81.4549 
        2.17214         50.0984         7.08488         80.8319 
        2.18443           49.66         6.98787         80.2354 
        2.19671         48.7579         6.89279         79.5518 
        2.20898         48.5298          6.7996         78.9367 
        2.22126         47.7689         6.70803         78.2877 
        2.23354         47.1284         6.61818         77.7268 
         2.2458          46.635         6.53013         77.1519 
        2.25807         46.1848         6.44361         76.4939 
        2.27035         45.5694         6.35858         75.9069 
        2.28263         44.8533         6.27513         75.3064 
         2.2949         44.4273         6.19321         74.7446 
        2.30718         43.8159         6.11274          74.201 
        2.31946         43.2288         6.03365         73.6545 
        2.33169         42.7345         5.95631         73.0765 
        2.34393         42.0316          5.8802         72.5207 
        2.35622         41.7987         5.80518         71.9612 
        2.36847          41.266         5.73168         71.4524 
        2.38076         40.7975         5.65924         70.8793 
        2.39305          40.264         5.58806         70.3708 
        2.40534         39.8773         5.51811         69.7908 
        2.41762         39.4654         5.44936          69.247 
        2.42989         38.8205         5.38189         68.7922 
        2.44216         38.5604         5.31556         68.2592 
         2.4544           38.11         5.25051         67.7487 
        2.46667          37.653          5.1864         67.2128 
        2.47897         37.2197          5.1232         66.7371 
        2.49124         36.7237         5.06123         66.2518 
        2.50349          36.228         5.00038         65.7533 
        2.51578         35.8374         4.94035         65.3122 
        2.52805         35.7278         4.88141         64.8093 
        2.54029         35.1847         4.82357         64.3185 
        2.55257          34.683          4.7665         63.8694 
        2.56487         34.4047         4.71025         63.4253 
        2.57716         33.9895         4.65498         62.9906 
        2.58942         33.5926         4.60072         62.5074 
        2.60167         33.1176         4.54738           62.04 
        2.61395         32.8751         4.49481         61.6065 
        2.62624         32.6151         4.44299         61.1576 
        2.63849         32.2915         4.39216         60.7333 
        2.65073         31.9428         4.34217         60.2677 
        2.66302         31.5973         4.29278         59.8496 
         2.6753          31.209          4.2442          59.433 
        2.68756         30.7767         4.19646         58.9845 
        2.69983         30.5746         4.14943         58.5986 
        2.71213         30.2769         4.10302         58.2033 
        2.72441         30.0705          4.0574         57.7707 
        2.73665         29.7697         4.01258         57.3585 
         2.7489         29.5539         3.96847         56.9639 
        2.76118         29.1422         3.92488         56.5687 
        2.77349         28.9961         3.88185         56.1825 
        2.78576         28.7942         3.83963         55.7722 
        2.79802         28.4039         3.79806         55.4057 
        2.81031         28.1593         3.75701         55.0281 
        2.82259         27.9385         3.71658          54.626 
        2.83483         27.6644          3.6769          54.252 
         2.8471         27.3482         3.63772         53.8903 
         2.8594         27.2204           3.599          53.535 
         2.8717         26.9174         3.56085         53.1622 
        2.88396         26.7463         3.52339          52.777 
        2.89619         26.5094         3.48655          52.419 
        2.90847         26.3289         3.45009         52.0777 
        2.92072         26.1861         3.41421         51.7153 
        2.93299         26.0447         3.37883         51.3584 
        2.94526         25.7691         3.34391         51.0319 
        2.95753         25.6316          3.3095         50.6992 
        2.96982         25.5788         3.27552         50.3547 
        2.98209         25.3328         3.24208         50.0225 
        2.99436         25.1157         3.20908         49.6775 
        3.00666         25.1097         3.17648         49.3511 
        3.01894         24.9066          3.1444         49.0031 
        3.03119         24.7874         3.11281         48.6853 
        3.04345         24.6819         3.08165         48.3843 
        3.05573         24.6224         3.05085         48.0667 
          3.068         24.5055         3.02051         47.7473 
        3.08026           24.36         2.99062         47.4293 
        3.09254         24.2918         2.96107         47.1226 
        3.10483          24.289         2.93191         46.8216 
         3.1171         24.2316         2.90319          46.517 
        3.12933         24.1768         2.87493         46.2128 
        3.14159         24.0467         2.84699         45.9107 
