# k  (h/Mpc)    P(k)  (Mpc/h)^3    P_linear(k)  (Mpc/h)^3     P_NL(k)  ShotnoiseSubtracted = false
      0.0156606         11449.4         11630.2         11557.1 
      0.0273761         9857.42         10041.6         9975.68 
      0.0384619         7472.94         7559.89         7509.07 
      0.0498308         5805.13         5943.79         5895.36 
      0.0625568         4898.84         5049.98         5004.59 
      0.0751274         4318.56         4289.69         4223.56 
      0.0867833         3373.19         3453.27         3435.68 
      0.0984825         2800.36         2732.58         2757.28 
       0.111151          2371.2          2281.5         2308.34 
       0.123864          2128.7         2055.99         2078.42 
       0.135742         1926.15         1848.78         1871.78 
        0.14762          1657.5         1580.75         1639.54 
       0.160083         1384.25         1317.61          1386.7 
       0.172465         1233.04            1150         1236.48 
       0.184281         1133.99         1060.15         1149.64 
       0.196406         1044.68         979.034          1054.1 
       0.209011         961.988         871.079         951.143 
       0.221538         867.127         761.233          872.18 
       0.233611         807.789         681.101         805.773 
       0.245665         746.367         628.626         741.377 
       0.258103         706.227         585.194         697.176 
       0.270422         642.962         537.722         649.585 
       0.282519         592.867          488.01         605.541 
       0.294636         587.145         444.629         567.996 
       0.306978         523.532         411.356         539.465 
       0.319417         504.451         384.593         507.371 
        0.33169          474.59         358.975         477.532 
       0.343948         452.316          332.61         458.009 
       0.356249         423.625         307.885          437.72 
       0.368458         410.821         287.175         413.169 
        0.38068         393.445         269.858         394.488 
       0.392856         369.039         254.048         378.204 
       0.405069         354.351         238.589         365.144 
       0.417459          338.76         223.622         346.404 
       0.429752         327.505         210.186         333.429 
       0.441978         316.761         198.393         323.124 
       0.454294         297.156         187.684         308.247 
        0.46658         295.166         177.636         299.619 
       0.478753         282.448         168.157          289.03 
       0.490964          273.03         159.253         278.835 
       0.503334          257.69         151.035         270.736 
       0.515665         254.853         143.541         264.462 
       0.527909         246.984         136.623         255.366 
       0.540159         239.962         130.077         248.028 
        0.55248         235.069         123.867         240.553 
       0.564743         229.089         118.117         235.301 
        0.57686         220.954         112.832         227.931 
       0.589077         212.141         107.843         222.974 
       0.601441         208.918         103.099          217.54 
        0.61382          206.66         98.6258          212.21 
       0.626067         201.163         94.4519         207.155 
       0.638306         192.064         90.5215         202.948 
       0.650632         186.955         86.7975         196.474 
       0.662899         186.803         83.3078           193.1 
       0.675076         180.022         80.0374         188.779 
       0.687267         175.408         76.9384         184.638 
       0.699615         171.898         73.9648         180.952 
       0.711937         167.792         71.1538          177.26 
       0.724148         164.761         68.5126         174.659 
       0.736433          160.72         65.9925         170.625 
       0.748747         157.189         63.5954         167.142 
       0.761037         154.809         61.3232         163.732 
       0.773197         151.614         59.1855         161.861 
       0.785376          149.78         57.1472         158.199 
       0.797761         146.719         55.1735         156.179 
       0.810096         143.187         53.3007         153.158 
       0.822371         138.736          51.524          150.58 
       0.834626         137.001         49.8316         148.008 
       0.846916         135.511         48.2112         145.778 
       0.859215          133.73         46.6623         143.362 
       0.871383          131.08         45.1972         140.956 
        0.88363         128.594         43.7866         139.299 
       0.895928         126.092         42.4311         137.311 
       0.908253         122.743         41.1308         134.779 
       0.920535         122.176         39.8897         133.067 
       0.932774         118.666         38.7042         130.819 
        0.94508         117.727         37.5613         129.159 
       0.957324         116.294         36.4703         127.324 
        0.96953          115.75         35.4262         125.251 
       0.981769         112.049         34.4205         124.103 
       0.994071         111.293         33.4493         122.326 
         1.0064         108.629          32.514         120.526 
        1.01868         107.649         31.6174         119.148 
        1.03092         105.724         30.7588         117.672 
         1.0432         103.929         29.9291         116.112 
        1.05553         101.471         29.1269         114.966 
        1.06777         101.326         28.3601         113.632 
           1.08         99.3456         27.6217         112.116 
        1.09227          97.938         26.9074         110.784 
         1.1046         96.2415         26.2158         109.419 
         1.1169          95.131         25.5498         107.923 
        1.12915          93.808         24.9103         106.798 
        1.14142         92.2374         24.2915         105.466 
        1.15365          90.464         23.6956         104.287 
        1.16585         89.4124         23.1214         103.034 
        1.17807         88.0178         22.5655         102.126 
        1.19037         87.8746         22.0244         101.056 
        1.20276         85.9535         21.4973         99.8533 
        1.21504         85.3666         20.9918         98.6718 
        1.22728         83.4965         20.5047         97.6767 
        1.23954         82.8606         20.0319         96.5651 
        1.25184         81.2464         19.5731         95.6526 
        1.26414          80.177         19.1286         94.6712 
        1.27632         79.4031         18.7019         94.0081 
         1.2886         78.1354         18.2853          92.663 
        1.30093         77.0621         17.8799         91.6233 
        1.31316         76.2501         17.4898         90.9351 
        1.32541         75.5443         17.1113         90.0407 
        1.33772         74.3506          16.742         89.1085 
        1.35005         73.6833         16.3833         88.2253 
        1.36225         72.5395         16.0388          87.354 
        1.37447         70.9556         15.7036         86.4235 
        1.38676         71.0203         15.3764         85.4897 
        1.39907         69.6627         15.0581         84.8749 
        1.41133         68.4503         14.7501         84.2135 
        1.42358         67.6952         14.4511         83.1705 
        1.43591          67.222         14.1584         82.4351 
        1.44818         66.2606         13.8753          81.601 
        1.46037         65.4653         13.6018         80.9749 
        1.47263         64.4963          13.334          80.318 
        1.48494         63.7826         13.0725         79.5011 
        1.49724         62.7919         12.8183         78.6946 
        1.50952         62.3598         12.5713          77.949 
        1.52178         61.5458         12.3312         77.3514 
        1.53409         61.0054         12.0964         76.6838 
        1.54637          59.567         11.8682         75.9339 
        1.55858         58.9724         11.6472         75.2073 
        1.57081         58.5386         11.4316         74.6662 
        1.58313          57.602           11.22         74.0487 
        1.59544         56.8548          11.014         73.3121 
        1.60767          56.295         10.8144         72.7064 
        1.61994         55.4364         10.6191         72.1779 
        1.63225         54.7827         10.4283          71.388 
        1.64452         54.1995         10.2426          70.887 
        1.65676         53.3965         10.0621         70.2106 
          1.669         53.0361         9.88579         69.6842 
        1.68133         52.4926          9.7126         69.0419 
        1.69363         51.5862         9.54406         68.5562 
        1.70585         51.2973         9.38061         67.9695 
        1.71809         50.2301         9.22066          67.433 
        1.73038          49.889         9.06393          66.852 
        1.74268         49.1752         8.91076         66.2869 
        1.75493         48.6723         8.76183         65.7324 
        1.76714         48.0732         8.61669         65.1782 
        1.77942         47.7933         8.47411         64.6794 
        1.79173         46.9691         8.33439         64.0812 
        1.80402         46.5489         8.19811         63.6632 
         1.8163         45.9451         8.06496         63.0576 
         1.8286         45.3154         7.93454          62.688 
         1.8409         44.7731         7.80712         62.0651 
        1.85315         44.2998         7.68293         61.7111 
        1.86537           43.78         7.56168         61.1883 
        1.87765         43.3807         7.44261         60.6202 
        1.88995         42.7763         7.32581         60.1311 
        1.90221         42.4343         7.21194         59.6624 
        1.91445         41.7594         7.10067         59.2697 
        1.92674         41.3634         6.99136         58.7544 
        1.93902         40.9212         6.88436         58.2823 
        1.95124         40.5012         6.78016         57.9134 
         1.9635         39.8664         6.67785         57.4061 
        1.97583         39.5233         6.57702         57.0389 
        1.98812         38.8723         6.47865         56.5428 
        2.00039         38.6344         6.38248         56.0982 
        2.01264         38.0349         6.28836         55.7248 
        2.02492         37.7225         6.19601         55.3043 
        2.03717         37.1826         6.10566         54.8381 
        2.04942          36.755         6.01723         54.4436 
        2.06171         36.4189         5.93026         53.9843 
        2.07397          35.932         5.84519          53.635 
        2.08629         35.5499         5.76145          53.203 
        2.09857         35.2293         5.67954         52.8508 
        2.11081         34.7319         5.59956         52.4171 
        2.12309          34.436         5.52093          52.019 
        2.13538         33.9332          5.4437         51.6856 
        2.14763         33.6368         5.36821         51.2855 
        2.15986         33.4295         5.29432          50.881 
        2.17214         32.8437         5.22152          50.584 
        2.18443         32.5775         5.15003         50.1299 
        2.19671         32.0963         5.07996         49.7713 
        2.20898         31.6818         5.01127         49.3961 
        2.22126         31.5513         4.94379         49.0295 
        2.23354         31.1413         4.87757         48.7345 
         2.2458         30.8019         4.81268         48.3547 
        2.25807          30.307         4.74891          47.984 
        2.27035         30.0134         4.68624         47.6598 
        2.28263         29.6841         4.62474         47.3285 
         2.2949         29.4384         4.56437         46.9933 
        2.30718         29.1253         4.50506          46.639 
        2.31946         28.8276         4.44677         46.3127 
        2.33169         28.5289         4.38977         45.9706 
        2.34393         28.1479         4.33368         45.6182 
        2.35622         27.8342         4.27839         45.3533 
        2.36847          27.522         4.22422          44.983 
        2.38076         27.2861         4.17083         44.7153 
        2.39305           26.96         4.11837          44.405 
        2.40534         26.7203         4.06682         44.0291 
        2.41762          26.349         4.01615         43.7514 
        2.42989         26.1896         3.96642         43.4457 
        2.44216         25.8634         3.91755         43.1511 
         2.4544         25.6105          3.8696         42.8631 
        2.46667         25.2778         3.82235         42.5477 
        2.47897         25.0646         3.77578         42.2692 
        2.49124         24.8539         3.73011         41.9662 
        2.50349         24.5384         3.68526         41.7056 
        2.51578         24.2112         3.64101         41.4221 
        2.52805         24.0539         3.59757         41.1176 
        2.54029         23.8522         3.55495         40.8399 
        2.55257         23.6135         3.51289         40.5598 
        2.56487         23.3871         3.47143         40.2859 
        2.57716         23.1384          3.4307          39.999 
        2.58942         22.9013         3.39071         39.7601 
        2.60167         22.6867          3.3514          39.467 
        2.61395         22.4723         3.31265          39.201 
        2.62624         22.2991         3.27446         38.9527 
        2.63849         22.1202           3.237         38.6871 
        2.65073         21.8402         3.20016         38.4102 
        2.66302          21.577         3.16376         38.1767 
         2.6753         21.4773         3.12795         37.9255 
        2.68756         21.3229         3.09277         37.6924 
        2.69983         21.1225         3.05811         37.4134 
        2.71213         20.9227          3.0239         37.1737 
        2.72441         20.7673         2.99028         36.9103 
        2.73665           20.56         2.95725         36.6679 
         2.7489         20.3472         2.92474         36.4328 
        2.76118         20.2282         2.89262         36.1694 
        2.77349         20.1225          2.8609         35.9564 
        2.78576           19.88         2.82979         35.7305 
        2.79802         19.7046         2.79915         35.4896 
        2.81031         19.5993          2.7689         35.2764 
        2.82259         19.5026          2.7391         35.0414 
        2.83483         19.2518         2.70986         34.7981 
         2.8471         19.2045         2.68099          34.565 
         2.8594         19.0451         2.65244         34.3531 
         2.8717         18.8767         2.62433          34.123 
        2.88396         18.7069         2.59673         33.8943 
        2.89619         18.6782         2.56957         33.6871 
        2.90847         18.5396          2.5427         33.4689 
        2.92072         18.3925         2.51626         33.2674 
        2.93299         18.3315         2.49018         33.0616 
        2.94526         18.2484         2.46445         32.8455 
        2.95753          18.161         2.43909         32.6338 
        2.96982         18.0866         2.41404         32.4323 
        2.98209         17.9443          2.3894         32.2315 
        2.99436         17.9097         2.36508         32.0274 
        3.00666         17.7901         2.34105         31.8191 
        3.01894         17.7365         2.31741         31.6098 
        3.03119         17.5872         2.29413         31.4114 
        3.04345         17.6322         2.27116         31.2234 
        3.05573         17.5542         2.24847         31.0288 
          3.068         17.4689         2.22611         30.8226 
        3.08026         17.4588         2.20407         30.6338 
        3.09254         17.3855         2.18229         30.4506 
        3.10483         17.3537         2.16081         30.2651 
         3.1171         17.3733         2.13964         30.0801 
        3.12933           17.31         2.11881         29.8932 
        3.14159         17.2386         2.09822         29.7025 
