# k  (h/Mpc)    P(k)  (Mpc/h)^3    P_linear(k)  (Mpc/h)^3     P_NL(k)  ShotnoiseSubtracted = false
      0.0156606         468.909         479.073         476.882 
      0.0273761         408.638         414.402         413.598 
      0.0384619         310.205         312.274         312.308 
      0.0498308         244.218         245.656         245.862 
      0.0625568         206.141         208.795         208.729 
      0.0751274         176.264         177.403         177.163 
      0.0867833         141.235         142.834         142.813 
      0.0984825         113.044         113.037         113.205 
       0.111151         94.4274         94.3858         94.5302 
       0.123864         84.7553         85.0617         85.0974 
       0.135742         76.0358         76.4923         76.4963 
        0.14762         64.7298         65.4053         65.5247 
       0.160083         53.9228         54.5194         54.6954 
       0.172465         47.1662         47.5852         47.7861 
       0.184281         43.5972         43.8681         44.0599 
       0.196406         39.9496         40.5122         40.6385 
       0.209011         35.7069         36.0456         36.2036 
       0.221538          31.399         31.5005         31.7441 
       0.233611         28.1035         28.1848         28.4564 
       0.245665         26.1524         26.0136         26.2476 
       0.258103         23.8457         24.2164         24.4432 
       0.270422         22.1789         22.2521          22.468 
       0.282519         20.1279         20.1951         20.4364 
       0.294636          18.623         18.3999         18.6565 
       0.306978         16.8338         17.0231         17.2861 
       0.319417         15.9011         15.9156         16.1694 
        0.33169         14.8019         14.8555         15.0985 
       0.343948         13.8363         13.7645         14.0057 
       0.356249         12.6898         12.7413         13.0225 
       0.368458         11.9359         11.8843         12.1303 
        0.38068         11.1406         11.1677         11.4124 
       0.392856         10.4866         10.5135         10.7604 
       0.405069         9.89517         9.87372         10.1056 
       0.417459         9.13978         9.25434         9.50095 
       0.429752         8.66794         8.69833         8.94006 
       0.441978         8.22323         8.21029         8.46778 
       0.454294         7.71771         7.76712         8.00965 
        0.46658         7.41697         7.35131         7.58733 
       0.478753         6.96873         6.95903         7.19286 
       0.490964         6.66439         6.59054         6.84075 
       0.503334         6.34043         6.25048         6.48268 
       0.515665         5.96895         5.94035         6.18575 
       0.527909         5.72193         5.65405         5.87981 
       0.540159         5.41534         5.38317          5.6045 
        0.55248         5.11984         5.12616         5.33658 
       0.564743         4.97904          4.8882         5.11682 
        0.57686         4.74498         4.66947         4.88776 
       0.589077         4.47153         4.46301         4.69016 
       0.601441         4.29839         4.26668          4.4879 
        0.61382         4.11437         4.08158          4.2942 
       0.626067         3.92824         3.90885         4.11885 
       0.638306         3.78329         3.74619         3.95184 
       0.650632         3.65951         3.59208         3.80124 
       0.662899          3.5027         3.44766         3.64869 
       0.675076         3.33066         3.31231         3.51352 
       0.687267         3.20031         3.18407         3.37393 
       0.699615          3.1178         3.06101         3.24873 
       0.711937         2.97601         2.94467         3.13824 
       0.724148         2.89546         2.83537         3.02374 
       0.736433         2.76201         2.73108           2.911 
       0.748747         2.66812         2.63188            2.82 
       0.761037         2.57273         2.53784         2.71874 
       0.773197         2.47278         2.44937         2.63318 
       0.785376         2.38385         2.36502         2.54334 
       0.797761         2.30445         2.28334         2.45451 
       0.810096         2.24849         2.20584         2.38353 
       0.822371         2.18316         2.13231         2.30109 
       0.834626         2.10911         2.06227         2.22716 
       0.846916         2.03518         1.99521         2.16649 
       0.859215         1.95118         1.93111         2.10182 
       0.871383         1.89293         1.87047         2.03514 
        0.88363         1.83875          1.8121         1.97598 
       0.895928         1.79312           1.756         1.91596 
       0.908253         1.73758         1.70219         1.86138 
       0.920535         1.68675         1.65083          1.8053 
       0.932774         1.63111         1.60177         1.75152 
        0.94508         1.58834         1.55447         1.70363 
       0.957324         1.54615         1.50932         1.66098 
        0.96953         1.49287         1.46611         1.61449 
       0.981769         1.44541         1.42449         1.56683 
       0.994071         1.41169         1.38429         1.53134 
         1.0064         1.37109         1.34559         1.48789 
        1.01868         1.33024         1.30848         1.45005 
        1.03092         1.30818         1.27295         1.40957 
         1.0432         1.26692         1.23861         1.37466 
        1.05553         1.23165         1.20541          1.3422 
        1.06777          1.1965         1.17368          1.3087 
           1.08         1.17224         1.14312         1.27544 
        1.09227         1.13205         1.11356         1.24338 
         1.1046         1.10633         1.08494         1.21514 
         1.1169          1.0776         1.05737         1.18589 
        1.12915         1.05115         1.03091         1.15751 
        1.14142         1.03033          1.0053         1.13063 
        1.15365         1.00543         0.98064         1.10479 
        1.16585        0.979688        0.956875         1.07841 
        1.17807        0.963851        0.933872         1.05586 
        1.19037        0.926358        0.911476         1.03039 
        1.20276        0.909941        0.889666         1.00552 
        1.21504        0.891087        0.868744        0.987817 
        1.22728        0.875082        0.848584        0.962495 
        1.23954        0.852361        0.829018        0.944681 
        1.25184         0.83707        0.810034        0.922314 
        1.26414        0.816826        0.791637        0.902675 
        1.27632        0.792478        0.773979        0.883555 
         1.2886        0.775138        0.756736         0.86387 
        1.30093        0.755419         0.73996        0.849078 
        1.31316        0.734385        0.723816        0.830411 
        1.32541        0.722705        0.708152        0.814672 
        1.33772        0.710311        0.692866        0.798135 
        1.35005        0.698017        0.678022        0.782527 
        1.36225         0.68127        0.663765        0.766092 
        1.37447        0.666876        0.649892        0.752518 
        1.38676        0.654363        0.636353        0.736577 
        1.39907        0.640517        0.623178        0.723048 
        1.41133        0.624473        0.610434        0.709359 
        1.42358        0.616568         0.59806        0.694426 
        1.43591        0.602877        0.585944        0.683505 
        1.44818        0.591033        0.574231        0.671197 
        1.46037        0.577972        0.562909        0.657154 
        1.47263        0.567251        0.551829        0.646032 
        1.48494        0.556914        0.541007        0.635023 
        1.49724        0.546274        0.530483        0.623702 
        1.50952        0.534351        0.520262        0.610225 
        1.52178         0.52452        0.510325          0.6001 
        1.53409        0.515799        0.500609        0.590071 
        1.54637        0.503117        0.491166        0.579127 
        1.55858        0.496109         0.48202        0.569194 
        1.57081        0.489356        0.473095        0.559057 
        1.58313        0.478588        0.464341        0.550297 
        1.59544        0.471065        0.455814        0.540432 
        1.60767        0.462665        0.447555        0.531495 
        1.61994        0.452508        0.439473        0.523399 
        1.63225        0.444023        0.431574         0.51474 
        1.64452        0.438249        0.423892         0.50562 
        1.65676        0.431505         0.41642        0.497688 
          1.669         0.42401        0.409124        0.489235 
        1.68133         0.41531        0.401956        0.481733 
        1.69363         0.40804        0.394981        0.474256 
        1.70585         0.40181        0.388217        0.466364 
        1.71809        0.394265        0.381597        0.458966 
        1.73038        0.388167        0.375111        0.452109 
        1.74268        0.380132        0.368772        0.444377 
        1.75493        0.377118        0.362609         0.43853 
        1.76714        0.368941        0.356602        0.431608 
        1.77942        0.363698        0.350701        0.425144 
        1.79173        0.357918        0.344919        0.417827 
        1.80402        0.351573        0.339279        0.412191 
         1.8163        0.346928        0.333769        0.404965 
         1.8286         0.33947        0.328372        0.400597 
         1.8409        0.335663        0.323098         0.39379 
        1.85315        0.330769        0.317958        0.388046 
        1.86537        0.323416        0.312941         0.38241 
        1.87765        0.319295        0.308013        0.377091 
        1.88995        0.315862        0.303179        0.371867 
        1.90221        0.311195        0.298466        0.366287 
        1.91445        0.305721        0.293862        0.361332 
        1.92674        0.300826        0.289338        0.356127 
        1.93902        0.295524         0.28491        0.350841 
        1.95124        0.291282        0.280597         0.34601 
         1.9635        0.288016        0.276364        0.341104 
        1.97583        0.283937         0.27219        0.336334 
        1.98812        0.279617        0.268119        0.332267 
        2.00039        0.276892         0.26414        0.327308 
        2.01264        0.272417        0.260244        0.323154 
        2.02492        0.268805        0.256422         0.31868 
        2.03717        0.263462        0.252683        0.314469 
        2.04942        0.261165        0.249024        0.310158 
        2.06171         0.25703        0.245424        0.306019 
        2.07397        0.252917        0.241904        0.302151 
        2.08629        0.250451        0.238438        0.298062 
        2.09857        0.246472        0.235048        0.294271 
        2.11081        0.242797        0.231738        0.289997 
        2.12309        0.239902        0.228484        0.286957 
        2.13538        0.236447        0.225288        0.283034 
        2.14763         0.23415        0.222164        0.279599 
        2.15986        0.230186        0.219106        0.276131 
        2.17214        0.227493        0.216093        0.272581 
        2.18443        0.225221        0.213134        0.269123 
        2.19671        0.221749        0.210235        0.266035 
        2.20898        0.219679        0.207392        0.262451 
        2.22126        0.216003        0.204599        0.259483 
        2.23354        0.214149        0.201859        0.256404 
         2.2458        0.211407        0.199173        0.252661 
        2.25807        0.208982        0.196534        0.250104 
        2.27035         0.20581        0.193941        0.247079 
        2.28263        0.203384        0.191395        0.244224 
         2.2949        0.201398        0.188897        0.240988 
        2.30718        0.198346        0.186443        0.238259 
        2.31946        0.197235         0.18403        0.235551 
        2.33169        0.193756        0.181671        0.232753 
        2.34393        0.191549         0.17935        0.230276 
        2.35622        0.189861        0.177062         0.22741 
        2.36847        0.188225         0.17482        0.224852 
        2.38076        0.185802         0.17261        0.222343 
        2.39305        0.183318         0.17044        0.219723 
        2.40534        0.181196        0.168306        0.217216 
        2.41762        0.179856        0.166209        0.214784 
        2.42989        0.177275        0.164151        0.212288 
        2.44216        0.175401        0.162128        0.210026 
         2.4544        0.173619        0.160144        0.207767 
        2.46667        0.171595        0.158189        0.205306 
        2.47897        0.169593        0.156261        0.203018 
        2.49124        0.167969        0.154371        0.200857 
        2.50349        0.166338        0.152515        0.198564 
        2.51578        0.164336        0.150684        0.196382 
        2.52805        0.163196        0.148886        0.194344 
        2.54029        0.161878        0.147122         0.19233 
        2.55257        0.159954        0.145382        0.190315 
        2.56487         0.15836        0.143666         0.18827 
        2.57716        0.157028         0.14198        0.186206 
        2.58942        0.155238        0.140325        0.184164 
        2.60167        0.153949        0.138698        0.182309 
        2.61395        0.152654        0.137095        0.180396 
        2.62624        0.151106        0.135514        0.178552 
        2.63849        0.149835        0.133964        0.176711 
        2.65073        0.148119        0.132439         0.17488 
        2.66302        0.147178        0.130933        0.173005 
         2.6753        0.145726        0.129451        0.171276 
        2.68756        0.144875        0.127995        0.169572 
        2.69983        0.143271         0.12656        0.167635 
        2.71213        0.141869        0.125145        0.166107 
        2.72441        0.140696        0.123753        0.164522 
        2.73665        0.139707        0.122387        0.162851 
         2.7489        0.139403        0.121041         0.16124 
        2.76118        0.138145        0.119712        0.159611 
        2.77349         0.13651        0.118399        0.158122 
        2.78576        0.135886        0.117111        0.156676 
        2.79802        0.134593        0.115843         0.15483 
        2.81031        0.133845        0.114591        0.153456 
        2.82259        0.132744        0.113358        0.151978 
        2.83483        0.131633        0.112148        0.150407 
         2.8471        0.130944        0.110953        0.149153 
         2.8594         0.13049        0.109772        0.147755 
         2.8717        0.129327        0.108608        0.146227 
        2.88396        0.128908        0.107466        0.144917 
        2.89619        0.128075        0.106342        0.143597 
        2.90847        0.127351         0.10523        0.142197 
        2.92072        0.126184        0.104136        0.140795 
        2.93299        0.125782        0.103057        0.139503 
        2.94526        0.125062        0.101992        0.138265 
        2.95753         0.12407        0.100942        0.136958 
        2.96982        0.123781       0.0999057        0.135615 
        2.98209        0.122898       0.0988858        0.134387 
        2.99436         0.12287       0.0978793        0.133177 
        3.00666        0.122313       0.0968851        0.131892 
        3.01894        0.121875       0.0959066        0.130767 
        3.03119        0.121275       0.0949431        0.129624 
        3.04345        0.120834       0.0939927        0.128453 
        3.05573        0.120855       0.0930534          0.1273 
          3.068         0.12036        0.092128         0.12613 
        3.08026        0.119749        0.091216        0.125076 
        3.09254         0.11991       0.0903148        0.123966 
        3.10483        0.119559       0.0894255        0.122885 
         3.1171        0.119212       0.0885495        0.121761 
        3.12933        0.119022       0.0876876        0.120564 
        3.14159        0.118672       0.0868353         0.11964 
