# k  (h/Mpc)    P(k)  (Mpc/h)^3    P_linear(k)  (Mpc/h)^3     P_NL(k)  ShotnoiseSubtracted = false
      0.0156606         20606.3         20657.8         20498.3 
      0.0273761         17642.3         17830.8         17644.5 
      0.0384619         13332.5         13421.3         13257.6 
      0.0498308         10295.2         10550.7         10386.6 
      0.0625568         8693.38         8963.17         8816.66 
      0.0751274         7734.68         7613.18            7407 
      0.0867833         5993.67         6128.41         6065.07 
      0.0984825         5057.06         4849.24         4907.19 
       0.111151         4321.75         4048.62         4119.82 
       0.123864         3871.87         3648.35         3706.08 
       0.135742         3527.64         3280.59         3338.61 
        0.14762         3068.37         2804.95            2959 
       0.160083         2602.05            2338         2527.31 
       0.172465         2320.76         2040.56         2281.42 
       0.184281          2105.8         1881.11          2123.2 
       0.196406         1982.06         1737.17         1954.63 
       0.209011         1852.04         1545.61         1771.13 
       0.221538         1668.22         1350.69            1652 
       0.233611         1596.11          1208.5         1546.87 
       0.245665         1447.94         1115.39            1428 
       0.258103         1429.61         1038.32         1347.99 
       0.270422         1275.68         954.091         1265.75 
       0.282519         1202.91         865.884         1196.99 
       0.294636         1183.02         788.911         1133.26 
       0.306978         1078.54         729.872         1085.49 
       0.319417         1055.51         682.384         1023.28 
        0.33169         992.655          636.93         968.597 
       0.343948         951.738         590.149         938.459 
       0.356249          901.06         546.279         903.326 
       0.368458         867.016         509.533         862.367 
        0.38068         851.158         478.807         829.151 
       0.392856         807.434         450.755         799.809 
       0.405069         767.001         423.325         774.403 
       0.417459         737.595         396.769         745.955 
       0.429752         731.734         372.929         719.867 
       0.441978         706.132         352.005         701.396 
       0.454294         674.241         333.004         672.636 
        0.46658         655.496         315.176         658.636 
       0.478753         642.201         298.357         638.434 
       0.490964         617.201         282.558         618.827 
       0.503334         589.882         267.978         604.766 
       0.515665         588.111         254.681         591.357 
       0.527909         564.093         242.407         578.376 
       0.540159         549.913         230.793         563.444 
        0.55248         539.029         219.774         548.764 
       0.564743          534.65         209.572         539.431 
        0.57686         515.875         200.194          525.04 
       0.589077          504.88         191.342         513.391 
       0.601441         494.845         182.925         503.191 
        0.61382         481.656         174.989         494.445 
       0.626067         476.054         167.583         484.961 
       0.638306         458.302         160.609         475.289 
       0.650632         453.775         154.002         463.547 
       0.662899         449.827          147.81         458.076 
       0.675076         434.268         142.008         451.419 
       0.687267         422.336         136.509         440.672 
       0.699615         419.638         131.233         433.724 
       0.711937         412.015         126.246         425.704 
       0.724148         398.273          121.56         419.817 
       0.736433         388.914         117.088         412.209 
       0.748747         383.947         112.835         404.854 
       0.761037         376.843         108.804          399.76 
       0.773197         371.717         105.011         393.445 
       0.785376         366.356         101.394         387.634 
       0.797761         355.744         97.8924         381.628 
       0.810096         352.648         94.5696         376.861 
       0.822371         342.024         91.4173         370.694 
       0.834626         339.341         88.4145         366.163 
       0.846916         333.075         85.5394         360.485 
       0.859215         330.739         82.7912         355.294 
       0.871383         322.706         80.1917         350.516 
        0.88363         319.982          77.689         346.944 
       0.895928         314.424         75.2841         341.484 
       0.908253         306.532          72.977         335.971 
       0.920535         302.026         70.7748         332.057 
       0.932774         296.259         68.6716         327.182 
        0.94508         292.011         66.6437         323.822 
       0.957324          289.97         64.7079         319.447 
        0.96953         285.928         62.8554         315.518 
       0.981769         278.489          61.071         312.108 
       0.994071         277.446         59.3478         308.253 
         1.0064         271.758         57.6884         303.759 
        1.01868         268.726         56.0976         299.881 
        1.03092         260.766         54.5741         297.203 
         1.0432          257.86          53.102         293.604 
        1.05553         254.823         51.6787          289.62 
        1.06777         252.483         50.3182          286.47 
           1.08         246.495         49.0082         283.233 
        1.09227         244.985         47.7408         279.838 
         1.1046         240.639         46.5136         277.126 
         1.1169         235.107          45.332         273.398 
        1.12915         232.076         44.1974         270.797 
        1.14142         227.721         43.0994          267.48 
        1.15365         224.946         42.0421         264.659 
        1.16585         220.958         41.0233         261.574 
        1.17807         218.665         40.0371         259.023 
        1.19037         215.588         39.0769         256.753 
        1.20276         212.568         38.1418         253.405 
        1.21504         207.994         37.2449         250.605 
        1.22728         204.777         36.3806           247.6 
        1.23954         203.736         35.5417         245.488 
        1.25184         199.317         34.7278         242.827 
        1.26414         195.381         33.9391          240.47 
        1.27632         194.295         33.1821         238.412 
         1.2886         192.782         32.4429         235.578 
        1.30093         187.672         31.7236         232.727 
        1.31316         183.936         31.0315         230.282 
        1.32541         182.819         30.3599         228.111 
        1.33772         180.258         29.7046         225.893 
        1.35005         177.746         29.0682         223.355 
        1.36225         174.431          28.457         221.275 
        1.37447         171.904         27.8622         218.559 
        1.38676         170.058         27.2818         216.941 
        1.39907         167.491         26.7169         214.406 
        1.41133         164.456         26.1706          212.27 
        1.42358         162.525           25.64         210.269 
        1.43591         160.539         25.1206         208.249 
        1.44818         157.588         24.6185         206.178 
        1.46037         156.005          24.133         203.984 
        1.47263         153.265         23.6581         202.226 
        1.48494         151.452         23.1941         199.745 
        1.49724         149.187         22.7429         198.369 
        1.50952         146.412         22.3047         196.255 
        1.52178         145.431         21.8787         194.134 
        1.53409          142.42         21.4621         192.483 
        1.54637         140.558         21.0573         190.894 
        1.55858         138.636         20.6652         188.813 
        1.57081         136.351         20.2826         187.121 
        1.58313         134.521         19.9073         185.212 
        1.59544          132.09         19.5417         183.562 
        1.60767         131.034         19.1876         181.907 
        1.61994         128.642         18.8411          180.24 
        1.63225         126.866         18.5025          178.33 
        1.64452         124.675         18.1731         176.737 
        1.65676         122.956         17.8528         175.216 
          1.669         121.804           17.54         173.615 
        1.68133         119.322         17.2327         172.031 
        1.69363         117.377         16.9336         170.518 
        1.70585         115.451         16.6436             169 
        1.71809         114.004         16.3598         167.175 
        1.73038         112.973         16.0818         165.833 
        1.74268         111.824           15.81         164.226 
        1.75493         108.884         15.5458         162.856 
        1.76714         108.402         15.2882         161.487 
        1.77942         106.304         15.0353         159.885 
        1.79173         104.618         14.7874         158.513 
        1.80402         103.618         14.5456         157.106 
         1.8163         101.456         14.3093         155.775 
         1.8286         100.195         14.0779         154.307 
         1.8409         99.3984         13.8519         152.871 
        1.85315         97.2513         13.6315         151.632 
        1.86537          96.478         13.4164         150.375 
        1.87765         95.2707         13.2051         149.091 
        1.88995         93.5571         12.9979         147.707 
        1.90221         92.3512         12.7958         146.519 
        1.91445          91.157         12.5984         145.112 
        1.92674         89.6847         12.4045         143.874 
        1.93902         88.4715         12.2146         142.582 
        1.95124         87.3779         12.0298         141.382 
         1.9635         85.9323         11.8482         140.135 
        1.97583         84.6134         11.6693         138.968 
        1.98812         83.5182         11.4948         137.906 
        2.00039         82.5285         11.3242          136.62 
        2.01264         81.4683         11.1572         135.498 
        2.02492         80.5854         10.9933         134.279 
        2.03717         79.1814          10.833         133.199 
        2.04942          78.486         10.6761          132.12 
        2.06171         76.7933         10.5218          130.97 
        2.07397         76.0065         10.3709         129.936 
        2.08629         75.0253         10.2223         128.806 
        2.09857         73.9768          10.077         127.768 
        2.11081         72.6999         9.93507         126.589 
        2.12309         71.6967         9.79556         125.671 
        2.13538         70.7392         9.65853         124.563 
        2.14763         69.8497         9.52458         123.569 
        2.15986         68.8513         9.39349         122.478 
        2.17214          68.062         9.26433         121.499 
        2.18443         67.1423         9.13748         120.671 
        2.19671         66.1183         9.01316         119.632 
        2.20898         65.4524          8.8913         118.572 
        2.22126         64.4622         8.77156          117.67 
        2.23354         63.7314         8.65407         116.734 
         2.2458         62.5269         8.53893         115.795 
        2.25807         61.8368         8.42579         114.844 
        2.27035         60.9701         8.31461         113.906 
        2.28263         60.1595         8.20548         113.026 
         2.2949         59.2225         8.09837         112.138 
        2.30718         58.3537         7.99314         111.256 
        2.31946         57.9358         7.88972         110.302 
        2.33169         56.8931         7.78859         109.467 
        2.34393          56.453         7.68907         108.676 
        2.35622         55.3691         7.59097         107.789 
        2.36847         54.9648         7.49486         107.053 
        2.38076         54.0275         7.40013         106.079 
        2.39305           53.43         7.30706         105.364 
        2.40534         52.7133         7.21558         104.493 
        2.41762          52.106         7.12569         103.643 
        2.42989         51.2784         7.03746         102.908 
        2.44216         50.7754         6.95074          102.05 
         2.4544         49.9656         6.86567           101.3 
        2.46667         49.3944         6.78184         100.519 
        2.47897         48.8476          6.6992         99.7124 
        2.49124         48.3402         6.61817         98.9925 
        2.50349         47.8142          6.5386          98.234 
        2.51578         47.0898          6.4601         97.5837 
        2.52805         46.5299         6.38302         96.7608 
        2.54029         46.0625          6.3074         96.0026 
        2.55257         45.4581         6.23277         95.3459 
        2.56487         45.1861         6.15921         94.6619 
        2.57716         44.4735         6.08694         93.9463 
        2.58942         43.8567         6.01599         93.2449 
        2.60167         43.3531         5.94624         92.5648 
        2.61395         42.9087          5.8775         91.8812 
        2.62624         42.3015         5.80974         91.1479 
        2.63849         41.8382         5.74327         90.4995 
        2.65073         41.4185         5.67791         89.8412 
        2.66302         40.9379         5.61333         89.1588 
         2.6753         40.5211          5.5498         88.5443 
        2.68756         40.1054         5.48738         87.8735 
        2.69983         39.5782         5.42587         87.2685 
        2.71213         39.1984         5.36518         86.6419 
        2.72441         38.7887         5.30553         86.0054 
        2.73665         38.3153         5.24693         85.4102 
         2.7489         37.9181         5.18925         84.8063 
        2.76118         37.5748         5.13225         84.1875 
        2.77349         37.1369         5.07598         83.5928 
        2.78576         36.7891         5.02077         82.9675 
        2.79802         36.4731         4.96641         82.4576 
        2.81031         35.9691         4.91274         81.8522 
        2.82259         35.7823         4.85987         81.2443 
        2.83483         35.3141         4.80799         80.7236 
         2.8471         35.0214         4.75676         80.1374 
         2.8594         34.6926         4.70612         79.5581 
         2.8717         34.5195         4.65623          79.041 
        2.88396         34.1265         4.60726         78.4831 
        2.89619         33.9141         4.55908         77.8932 
        2.90847         33.5403          4.5114         77.3344 
        2.92072         33.3513         4.46449          76.853 
        2.93299         33.1958         4.41822          76.344 
        2.94526         32.8139         4.37256         75.8111 
        2.95753         32.6016         4.32757         75.2762 
        2.96982         32.2982         4.28313         74.7727 
        2.98209         32.1184         4.23941         74.2797 
        2.99436          31.859         4.19625         73.7401 
        3.00666         31.8085         4.15363         73.2473 
        3.01894         31.4718         4.11168         72.7528 
        3.03119         31.4284         4.07037         72.2843 
        3.04345         31.2743         4.02963         71.8161 
        3.05573         30.9654         3.98936         71.3277 
          3.068         30.8982         3.94968         70.8526 
        3.08026         30.7308         3.91059         70.3751 
        3.09254         30.6643         3.87195         69.9177 
        3.10483         30.6362         3.83382         69.4626 
         3.1171         30.4714         3.79627         68.9984 
        3.12933         30.3302         3.75931          68.537 
        3.14159         30.2185         3.72277         68.0715 
