# k  (h/Mpc)    Pcb(k)  (Mpc/h)^3    Pcb_linear(k) (Mpc/h)^3    Pcb_NL(k) (Mpc/h)^3   ShotnoiseSubtracted = false
      0.0156606         14828.8         14885.8         14784.9 
      0.0273761         12759.2         12871.9           12770 
      0.0384619         9670.84         9698.04         9614.28 
      0.0498308         7498.04         7628.36         7546.41 
      0.0625568         6331.03         6483.27          6408.2 
      0.0751274         5604.68         5508.29         5400.69 
      0.0867833         4363.38          4434.8         4404.06 
      0.0984825         3645.89         3509.59         3545.14 
       0.111151         3098.32         2930.45         2970.72 
       0.123864         2779.59         2640.93          2674.2 
       0.135742         2521.36         2374.86         2408.77 
        0.14762         2179.46         2030.62         2119.44 
       0.160083         1829.06         1692.64         1798.84 
       0.172465         1630.96         1477.35          1611.3 
       0.184281         1492.45         1361.95         1498.95 
       0.196406         1384.97         1257.75         1375.77 
       0.209011         1282.78         1119.08         1243.32 
       0.221538         1157.24          977.97          1148.3 
       0.233611         1089.89         875.029         1066.64 
       0.245665         998.505         807.618         982.196 
       0.258103         962.598         751.823         924.988 
       0.270422         867.022         690.838          864.45 
       0.282519         806.562         626.975         809.997 
       0.294636         798.826         571.244          762.73 
       0.306978         717.936         528.496          726.98 
       0.319417         695.217         494.113         684.266 
        0.33169         655.108         461.202         645.127 
       0.343948         624.611          427.33          621.86 
       0.356249         587.196         395.565         596.061 
       0.368458         569.431         368.959         564.732 
        0.38068         549.931         346.708         540.619 
       0.392856         518.236         326.397         519.312 
       0.405069         496.313         306.537         502.967 
       0.417459         475.781         287.307         479.318 
       0.429752         463.325         270.044          461.93 
       0.441978          448.11         254.893         448.564 
       0.454294         423.553         241.135         428.902 
        0.46658         416.256         228.226         418.248 
       0.478753         402.851         216.048         404.101 
       0.490964         388.328         204.609         390.643 
       0.503334          367.01          194.05         380.172 
       0.515665         365.478         184.422          371.84 
       0.527909          352.62         175.533         360.954 
       0.540159         343.622         167.124         350.741 
        0.55248         336.898         159.145         340.967 
       0.564743         331.217         151.757         334.356 
        0.57686         318.464         144.967         324.476 
       0.589077         307.172         138.557         317.366 
       0.601441         303.769         132.462         310.044 
        0.61382         298.831         126.715         303.722 
       0.626067         293.329         121.353         296.956 
       0.638306         280.212         116.303          291.27 
       0.650632         274.988         111.518         282.661 
       0.662899          273.16         107.035         278.845 
       0.675076         262.693         102.833         273.252 
       0.687267          256.13         98.8513         267.037 
       0.699615          252.04         95.0308         262.244 
       0.711937         247.634         91.4192         257.469 
       0.724148         240.765         88.0258         253.588 
       0.736433          235.57          84.788         248.255 
       0.748747          231.36         81.7082         243.454 
       0.761037         227.438         78.7888           239.3 
       0.773197         224.001         76.0423         236.244 
       0.785376         221.098         73.4235         231.676 
       0.797761         215.807         70.8876         228.446 
       0.810096         212.698         68.4815         224.868 
       0.822371         204.682         66.1988         221.131 
       0.834626         203.934         64.0244          217.66 
       0.846916         200.081         61.9424         214.499 
       0.859215         199.521         59.9524         211.322 
       0.871383         194.256           58.07         207.937 
        0.88363          192.33         56.2577         205.745 
       0.895928         187.931         54.5162         202.614 
       0.908253         182.749         52.8456          199.15 
       0.920535         182.165         51.2509          196.49 
       0.932774         176.078         49.7279         193.664 
        0.94508         174.577         48.2594         191.593 
       0.957324          174.08         46.8577         188.684 
        0.96953         171.811         45.5161         185.849 
       0.981769         166.464          44.224         184.179 
       0.994071         165.681         42.9762          181.72 
         1.0064         161.742         41.7745         178.949 
        1.01868         159.647         40.6226         176.979 
        1.03092         157.005         39.5194         175.014 
         1.0432         153.951         38.4534         172.805 
        1.05553         151.365         37.4227         170.811 
        1.06777         151.176         36.4375         169.061 
           1.08         147.523         35.4889         166.813 
        1.09227         145.899         34.5711         165.145 
         1.1046         143.498         33.6825         163.214 
         1.1169         141.538         32.8268         161.002 
        1.12915         139.281         32.0052         159.409 
        1.14142         137.091         31.2101         157.339 
        1.15365         135.258         30.4445         155.682 
        1.16585         133.335         29.7067         153.673 
        1.17807         131.397         28.9926         152.575 
        1.19037         130.713         28.2973         150.958 
        1.20276         128.072         27.6202         149.119 
        1.21504         126.446         26.9706         147.501 
        1.22728         123.924         26.3448         145.748 
        1.23954         123.218         25.7373         144.497 
        1.25184         120.673         25.1479         142.895 
        1.26414          119.04         24.5768         141.411 
        1.27632         118.432         24.0286         140.675 
         1.2886         116.203         23.4933         138.615 
        1.30093         113.377         22.9725         137.139 
        1.31316         113.025         22.4713         135.742 
        1.32541         111.329          21.985         134.694 
        1.33772         110.146         21.5104         133.249 
        1.35005         108.727         21.0496         131.785 
        1.36225          107.38         20.6069         130.606 
        1.37447          105.28         20.1763         129.177 
        1.38676          104.67         19.7559         127.815 
        1.39907         102.314         19.3469         126.727 
        1.41133         100.953         18.9513         125.699 
        1.42358         99.6126         18.5671         124.427 
        1.43591         98.9523         18.1909         123.058 
        1.44818         97.8658         17.8273         122.046 
        1.46037         96.0105         17.4758         120.843 
        1.47263         94.7001         17.1318         119.925 
        1.48494         93.8553         16.7958         118.644 
        1.49724         92.3355         16.4691         117.407 
        1.50952         90.8589         16.1518          116.39 
        1.52178         90.0777         15.8433         115.347 
        1.53409         89.0312         15.5417         114.339 
        1.54637         87.2347         15.2485         113.296 
        1.55858         86.2307         14.9646         112.215 
        1.57081         84.9959         14.6875         111.251 
        1.58313         83.9743         14.4157         110.244 
        1.59544         83.0664          14.151         109.251 
        1.60767         81.8132         13.8946         108.229 
        1.61994         80.7079         13.6437         107.537 
        1.63225         79.5116         13.3985         106.234 
        1.64452         78.4236         13.1599         105.405 
        1.65676         77.3319          12.928         104.503 
          1.669         76.7802         12.7015         103.661 
        1.68133         75.7545         12.4789         102.683 
        1.69363         74.7919         12.2624         101.886 
        1.70585         73.8366         12.0524         100.929 
        1.71809         72.5659         11.8469         100.166 
        1.73038         71.8096         11.6455         99.1954 
        1.74268         70.6675         11.4487          98.392 
        1.75493         70.0964         11.2574         97.5035 
        1.76714         68.9077         11.0709         96.6975 
        1.77942         68.4587         10.8877         95.8491 
        1.79173         67.2681         10.7082         95.0367 
        1.80402         66.5436         10.5331         94.3204 
         1.8163         65.6865          10.362         93.3698 
         1.8286         64.7308         10.1945         92.7265 
         1.8409         63.8399         10.0308         91.9014 
        1.85315         62.9141         9.87118         91.2448 
        1.86537         62.2845         9.71541         90.4261 
        1.87765         61.5557         9.56242           89.56 
        1.88995         60.6872         9.41236         88.9245 
        1.90221         60.0215         9.26604         88.1696 
        1.91445         58.9214         9.12308         87.4778 
        1.92674         58.4035         8.98265         86.7688 
        1.93902         57.6708         8.84516         85.9949 
        1.95124         57.2301         8.71129         85.4201 
         1.9635         56.1442         8.57985         84.5769 
        1.97583          55.607         8.45029         84.0263 
        1.98812         54.9158          8.3239         83.2733 
        2.00039         54.1015         8.20035         82.6114 
        2.01264         53.4977         8.07942         81.9394 
        2.02492         52.7624         7.96076         81.3165 
        2.03717         52.0501         7.84468         80.5933 
        2.04942         51.4197         7.73107         80.0434 
        2.06171         50.7099         7.61932         79.3404 
        2.07397         50.0882         7.51003         78.7803 
        2.08629         49.5718         7.40242         78.0882 
        2.09857         49.0222         7.29719         77.5202 
        2.11081         47.9503         7.19443         76.8384 
        2.12309         47.6822         7.09341         76.2922 
        2.13538         47.0521         6.99418         75.6827 
        2.14763         46.5515         6.89718         75.1024 
        2.15986         45.8606         6.80225         74.5026 
        2.17214         45.2454         6.70872         73.9756 
        2.18443         44.9402         6.61686         73.3845 
        2.19671         44.0941         6.52683         72.7721 
        2.20898         43.8017         6.43859         72.2167 
        2.22126         43.1918         6.35188         71.6375 
        2.23354         42.6064          6.2668         71.1428 
         2.2458         42.1906         6.18343          70.611 
        2.25807         41.7789          6.1015         70.0186 
        2.27035         41.1908         6.02098         69.4933 
        2.28263         40.6118         5.94196          68.955 
         2.2949         40.1125          5.8644         68.4528 
        2.30718         39.6806          5.7882         67.9557 
        2.31946         39.1049         5.71331         67.4647 
        2.33169          38.677         5.64007         66.9344 
        2.34393          38.072         5.56801         66.4253 
        2.35622         37.8041         5.49697         65.9271 
        2.36847         37.3208         5.42737         65.4476 
        2.38076         36.9813         5.35877         64.9591 
        2.39305         36.4933         5.29137         64.4868 
        2.40534         36.1197         5.22513         63.9486 
        2.41762         35.7079         5.16004         63.4699 
        2.42989         35.1368         5.09615         63.0568 
        2.44216         34.9155         5.03334         62.5726 
         2.4544         34.5483         4.97175         62.1218 
        2.46667         34.0164         4.91104         61.6259 
        2.47897         33.6909          4.8512         61.1981 
        2.49124         33.2458         4.79252         60.7531 
        2.50349         32.8291          4.7349         60.3197 
        2.51578         32.4887         4.67805         59.9042 
        2.52805         32.3674         4.62224         59.4452 
        2.54029         31.9158         4.56748         59.0167 
        2.55257         31.4841         4.51344         58.6061 
        2.56487         31.1623         4.46017         58.1939 
        2.57716         30.8393         4.40783         57.8062 
        2.58942         30.4599         4.35646         57.3691 
        2.60167         30.0573         4.30595         56.9302 
        2.61395          29.836         4.25616         56.5468 
        2.62624         29.6002          4.2071         56.1442 
        2.63849         29.2904         4.15896         55.7511 
        2.65073         28.9534         4.11163         55.3298 
        2.66302         28.6701         4.06487         54.9624 
         2.6753          28.331         4.01886         54.5795 
        2.68756         27.9783         3.97366         54.1794 
        2.69983          27.761         3.92912         53.8181 
        2.71213         27.4262         3.88517         53.4582 
        2.72441         27.3006         3.84198         53.0607 
        2.73665         27.0136         3.79954         52.6912 
         2.7489         26.8156         3.75777         52.3347 
        2.76118          26.497          3.7165         51.9629 
        2.77349         26.2994         3.67575         51.6227 
        2.78576         26.1128         3.63577         51.2524 
        2.79802         25.7904         3.59641         50.9062 
        2.81031         25.5717         3.55754         50.5701 
        2.82259         25.3516         3.51926         50.2053 
        2.83483         25.1124         3.48168         49.8613 
         2.8471         24.8796         3.44459         49.5322 
         2.8594         24.6979         3.40792         49.2137 
         2.8717         24.4257         3.37179         48.8706 
        2.88396         24.3164         3.33633         48.5208 
        2.89619         24.1222         3.30144         48.1983 
        2.90847         23.9206         3.26691         47.8783 
        2.92072         23.8262         3.23294         47.5595 
        2.93299         23.6952         3.19943         47.2295 
        2.94526         23.4618         3.16637         46.9296 
        2.95753         23.3058         3.13379         46.6334 
        2.96982         23.2777         3.10161         46.3183 
        2.98209         23.0618         3.06995         46.0123 
        2.99436         22.8737          3.0387          45.704 
        3.00666         22.8527         3.00783         45.4031 
        3.01894         22.7119         2.97746         45.0869 
        3.03119         22.5508         2.94754          44.792 
        3.04345         22.4579         2.91804         44.5135 
        3.05573         22.3918         2.88888         44.2264 
          3.068         22.3247         2.86015         43.9338 
        3.08026         22.2315         2.83183         43.6443 
        3.09254         22.1237         2.80386         43.3678 
        3.10483         22.1415         2.77625         43.0927 
         3.1171         22.0401         2.74905          42.813 
        3.12933          22.057         2.72229         42.5369 
        3.14159         21.9586         2.69583         42.2597 
