# k  (h/Mpc)    P(k)  (Mpc/h)^3    P_linear(k)  (Mpc/h)^3     P_NL(k)  ShotnoiseSubtracted = false
      0.0156606         5018.94         4968.76         4942.57 
      0.0273761         4343.43         4292.18         4276.29 
      0.0384619         3297.82         3232.31         3223.88 
      0.0498308         2576.66         2541.81          2535.2 
      0.0625568         2173.49         2159.88         2152.37 
      0.0751274         1893.73         1834.87         1822.72 
      0.0867833         1493.62         1477.19         1474.98 
      0.0984825         1220.31         1168.95          1175.6 
       0.111151          1025.3         976.023         982.692 
       0.123864         921.106         879.572         885.059 
       0.135742         829.308          790.94         796.549 
        0.14762         706.579         676.284         689.531 
       0.160083         586.654         563.715         578.755 
       0.172465         519.468         492.011          510.34 
       0.184281          481.22         453.573         473.015 
       0.196406         439.069         418.871         434.194 
       0.209011         398.446         372.686         389.737 
       0.221538         356.182         325.691         349.525 
       0.233611         323.792         291.408         318.005 
       0.245665         303.927         268.957         292.693 
       0.258103         276.228         250.376          274.02 
       0.270422         258.077         230.066         253.279 
       0.282519         234.698         208.797         233.316 
       0.294636          227.74         190.237         216.106 
       0.306978         200.965         176.001         202.842 
       0.319417         192.301          164.55         190.404 
        0.33169         179.255          153.59         178.566 
       0.343948          170.97          142.31         168.161 
       0.356249         158.033         131.731         159.297 
       0.368458         151.765          122.87         148.914 
        0.38068         143.306         115.461         141.215 
       0.392856         133.627         108.697         134.587 
       0.405069         127.058         102.083         127.774 
       0.417459         120.347          95.679         120.935 
       0.429752          115.59         89.9303         115.376 
       0.441978         110.632         84.8845         110.999 
       0.454294         102.911         80.3027         105.189 
        0.46658         102.898         76.0036         101.011 
       0.478753         95.9685         71.9479         96.9822 
       0.490964         93.0185         68.1381           93.13 
       0.503334         89.0024         64.6222         89.3846 
       0.515665         85.6225         61.4159         86.7752 
       0.527909         82.3843         58.4558         82.4245 
       0.540159          79.446         55.6552         79.7516 
        0.55248         75.3389          52.998         76.7125 
       0.564743         73.7958         50.5378         74.3724 
        0.57686         71.5043         48.2765         71.8077 
       0.589077         67.8628         46.1418         69.7514 
       0.601441         66.0409         44.1121          67.553 
        0.61382         64.1991         42.1983         65.1625 
       0.626067         61.5303         40.4125         63.4026 
       0.638306         59.6965         38.7308         61.4035 
       0.650632         57.7025         37.1375         59.3046 
       0.662899         56.5172         35.6444         57.6058 
       0.675076         54.2176         34.2451         56.0291 
       0.687267         53.4317         32.9192         54.4581 
       0.699615         51.5286         31.6468         53.2501 
       0.711937         49.4885         30.4441         51.4585 
       0.724148         49.2297         29.3141         50.5544 
       0.736433          46.599         28.2358         49.0656 
       0.748747         45.9937         27.2102         47.8227 
       0.761037         44.7197          26.238         46.7015 
       0.773197         43.6793         25.3233         45.7965 
       0.785376         42.1653         24.4512         44.6105 
       0.797761         41.6645         23.6067          43.709 
       0.810096         40.5808         22.8055         42.6386 
       0.822371         39.6526         22.0453         41.5999 
       0.834626         38.5605         21.3212         40.8913 
       0.846916         37.6466         20.6278         39.9562 
       0.859215         36.5071         19.9651          39.081 
       0.871383         36.0047         19.3383          38.373 
        0.88363         35.0906         18.7347         37.6851 
       0.895928         34.2896         18.1548         36.8048 
       0.908253         33.5917         17.5984         36.2171 
       0.920535         33.0211         17.0674         35.4711 
       0.932774         32.4473         16.5602         34.7991 
        0.94508         31.7753         16.0711         34.0885 
       0.957324         31.0836         15.6043         33.5256 
        0.96953         30.4757         15.1576          32.869 
       0.981769         29.8568         14.7273         32.3886 
       0.994071         29.2222         14.3117         31.7968 
         1.0064          28.578         13.9116         31.2627 
        1.01868         27.9985          13.528         30.7758 
        1.03092         27.7767         13.1606         30.2251 
         1.0432         27.0552         12.8056         29.6528 
        1.05553         26.5405         12.4624         29.3773 
        1.06777         25.8795         12.1343         28.7636 
           1.08         25.3341         11.8184         28.3208 
        1.09227         25.0134         11.5127         27.9705 
         1.1046         24.6484         11.2168         27.4672 
         1.1169         24.2376         10.9319          27.066 
        1.12915          23.948         10.6582         26.6876 
        1.14142         23.2472         10.3935         26.2759 
        1.15365         23.0366         10.1385         25.9158 
        1.16585         22.7339         9.89281          25.573 
        1.17807         22.2155         9.65499         25.1159 
        1.19037         22.0281         9.42345         24.9028 
        1.20276         21.6981         9.19796           24.51 
        1.21504         21.2613         8.98166         24.2369 
        1.22728         20.8556         8.77323         23.8768 
        1.23954         20.5955         8.57094         23.5317 
        1.25184         20.2058         8.37467         23.2582 
        1.26414         19.9635         8.18447         22.9258 
        1.27632         19.6849         8.00191         22.6332 
         1.2886         19.4719         7.82364         22.3763 
        1.30093         19.0037          7.6502         22.1427 
        1.31316         18.8005         7.48329         21.8289 
        1.32541         18.5768         7.32134         21.6136 
        1.33772         18.2405         7.16331         21.3424 
        1.35005          18.004         7.00984         21.1145 
        1.36225         17.7611         6.86244         20.8534 
        1.37447         17.4038         6.71901         20.5925 
        1.38676         17.2189         6.57904         20.3886 
        1.39907         16.9576         6.44283         20.1552 
        1.41133         16.7015         6.31107         19.9202 
        1.42358         16.5026         6.18313         19.6877 
        1.43591         16.2508         6.05787         19.5172 
        1.44818          16.034         5.93678           19.31 
        1.46037         15.9406         5.81972           19.06 
        1.47263         15.6477         5.70518         18.9114 
        1.48494         15.5235         5.59328         18.6655 
        1.49724         15.3083         5.48448         18.5108 
        1.50952          15.076         5.37881          18.337 
        1.52178         14.8885         5.27608         18.1172 
        1.53409         14.6204         5.17562         17.9421 
        1.54637           14.59         5.07799         17.7285 
        1.55858         14.3346         4.98344         17.5807 
        1.57081         14.1227         4.89117          17.425 
        1.58313         14.0132         4.80066         17.2516 
        1.59544         13.7718          4.7125         17.1017 
        1.60767         13.6403         4.62712         16.9166 
        1.61994         13.3989         4.54356         16.7776 
        1.63225         13.3385          4.4619         16.6428 
        1.64452          13.155         4.38247         16.4975 
        1.65676         12.9865         4.30523         16.3216 
          1.669         12.8793         4.22979         16.1717 
        1.68133         12.6312         4.15568         16.0228 
        1.69363         12.4929         4.08357          15.851 
        1.70585         12.3486         4.01364          15.762 
        1.71809         12.2233          3.9452         15.6142 
        1.73038          12.088         3.87814          15.495 
        1.74268         11.9775         3.81261         15.3399 
        1.75493         11.7657         3.74888         15.2047 
        1.76714         11.7775         3.68679         15.0877 
        1.77942         11.6251         3.62578         14.9386 
        1.79173         11.3908           3.566         14.8363 
        1.80402         11.3251         3.50769         14.7208 
         1.8163         11.1979         3.45072         14.5979 
         1.8286         11.0359         3.39492         14.4845 
         1.8409         10.9299          3.3404         14.3682 
        1.85315         10.8223         3.28726         14.2425 
        1.86537         10.7201         3.23538         14.1391 
        1.87765         10.6284         3.18444         14.0267 
        1.88995         10.4395         3.13446         13.9217 
        1.90221          10.396         3.08574         13.7921 
        1.91445         10.2657         3.03813         13.7087 
        1.92674          10.155         2.99136         13.5915 
        1.93902         10.0605         2.94558         13.5095 
        1.95124         9.93252           2.901         13.4038 
         1.9635         9.83536         2.85722         13.2939 
        1.97583         9.75166         2.81408         13.1765 
        1.98812          9.6752         2.77199         13.0791 
        2.00039         9.59154         2.73084         13.0004 
        2.01264         9.49203         2.69057         12.9115 
        2.02492         9.41131         2.65106          12.801 
        2.03717         9.26723          2.6124          12.713 
        2.04942         9.16957         2.57457         12.6223 
        2.06171         9.14196         2.53735         12.5355 
        2.07397         9.02736         2.50096         12.4525 
        2.08629         8.94873         2.46512         12.3721 
        2.09857          8.8684         2.43008         12.2759 
        2.11081         8.78965         2.39586         12.2068 
        2.12309         8.67359         2.36222         12.0977 
        2.13538         8.59669         2.32917         12.0224 
        2.14763         8.51629         2.29687          11.944 
        2.15986         8.47926         2.26526         11.8713 
        2.17214         8.39568         2.23411         11.7704 
        2.18443         8.28494         2.20352         11.7048 
        2.19671          8.2615         2.17354         11.6261 
        2.20898         8.14119         2.14415         11.5525 
        2.22126         8.05248         2.11528         11.4716 
        2.23354         8.02118         2.08695         11.3876 
         2.2458         7.92561         2.05918         11.3268 
        2.25807         7.86051          2.0319         11.2411 
        2.27035         7.80231         2.00508         11.1734 
        2.28263         7.73634         1.97877         11.0972 
         2.2949         7.64693         1.95294         11.0324 
        2.30718         7.59224         1.92756         10.9754 
        2.31946         7.53468         1.90262         10.9009 
        2.33169         7.46909         1.87823         10.8337 
        2.34393         7.41586         1.85423         10.7595 
        2.35622         7.36397         1.83058         10.6965 
        2.36847          7.2957          1.8074         10.6275 
        2.38076         7.23619         1.78456         10.5638 
        2.39305         7.14351         1.76211         10.4883 
        2.40534         7.10731         1.74005         10.4208 
        2.41762         7.05755         1.71837         10.3743 
        2.42989         7.01473          1.6971         10.3119 
        2.44216         6.95294         1.67618         10.2413 
         2.4544         6.88975         1.65567          10.182 
        2.46667         6.87787         1.63545          10.122 
        2.47897         6.81762         1.61553         10.0518 
        2.49124          6.7365         1.59599         9.99408 
        2.50349         6.70245          1.5768         9.94502 
        2.51578         6.64649         1.55787         9.88943 
        2.52805         6.60987         1.53928          9.8318 
        2.54029         6.54536         1.52104         9.77566 
        2.55257         6.53221         1.50305         9.71759 
        2.56487         6.45709         1.48531         9.65177 
        2.57716         6.41855         1.46788         9.60447 
        2.58942         6.39665         1.45077         9.55097 
        2.60167         6.34713         1.43395         9.49348 
        2.61395         6.28883         1.41737         9.44224 
        2.62624         6.26567         1.40103         9.38766 
        2.63849         6.24347           1.385         9.33687 
        2.65073         6.18887         1.36924         9.27826 
        2.66302         6.14851         1.35367         9.22393 
         2.6753         6.11125         1.33835         9.17361 
        2.68756         6.08237         1.32329         9.13136 
        2.69983         6.04035         1.30846          9.0713 
        2.71213         6.00479         1.29383         9.02101 
        2.72441         5.96606         1.27944         8.97402 
        2.73665         5.95478         1.26531          8.9201 
         2.7489         5.93102          1.2514         8.87373 
        2.76118         5.87421         1.23765         8.83401 
        2.77349         5.85131         1.22408         8.78002 
        2.78576         5.83535         1.21077         8.73346 
        2.79802         5.79215         1.19766         8.68636 
        2.81031          5.7759         1.18472         8.64331 
        2.82259         5.73776         1.17197           8.597 
        2.83483         5.72109         1.15946         8.54873 
         2.8471         5.70592          1.1471         8.50762 
         2.8594         5.69899         1.13489         8.46371 
         2.8717         5.65257         1.12286         8.41179 
        2.88396         5.63127         1.11105         8.37032 
        2.89619         5.59682         1.09943         8.33267 
        2.90847         5.59536         1.08793          8.2825 
        2.92072         5.59758         1.07662         8.23839 
        2.93299         5.58348         1.06546         8.20215 
        2.94526         5.56246         1.05445         8.15597 
        2.95753          5.5441          1.0436         8.11171 
        2.96982         5.52263         1.03289         8.07276 
        2.98209         5.51603         1.02234         8.02589 
        2.99436         5.51115         1.01194         7.98638 
        3.00666         5.51893         1.00166         7.95015 
        3.01894         5.48737        0.991542         7.90457 
        3.03119         5.49262         0.98158         7.86553 
        3.04345         5.48921        0.971754         7.82712 
        3.05573         5.47904        0.962043         7.78459 
          3.068         5.47496        0.952475         7.74898 
        3.08026         5.49992        0.943047          7.7121 
        3.09254         5.49078         0.93373         7.67089 
        3.10483         5.47878        0.924536         7.63524 
         3.1171         5.49084        0.915479         7.59985 
        3.12933         5.49644        0.906568         7.55759 
        3.14159         5.48339        0.897756         7.52104 
