# k  (h/Mpc)    P(k)  (Mpc/h)^3    P_linear(k)  (Mpc/h)^3     P_NL(k)  ShotnoiseSubtracted = false
      0.0156606         4215.67         4178.14         4156.61 
      0.0273761         3651.28         3609.59         3597.39 
      0.0384619         2772.59         2718.42         2712.63 
      0.0498308         2168.28         2137.77         2133.58 
      0.0625568         1828.99          1816.6         1811.41 
      0.0751274         1590.19         1543.27         1534.59 
      0.0867833         1256.41         1242.44         1241.01 
      0.0984825         1023.87         983.199         988.232 
       0.111151         859.343         820.931         825.928 
       0.123864         772.009         739.809         743.849 
       0.135742         694.589         665.263         669.367 
        0.14762         591.142         568.827         578.472 
       0.160083         490.739         474.145         485.086 
       0.172465         433.911         413.835         427.104 
       0.184281         402.144         381.505         395.602 
       0.196406         366.769         352.317          363.34 
       0.209011         332.081         313.471         325.817 
       0.221538         296.274         273.943           291.2 
       0.233611         268.508         245.107         264.336 
       0.245665         252.235         226.224         243.365 
       0.258103          228.37         210.595         227.671 
       0.270422         213.877         193.512         210.217 
       0.282519         194.307         175.622         193.322 
       0.294636         187.526         160.011         178.686 
       0.306978           165.5         148.037          167.39 
       0.319417         158.244         138.406         157.071 
        0.33169         147.335         129.187         147.224 
       0.343948          140.38         119.699         138.264 
       0.356249         129.431         110.801         130.753 
       0.368458         124.055         103.348         122.064 
        0.38068         116.868         97.1165         115.639 
       0.392856         109.016         91.4268         110.072 
       0.405069         103.453         85.8634         104.237 
       0.417459         97.6771         80.4772         98.6662 
       0.429752         93.7411         75.6419         93.9369 
       0.441978         89.5433         71.3978         90.2356 
       0.454294         83.2839         67.5439         85.4611 
        0.46658         83.1116         63.9279         81.8851 
       0.478753         77.3724         60.5166         78.5146 
       0.490964         74.9361         57.3122         75.3622 
       0.503334         71.7953         54.3549         72.1449 
       0.515665         68.7641          51.658         69.9456 
       0.527909         65.9979         49.1682         66.3445 
       0.540159         63.5579         46.8126         64.0767 
        0.55248         59.8892         44.5776         61.5519 
       0.564743         58.8525         42.5082         59.6099 
        0.57686         57.0085         40.6062         57.4966 
       0.589077         53.9547         38.8107         55.7711 
       0.601441         52.3703         37.1035         53.9179 
        0.61382          50.756         35.4938         51.9292 
       0.626067         48.6656         33.9917         50.4796 
       0.638306         47.1997         32.5772         48.7815 
       0.650632         45.7202          31.237         47.1611 
       0.662899         44.4188         29.9811         45.7049 
       0.675076         42.5215         28.8041         44.3847 
       0.687267         41.9813         27.6889         43.0788 
       0.699615         40.4731         26.6187         42.0536 
       0.711937          38.706         25.6071         40.6273 
       0.724148         38.5263         24.6566         39.8152 
       0.736433         36.3669         23.7496         38.6178 
       0.748747         35.8883          22.887         37.5986 
       0.761037          34.897         22.0692          36.706 
       0.773197         33.9984         21.2999          35.891 
       0.785376         32.7281         20.5664         34.9636 
       0.797761         32.2475         19.8561         34.1859 
       0.810096         31.4934         19.1821         33.3411 
       0.822371         30.7003         18.5427         32.4736 
       0.834626         29.8039         17.9336         31.8876 
       0.846916           29.03         17.3505         31.1119 
       0.859215         28.0727          16.793         30.4199 
       0.871383         27.6655         16.2658         29.8425 
        0.88363         26.9656         15.7581         29.2476 
       0.895928         26.3762         15.2703         28.5311 
       0.908253         25.8211         14.8024         28.0531 
       0.920535         25.2449         14.3557         27.4432 
       0.932774         24.8298         13.9291         26.8691 
        0.94508         24.2127         13.5177         26.3314 
       0.957324         23.7381         13.1251         25.8612 
        0.96953         23.1061         12.7493         25.3334 
       0.981769         22.7935         12.3874          24.928 
       0.994071         22.2054         12.0379         24.4334 
         1.0064         21.6814         11.7013         24.0141 
        1.01868         21.2418         11.3786         23.6136 
        1.03092         21.0638         11.0696         23.1666 
         1.0432         20.4118          10.771         22.7194 
        1.05553         20.0631         10.4823         22.4677 
        1.06777         19.5063         10.2064         21.9753 
           1.08         19.1334         9.94064         21.6355 
        1.09227         18.8316         9.68357         21.3361 
         1.1046         18.5558         9.43466         20.9334 
         1.1169         18.1656         9.19498         20.6026 
        1.12915         18.0193         8.96485          20.317 
        1.14142         17.4042         8.74214         19.9749 
        1.15365         17.2777         8.52769          19.677 
        1.16585         17.0632         8.32103         19.4177 
        1.17807         16.5967         8.12099          19.052 
        1.19037         16.4251         7.92624          18.857 
        1.20276         16.1427         7.73657         18.5478 
        1.21504         15.8659         7.55464         18.3199 
        1.22728         15.5073         7.37932         18.0342 
        1.23954         15.3036         7.20917         17.7811 
        1.25184         15.0235         7.04409         17.5506 
        1.26414         14.8224         6.88411         17.2821 
        1.27632         14.5542         6.73055         17.0496 
         1.2886         14.3987         6.58061         16.8433 
        1.30093         14.0656         6.43473         16.6724 
        1.31316          13.893         6.29433         16.4069 
        1.32541         13.7002         6.15812         16.2465 
        1.33772         13.4455         6.02519         16.0156 
        1.35005         13.2851         5.89611         15.8352 
        1.36225         13.0768         5.77213         15.6177 
        1.37447         12.8351         5.65149         15.4289 
        1.38676         12.6602         5.53375         15.2598 
        1.39907         12.4527         5.41918         15.0696 
        1.41133         12.2796         5.30836         14.8958 
        1.42358         12.0922         5.20075         14.7045 
        1.43591          11.935         5.09539         14.5731 
        1.44818         11.7284         4.99353         14.4067 
        1.46037         11.6467         4.89507         14.2139 
        1.47263         11.4284         4.79873         14.0923 
        1.48494         11.3397         4.70461          13.894 
        1.49724          11.129          4.6131         13.7773 
        1.50952          11.035         4.52422          13.633 
        1.52178         10.8511         4.43781         13.4673 
        1.53409         10.6486         4.35331         13.3258 
        1.54637         10.6068          4.2712         13.1586 
        1.55858         10.4665         4.19167         13.0434 
        1.57081         10.2406         4.11405         12.9242 
        1.58313          10.178         4.03793         12.7901 
        1.59544         9.98857         3.96377         12.6703 
        1.60767         9.88876         3.89196         12.5285 
        1.61994         9.72603         3.82167         12.4197 
        1.63225         9.64683         3.75298         12.3045 
        1.64452         9.51693         3.68618         12.1899 
        1.65676         9.38498         3.62121         12.0618 
          1.669          9.3142         3.55775         11.9396 
        1.68133         9.12396         3.49542         11.8247 
        1.69363         9.02229         3.43477         11.7125 
        1.70585         8.91392         3.37594         11.6205 
        1.71809         8.81636         3.31838         11.5111 
        1.73038         8.73536         3.26198         11.4163 
        1.74268         8.62548         3.20685         11.3071 
        1.75493         8.48399         3.15326         11.1883 
        1.76714         8.47887         3.10102         11.1078 
        1.77942         8.35608         3.04971         10.9916 
        1.79173         8.20974         2.99943         10.9058 
        1.80402         8.16499         2.95038         10.8139 
         1.8163         8.05925         2.90246         10.7276 
         1.8286          7.9326         2.85553         10.6365 
         1.8409         7.85927         2.80967         10.5519 
        1.85315         7.76744         2.76498         10.4514 
        1.86537         7.70706         2.72134         10.3704 
        1.87765         7.62652         2.67849         10.2844 
        1.88995         7.48483         2.63646          10.206 
        1.90221         7.45734         2.59547         10.1061 
        1.91445         7.35544         2.55543         10.0476 
        1.92674         7.27758         2.51609          9.9514 
        1.93902         7.22412         2.47758          9.8857 
        1.95124         7.12656         2.44008         9.79298 
         1.9635         7.06098         2.40327         9.72729 
        1.97583         7.00356         2.36698         9.64031 
        1.98812         6.93095         2.33157         9.55446 
        2.00039         6.85091         2.29696          9.5041 
        2.01264         6.78996         2.26309         9.43153 
        2.02492         6.72916         2.22986         9.35099 
        2.03717         6.64025         2.19734         9.28308 
        2.04942         6.55428         2.16552          9.2201 
        2.06171         6.53207         2.13422         9.15228 
        2.07397          6.4513          2.1036         9.08546 
        2.08629         6.38594         2.07346         9.02283 
        2.09857         6.32173         2.04399         8.95252 
        2.11081          6.2775          2.0152         8.90053 
        2.12309         6.19777         1.98691         8.81717 
        2.13538         6.14643         1.95911         8.76673 
        2.14763         6.07609         1.93194         8.70445 
        2.15986         6.04133         1.90535         8.64428 
        2.17214         5.98462         1.87915         8.57305 
        2.18443         5.92004         1.85342         8.52186 
        2.19671         5.87422         1.82821         8.46518 
        2.20898         5.80012         1.80349         8.40796 
        2.22126         5.75551          1.7792         8.34614 
        2.23354         5.71418         1.75537         8.28391 
         2.2458         5.65032         1.73202          8.2316 
        2.25807         5.61142         1.70907         8.17726 
        2.27035         5.56065         1.68651         8.12633 
        2.28263         5.51909         1.66438         8.06965 
         2.2949         5.46372         1.64265         8.02225 
        2.30718         5.41733         1.62131         7.98028 
        2.31946         5.38383         1.60033         7.92539 
        2.33169         5.32676         1.57982         7.87026 
        2.34393         5.30016         1.55963         7.81855 
        2.35622          5.2591         1.53973         7.76853 
        2.36847         5.21254         1.52024         7.71919 
        2.38076         5.17164         1.50102         7.67076 
        2.39305         5.11146         1.48215         7.61525 
        2.40534          5.0844         1.46359         7.56757 
        2.41762         5.03254         1.44536         7.53076 
        2.42989         5.01341         1.42746         7.48684 
        2.44216         4.98051         1.40987         7.43743 
         2.4544         4.92365         1.39262         7.38917 
        2.46667         4.91257         1.37561         7.34543 
        2.47897         4.86541         1.35885         7.29657 
        2.49124         4.81699         1.34241         7.25296 
        2.50349         4.79797         1.32627          7.2187 
        2.51578         4.74178         1.31035         7.17493 
        2.52805         4.72192         1.29472         7.13135 
        2.54029         4.68538         1.27938         7.08981 
        2.55257         4.67554         1.26424           7.051 
        2.56487         4.62671         1.24932         7.00166 
        2.57716         4.60052         1.23466          6.9641 
        2.58942         4.56728         1.22027         6.92463 
        2.60167         4.54007         1.20612         6.88254 
        2.61395         4.49099         1.19218         6.84607 
        2.62624         4.49581         1.17843         6.80864 
        2.63849         4.46553         1.16495         6.76711 
        2.65073           4.428         1.15169         6.72574 
        2.66302         4.41159         1.13859         6.68762 
         2.6753         4.37654         1.12571         6.65134 
        2.68756         4.35121         1.11305         6.61876 
        2.69983         4.33158         1.10057          6.5762 
        2.71213         4.30471         1.08826         6.53979 
        2.72441          4.2805         1.07616         6.50563 
        2.73665         4.26483         1.06428           6.467 
         2.7489         4.23702         1.05257         6.43508 
        2.76118         4.20914         1.04101         6.40732 
        2.77349          4.2013          1.0296          6.3651 
        2.78576         4.18134          1.0184         6.33107 
        2.79802         4.16504         1.00738         6.29931 
        2.81031         4.13824        0.996488         6.26688 
        2.82259         4.12346        0.985766         6.23336 
        2.83483         4.11746        0.975241         6.19952 
         2.8471         4.09734         0.96485         6.16792 
         2.8594         4.08563        0.954578         6.13703 
         2.8717         4.05788         0.94446         6.10053 
        2.88396         4.05443        0.934526         6.06911 
        2.89619         4.02183        0.924753         6.04155 
        2.90847         4.02007        0.915083         6.00526 
        2.92072         4.02133        0.905567         5.97504 
        2.93299         4.01551        0.896182         5.94647 
        2.94526         4.00566        0.886921          5.9143 
        2.95753         3.98878        0.877795         5.88355 
        2.96982         3.96601        0.868781         5.85504 
        2.98209         3.96831        0.859912         5.82368 
        2.99436         3.96143        0.851159         5.79431 
        3.00666         3.97038        0.842513          5.7672 
        3.01894         3.95838        0.834005         5.73302 
        3.03119         3.95973        0.825626         5.70621 
        3.04345         3.94865        0.817361         5.67984 
        3.05573         3.95093        0.809193         5.64898 
          3.068          3.9381        0.801145          5.6241 
        3.08026         3.95544        0.793215         5.59735 
        3.09254          3.9561        0.785378         5.56821 
        3.10483         3.95892        0.777645         5.54262 
         3.1171          3.9648        0.770027         5.51711 
        3.12933         3.97512        0.762531         5.48713 
        3.14159         3.96732         0.75512         5.45886 
