# k  (h/Mpc)    P(k)  (Mpc/h)^3    P_linear(k)  (Mpc/h)^3     P_NL(k)  ShotnoiseSubtracted = false
      0.0156606         1596.72         1637.86         1630.07 
      0.0273761         1387.77         1415.78         1412.45 
      0.0384619         1053.83         1066.54          1065.9 
      0.0498308         827.311         838.869         838.889 
      0.0625568          697.98          712.92          712.21 
      0.0751274         601.125         605.697         604.132 
      0.0867833         478.678          487.65         487.495 
      0.0984825         385.961         385.911         387.007 
       0.111151         322.808         322.228         323.262 
       0.123864         289.892         290.392         291.063 
       0.135742         260.213         261.134         261.752 
        0.14762         221.049         223.283         224.883 
       0.160083          183.72         186.119         187.996 
       0.172465         161.365         162.446         164.672 
       0.184281         149.501         149.756         152.095 
       0.196406         136.514         138.299         140.056 
       0.209011         122.555         123.051          125.08 
       0.221538         108.373         107.535         110.401 
       0.233611         97.3098         96.2157         99.3931 
       0.245665         91.1365         88.8033         91.6163 
       0.258103         82.2502         82.6684          85.462 
       0.270422         77.0891         75.9626         78.6546 
       0.282519         69.9156         68.9402         71.8465 
       0.294636         65.8064         62.8122         65.8762 
       0.306978          58.583         58.1119         61.2687 
       0.319417         55.7126         54.3312         57.3905 
        0.33169         51.7752         50.7124         53.6649 
       0.343948         48.8635          46.988         49.9549 
       0.356249         44.7235         43.4951         46.8154 
       0.368458         42.4364         40.5695         43.5713 
        0.38068         39.6328         38.1232         41.1062 
       0.392856          37.168         35.8898         38.9012 
       0.405069         35.1121         33.7059         36.5885 
       0.417459         32.5831         31.5915         34.5551 
       0.429752         31.1001         29.6934         32.6369 
       0.441978          29.556         28.0274         31.1081 
       0.454294         27.5549         26.5146         29.4306 
        0.46658         27.0118         25.0951         27.9726 
       0.478753         25.1831          23.756         26.6328 
       0.490964         24.2341         22.4981         25.4744 
       0.503334         23.1482         21.3372         24.1811 
       0.515665         21.8468         20.2785         23.2498 
       0.527909         20.9145         19.3012         22.0471 
       0.540159         19.9133         18.3764         21.1036 
        0.55248         18.6364         17.4991         20.1501 
       0.564743         18.3331         16.6868         19.4391 
        0.57686         17.6191         15.9401         18.6273 
       0.589077         16.5539         15.2353         17.9697 
       0.601441         15.9005         14.5651         17.2566 
        0.61382         15.2921         13.9332         16.5357 
       0.626067         14.6564         13.3436         15.9454 
       0.638306         14.1272         12.7883           15.33 
       0.650632         13.7432         12.2622         14.8193 
       0.662899         13.0771         11.7692         14.2595 
       0.675076         12.4479         11.3072         13.7666 
       0.687267         12.1465         10.8694         13.2614 
       0.699615          11.767         10.4493         12.8292 
       0.711937         11.1523         10.0522          12.424 
       0.724148         11.0283         9.67905         12.0342 
       0.736433         10.4105         9.32302         11.6145 
       0.748747          10.138         8.98438          11.288 
       0.761037         9.88039         8.66337         10.9376 
       0.773197         9.44752         8.36137         10.6337 
       0.785376         9.12467         8.07342         10.3069 
       0.797761         8.85836         7.79458         9.98309 
       0.810096         8.61682         7.53002         9.74215 
       0.822371         8.39461         7.27902         9.42575 
       0.834626          8.1084         7.03992         9.17338 
       0.846916         7.82379           6.811         8.93048 
       0.859215         7.52768         6.59218         8.70051 
       0.871383         7.33463          6.3852          8.4793 
        0.88363         7.14764         6.18592         8.24853 
       0.895928         6.99045         5.99443         8.02262 
       0.908253         6.77879         5.81073         7.82506 
       0.920535         6.54768         5.63539         7.61672 
       0.932774         6.41144         5.46792         7.39955 
        0.94508         6.20334         5.30645          7.2472 
       0.957324         6.05455         5.15232         7.09234 
        0.96953         5.84288         5.00481         6.91653 
       0.981769         5.71912         4.86274         6.73523 
       0.994071         5.60159         4.72553          6.5946 
         1.0064         5.40609          4.5934         6.44416 
        1.01868           5.267         4.46673         6.29446 
        1.03092         5.16975         4.34543         6.14412 
         1.0432          4.9772         4.22822         6.01342 
        1.05553         4.88356         4.11489         5.89531 
        1.06777         4.73294         4.00655         5.77225 
           1.08         4.65292         3.90225         5.64207 
        1.09227         4.52277         3.80133         5.51896 
         1.1046         4.41751         3.70362         5.40375 
         1.1169         4.27577         3.60954         5.29581 
        1.12915         4.23914          3.5192          5.2027 
        1.14142         4.09348         3.43177         5.08217 
        1.15365         4.01005         3.34759         4.98932 
        1.16585         3.94367         3.26646         4.89899 
        1.17807         3.85445         3.18794          4.7928 
        1.19037         3.72963         3.11148         4.70097 
        1.20276         3.65301         3.03703         4.60492 
        1.21504         3.57476         2.96561         4.53369 
        1.22728         3.49235         2.89679         4.43669 
        1.23954         3.43141            2.83         4.37502 
        1.25184         3.34981         2.76519         4.28236 
        1.26414         3.29647         2.70239         4.19859 
        1.27632         3.19162         2.64211         4.13945 
         1.2886         3.15394         2.58325         4.06034 
        1.30093         3.06852         2.52599         3.99929 
        1.31316         2.98413         2.47087         3.92393 
        1.32541          2.9465          2.4174         3.86558 
        1.33772         2.89427         2.36522         3.79501 
        1.35005         2.83557         2.31455         3.73493 
        1.36225         2.77715         2.26588         3.66742 
        1.37447         2.71795         2.21852         3.61776 
        1.38676         2.65945          2.1723         3.55144 
        1.39907         2.59902         2.12733         3.50324 
        1.41133         2.55478         2.08382         3.44675 
        1.42358         2.51839         2.04158         3.38536 
        1.43591         2.47344         2.00022         3.34831 
        1.44818           2.411         1.96024         3.29345 
        1.46037         2.35901         1.92159         3.23882 
        1.47263         2.31622         1.88377         3.19415 
        1.48494         2.28235         1.84682         3.14643 
        1.49724         2.23291          1.8109         3.09768 
        1.50952         2.21836         1.77601         3.05295 
        1.52178         2.15836         1.74208         3.01416 
        1.53409         2.11528         1.70892         2.96251 
        1.54637         2.07719         1.67668         2.92137 
        1.55858         2.04444         1.64546          2.8757 
        1.57081         2.00912         1.61499          2.8423 
        1.58313         1.96762         1.58511         2.80379 
        1.59544         1.93814           1.556         2.76667 
        1.60767          1.9098         1.52781         2.72758 
        1.61994         1.86715         1.50022         2.69299 
        1.63225         1.84303         1.47325         2.65763 
        1.64452         1.81096         1.44703         2.61968 
        1.65676         1.77197         1.42152         2.58707 
          1.669          1.7496         1.39662         2.55165 
        1.68133         1.70845         1.37215         2.52351 
        1.69363         1.70015         1.34834         2.48973 
        1.70585         1.66978         1.32525         2.45784 
        1.71809          1.6449         1.30265         2.42678 
        1.73038          1.6112         1.28051         2.39597 
        1.74268         1.58207         1.25887         2.36687 
        1.75493         1.56536         1.23783         2.34023 
        1.76714         1.53999         1.21732         2.30645 
        1.77942         1.51222         1.19718         2.28158 
        1.79173         1.49054         1.17744         2.25263 
        1.80402         1.46774         1.15819          2.2266 
         1.8163         1.44776         1.13938         2.20021 
         1.8286         1.41802         1.12095         2.17951 
         1.8409          1.4067         1.10295         2.15329 
        1.85315         1.38532         1.08541          2.1236 
        1.86537         1.36042         1.06828         2.10357 
        1.87765         1.34405         1.05146          2.0801 
        1.88995         1.32199         1.03496         2.05589 
        1.90221          1.3036         1.01887         2.03218 
        1.91445         1.28283         1.00315         2.01296 
        1.92674         1.26669        0.987706         1.98743 
        1.93902         1.24351        0.972588         1.96412 
        1.95124         1.22652        0.957868         1.94548 
         1.9635          1.2105        0.943415         1.92291 
        1.97583         1.18962        0.929169         1.90173 
        1.98812         1.17543        0.915272         1.88409 
        2.00039         1.15712        0.901686         1.86249 
        2.01264         1.13888         0.88839         1.84586 
        2.02492           1.129        0.875342         1.82768 
        2.03717         1.11885        0.862578         1.80758 
        2.04942         1.09569        0.850086         1.78693 
        2.06171         1.08127        0.837799         1.76866 
        2.07397         1.06705        0.825781         1.75286 
        2.08629         1.05565        0.813949         1.73652 
        2.09857         1.03898        0.802378         1.71896 
        2.11081         1.02546        0.791079         1.70079 
        2.12309         1.01421        0.779971         1.68644 
        2.13538         1.00137         0.76906         1.66786 
        2.14763        0.992111        0.758395         1.65223 
        2.15986        0.978496        0.747956         1.63849 
        2.17214        0.958514        0.737672         1.61884 
        2.18443        0.950258        0.727571         1.60661 
        2.19671        0.940694        0.717672         1.59163 
        2.20898         0.92683        0.707969         1.57658 
        2.22126        0.914631        0.698435         1.56211 
        2.23354        0.902658         0.68908          1.5474 
         2.2458        0.894506        0.679913         1.53235 
        2.25807        0.880753        0.670904           1.518 
        2.27035        0.873542        0.662051         1.50548 
        2.28263        0.857808        0.653361         1.49283 
         2.2949        0.850096        0.644833         1.47895 
        2.30718        0.841889        0.636454         1.46652 
        2.31946        0.829086        0.628219         1.45347 
        2.33169        0.819475        0.620167         1.44103 
        2.34393        0.815766        0.612243         1.42861 
        2.35622        0.800872        0.604432          1.4162 
        2.36847        0.794811        0.596779         1.40398 
        2.38076        0.781089        0.589236          1.3918 
        2.39305        0.777387        0.581825         1.37977 
        2.40534        0.766158        0.574541         1.36863 
        2.41762         0.75851        0.567383         1.35626 
        2.42989        0.748722        0.560358         1.34681 
        2.44216        0.743373        0.553453         1.33522 
         2.4544        0.736234         0.54668         1.32443 
        2.46667        0.726801        0.540004         1.31349 
        2.47897        0.719215        0.533424         1.30242 
        2.49124        0.708812        0.526972          1.2919 
        2.50349        0.703538        0.520637         1.28114 
        2.51578        0.696731        0.514386         1.27027 
        2.52805        0.687803        0.508249         1.26091 
        2.54029        0.682252        0.502227         1.25073 
        2.55257        0.674068        0.496285         1.24136 
        2.56487        0.666768        0.490428         1.23226 
        2.57716         0.66235        0.484673         1.22167 
        2.58942         0.65767        0.479024         1.21318 
        2.60167        0.651248         0.47347         1.20346 
        2.61395        0.643469        0.467996         1.19423 
        2.62624        0.638341        0.462601         1.18583 
        2.63849        0.630822        0.457308         1.17643 
        2.65073        0.625235        0.452104         1.16742 
        2.66302        0.620882        0.446962         1.15827 
         2.6753        0.616958        0.441903         1.15025 
        2.68756         0.61009        0.436933         1.14259 
        2.69983        0.604774        0.432036         1.13399 
        2.71213        0.597093        0.427204         1.12584 
        2.72441        0.594922        0.422454         1.11745 
        2.73665        0.590833        0.417788         1.11037 
         2.7489        0.585332        0.413195         1.10284 
        2.76118        0.580394        0.408656         1.09356 
        2.77349        0.576928        0.404176         1.08634 
        2.78576         0.57391         0.39978         1.07853 
        2.79802        0.568133        0.395452         1.07045 
        2.81031        0.564528        0.391178         1.06418 
        2.82259        0.560753        0.386968         1.05576 
        2.83483        0.557372        0.382837         1.04875 
         2.8471        0.552822        0.378758         1.04128 
         2.8594        0.550599        0.374726         1.03453 
         2.8717        0.545594        0.370754          1.0282 
        2.88396        0.542087        0.366854         1.02098 
        2.89619        0.539691        0.363017         1.01414 
        2.90847        0.536531        0.359221         1.00761 
        2.92072        0.535568        0.355486         1.00081 
        2.93299        0.529554        0.351802        0.993614 
        2.94526        0.529184        0.348166        0.987398 
        2.95753        0.527272        0.344584        0.981288 
        2.96982        0.524833        0.341045        0.974456 
        2.98209        0.522925        0.337564        0.968041 
        2.99436        0.520097        0.334128        0.961962 
        3.00666        0.519539        0.330734        0.955992 
        3.01894         0.51856        0.327394        0.950299 
        3.03119         0.51541        0.324104        0.943764 
        3.04345        0.513427         0.32086        0.937771 
        3.05573         0.51337        0.317654        0.932722 
          3.068        0.511765        0.314495        0.926892 
        3.08026        0.511976        0.311382        0.920682 
        3.09254        0.510327        0.308305        0.914556 
        3.10483        0.508719        0.305269        0.909229 
         3.1171        0.509934        0.302279        0.904129 
        3.12933        0.509379        0.299336        0.898494 
        3.14159        0.509554        0.296427        0.892985 
