# k  (h/Mpc)    P(k)  (Mpc/h)^3    P_linear(k)  (Mpc/h)^3     P_NL(k)  ShotnoiseSubtracted = false
      0.0156606         18574.7         18762.6         18623.4 
      0.0273761         15921.7         16195.7         16039.6 
      0.0384619         12042.2           12191         12056.1 
      0.0498308         9310.78         9583.81         9449.24 
      0.0625568          7861.8         8141.89         8020.97 
      0.0751274          6984.2         6915.69         6744.74 
      0.0867833          5420.1            5567         5515.35 
      0.0984825         4559.29         4405.04         4455.17 
       0.111151         3889.48         3677.79         3737.79 
       0.123864          3486.8         3314.19          3363.1 
       0.135742         3172.15         2980.13         3029.49 
        0.14762         2754.16         2548.05         2679.15 
       0.160083         2327.37         2123.87         2283.72 
       0.172465         2076.05         1853.68         2056.63 
       0.184281         1889.39         1708.84         1913.82 
       0.196406         1769.89         1578.08         1759.98 
       0.209011         1649.53         1404.06         1593.37 
       0.221538         1487.34            1227         1482.15 
       0.233611         1416.39         1097.83         1384.68 
       0.245665         1288.34         1013.25         1277.09 
       0.258103         1263.51          943.24         1204.65 
       0.270422         1130.01         866.721         1129.56 
       0.282519         1061.21         786.592         1065.18 
       0.294636         1047.13         716.668         1006.94 
       0.306978          950.23         663.035         963.132 
       0.319417         926.798         619.897         907.491 
        0.33169          872.74         578.605         857.822 
       0.343948         834.934         536.108         830.143 
       0.356249         788.714         496.256         798.107 
       0.368458         761.646         462.875         760.046 
        0.38068         743.915         434.962         729.787 
       0.392856         704.356         409.479          702.97 
       0.405069         671.206         384.561         681.098 
       0.417459         645.255         360.436         653.823 
       0.429752         636.162          338.78         630.724 
       0.441978         614.376         319.772         613.916 
       0.454294         585.174         302.511         588.222 
        0.46658         570.198         286.315         575.367 
       0.478753         557.028         271.036         557.112 
       0.490964         535.855         256.684          539.61 
       0.503334         510.227         243.439          526.65 
       0.515665         509.198         231.361         515.152 
       0.527909         489.325          220.21         502.766 
       0.540159         477.003          209.66         489.246 
        0.55248         467.759          199.65         476.296 
       0.564743         463.587         190.381         467.991 
        0.57686         446.252         181.863         455.108 
       0.589077         434.489         173.821         444.919 
       0.601441           428.1         166.175         435.622 
        0.61382          417.93         158.965         427.906 
       0.626067         412.567         152.238         419.236 
       0.638306         396.457         145.903         411.068 
       0.650632         391.841           139.9         400.212 
       0.662899         388.445         134.276         395.526 
       0.675076         374.078         129.004         389.107 
       0.687267          364.57         124.009         379.836 
       0.699615         360.798         119.217         373.738 
       0.711937         355.286         114.686         366.961 
       0.724148         343.461         110.429         361.635 
       0.736433         335.683         106.367         354.782 
       0.748747         331.271         102.503         348.296 
       0.761037         325.079         98.8407         343.533 
       0.773197         321.216         95.3951         338.432 
       0.785376         316.324         92.1099         333.094 
       0.797761         307.956         88.9285         327.826 
       0.810096         305.431         85.9101          323.64 
       0.822371         295.005         83.0464         318.298 
       0.834626         293.657         80.3185         314.079 
       0.846916         287.453         77.7067         309.327 
       0.859215         287.052         75.2102         304.909 
       0.871383         279.583         72.8487         300.598 
        0.88363          277.96         70.5752         297.504 
       0.895928         272.197         68.3905         292.772 
       0.908253         265.273         66.2946         288.084 
       0.920535         263.023         64.2941          284.42 
       0.932774         256.376         62.3834         280.416 
        0.94508         253.433         60.5412         277.496 
       0.957324         252.374         58.7828         273.602 
        0.96953         248.732         57.0998         270.047 
       0.981769          241.66         55.4789         267.296 
       0.994071         240.802         53.9134         263.912 
         1.0064         235.636          52.406          260.02 
        1.01868         232.788         50.9608          256.79 
        1.03092         226.968         49.5769         254.358 
         1.0432         223.584         48.2396         251.259 
        1.05553         220.803         46.9466         247.951 
        1.06777         219.992         45.7106         245.366 
           1.08         214.633         44.5206         242.447 
        1.09227         212.364         43.3692         239.641 
         1.1046         209.195         42.2545         237.243 
         1.1169         204.761          41.181         233.998 
        1.12915         202.037         40.1503         231.877 
        1.14142          198.77         39.1529         228.921 
        1.15365          196.08         38.1924         226.509 
        1.16585         193.078         37.2669         223.699 
        1.17807         190.806          36.371         221.791 
        1.19037         188.787         35.4987         219.711 
        1.20276         186.091         34.6493           216.9 
        1.21504         182.238         33.8345         214.548 
        1.22728         179.086         33.0493         211.821 
        1.23954         178.516         32.2872         210.253 
        1.25184         175.051         31.5479         207.889 
        1.26414         172.005         30.8314         205.784 
        1.27632          171.36         30.1437         204.253 
         1.2886         169.604         29.4721         201.654 
        1.30093         164.718         28.8188         199.358 
        1.31316         162.342           28.19         197.125 
        1.32541         161.019         27.5799         195.503 
        1.33772         159.408         26.9846         193.467 
        1.35005         156.889         26.4065         191.297 
        1.36225         154.478         25.8512         189.547 
        1.37447          152.38         25.3109         187.258 
        1.38676         150.548         24.7836         185.704 
        1.39907         148.061         24.2705         183.694 
        1.41133         145.797         23.7742         182.009 
        1.42358         143.967         23.2922         180.298 
        1.43591         142.317         22.8204         178.401 
        1.44818         140.382         22.3642         176.766 
        1.46037         138.368         21.9232         174.913 
        1.47263         136.711         21.4917         173.527 
        1.48494         134.642         21.0702          171.42 
        1.49724         132.839         20.6604         170.045 
        1.50952         130.432         20.2623         168.376 
        1.52178         129.906         19.8753         166.557 
        1.53409         127.129         19.4969         165.189 
        1.54637         125.689         19.1291           163.8 
        1.55858         123.482         18.7729         162.038 
        1.57081         121.844         18.4253         160.661 
        1.58313         120.315         18.0844         159.032 
        1.59544         118.591         17.7523         157.648 
        1.60767         117.477         17.4306         156.164 
        1.61994           115.4         17.1159         154.919 
        1.63225         114.008         16.8082         153.161 
        1.64452         111.927          16.509          151.79 
        1.65676         110.301          16.218         150.532 
          1.669         109.656         15.9339         149.257 
        1.68133         107.305         15.6547         147.881 
        1.69363         106.082         15.3831         146.562 
        1.70585         104.176         15.1196          145.26 
        1.71809         102.991         14.8618         143.757 
        1.73038         102.276         14.6092           142.6 
        1.74268         101.057         14.3623         141.257 
        1.75493         98.8705         14.1223          140.03 
        1.76714         97.8398         13.8883         138.898 
        1.77942         96.4687         13.6585         137.493 
        1.79173          95.097         13.4333         136.408 
        1.80402         94.3448         13.2137          135.22 
         1.8163          92.389         12.9991         133.966 
         1.8286         91.1672         12.7889         132.786 
         1.8409         90.5311         12.5835         131.587 
        1.85315         88.9764         12.3833         130.539 
        1.86537         87.9451         12.1879          129.45 
        1.87765         87.1433          11.996          128.32 
        1.88995         85.6709         11.8077         127.221 
        1.90221          84.529         11.6242         126.144 
        1.91445         83.4398         11.4448         124.973 
        1.92674         82.0581         11.2686         123.944 
        1.93902         81.0504         11.0962         122.835 
        1.95124         80.2424         10.9282         121.837 
         1.9635         78.9825         10.7633         120.714 
        1.97583         77.8142         10.6008         119.801 
        1.98812           76.83         10.4422         118.804 
        2.00039         75.8909         10.2872         117.762 
        2.01264         75.1019         10.1355         116.783 
        2.02492         74.1464         9.98669         115.779 
        2.03717         72.9038         9.84107          114.79 
        2.04942         72.5773         9.69854         113.945 
        2.06171         70.9233         9.55836         112.951 
        2.07397          70.149         9.42125         112.054 
        2.08629         69.3478         9.28626         111.078 
        2.09857         68.2963         9.15425         110.193 
        2.11081         67.2558         9.02534         109.177 
        2.12309         66.4846         8.89861          108.43 
        2.13538         65.6598         8.77412         107.486 
        2.14763         64.7689         8.65244         106.625 
        2.15986         63.6617         8.53335         105.713 
        2.17214         63.1501         8.41602          104.84 
        2.18443         62.3929         8.30078         104.145 
        2.19671         61.2232         8.18784         103.252 
        2.20898         60.9039         8.07714         102.378 
        2.22126         59.9732         7.96837         101.551 
        2.23354         59.2741         7.86164         100.777 
         2.2458         58.3836         7.75705         99.9954 
        2.25807         57.6072         7.65427         99.1535 
        2.27035         56.9931         7.55326         98.3488 
        2.28263         56.1932         7.45413         97.5752 
         2.2949         55.5992         7.35682         96.8143 
        2.30718         54.5697         7.26123          96.085 
        2.31946         54.2428         7.16728         95.2942 
        2.33169         53.2989         7.07541         94.5634 
        2.34393         52.7282           6.985         93.8592 
        2.35622         52.0543         6.89589         93.1178 
        2.36847         51.5719         6.80858         92.4824 
        2.38076         50.6699         6.72252         91.6492 
        2.39305         50.1159         6.63797         91.0203 
        2.40534         49.5861         6.55487          90.273 
        2.41762         48.9951         6.47321          89.535 
        2.42989         48.4116         6.39306         88.9266 
        2.44216         47.8553         6.31427         88.2011 
         2.4544         47.2341           6.237         87.5335 
        2.46667         46.6957         6.16084         86.8447 
        2.47897         46.2005         6.08577         86.1837 
        2.49124         45.5905         6.01216         85.5705 
        2.50349         45.2724         5.93988         84.8943 
        2.51578         44.5427         5.86856         84.3436 
        2.52805         44.0538         5.79855         83.6487 
        2.54029         43.6072         5.72985          82.976 
        2.55257          42.978         5.66205         82.4119 
        2.56487         42.6235         5.59523         81.8388 
        2.57716         42.0418         5.52958         81.2368 
        2.58942         41.4703         5.46512         80.6121 
        2.60167         41.1623         5.40176         80.0274 
        2.61395         40.5587         5.33931          79.448 
        2.62624         40.3201         5.27776         78.8133 
        2.63849         39.7936         5.21737         78.2618 
        2.65073         39.4326         5.15799         77.6823 
        2.66302         38.8979         5.09933         77.1054 
         2.6753         38.4576         5.04162         76.5653 
        2.68756         38.0542         4.98491         75.9885 
        2.69983         37.6964         4.92904          75.482 
        2.71213         37.3149         4.87391         74.9503 
        2.72441         36.9378         4.81972         74.3961 
        2.73665         36.4082         4.76648         73.8618 
         2.7489         36.2868         4.71408          73.341 
        2.76118         35.7715         4.66231         72.8307 
        2.77349         35.4886         4.61119         72.3064 
        2.78576         35.2221         4.56103         71.7653 
        2.79802         34.8127         4.51165         71.3286 
        2.81031         34.4111         4.46289         70.8048 
        2.82259         34.3506         4.41487         70.2811 
        2.83483         33.8719         4.36773         69.8281 
         2.8471         33.5244         4.32119         69.3363 
         2.8594         33.2831         4.27519         68.8308 
         2.8717          33.099         4.22988         68.3707 
        2.88396         32.7263         4.18538         67.8882 
        2.89619         32.5799         4.14161         67.3855 
        2.90847         32.2353          4.0983         66.9219 
        2.92072         32.0301         4.05569         66.4902 
        2.93299         31.8418         4.01366         66.0364 
        2.94526         31.5244         3.97218         65.5909 
        2.95753         31.3285         3.93131         65.1396 
        2.96982         31.1916         3.89094         64.6952 
        2.98209         30.8915         3.85121         64.2662 
        2.99436          30.698         3.81201          63.802 
        3.00666         30.6312         3.77329         63.3857 
        3.01894          30.363         3.73519         62.9472 
        3.03119         30.2228         3.69766         62.5385 
        3.04345         30.0993         3.66065         62.1444 
        3.05573         29.8458         3.62406         61.7279 
          3.068          29.844         3.58802         61.3124 
        3.08026         29.6747         3.55251         60.8999 
        3.09254         29.5448         3.51741         60.5003 
        3.10483          29.537         3.48277         60.1091 
         3.1171         29.3262         3.44865         59.7129 
        3.12933          29.311         3.41508         59.3089 
        3.14159         29.1742         3.38189         58.9067 
