# k  (h/Mpc)    Pcb(k)  (Mpc/h)^3    Pcb_linear(k) (Mpc/h)^3    Pcb_NL(k) (Mpc/h)^3   ShotnoiseSubtracted = false
      0.0156606         8715.83          8735.7          8684.9 
      0.0273761         7530.53         7555.67         7515.97 
      0.0384619          5717.8         5693.28         5665.69 
      0.0498308         4453.54         4478.55         4453.45 
      0.0625568         3758.59         3806.43         3781.89 
      0.0751274         3300.02         3234.09          3197.3 
      0.0867833         2586.97         2603.85         2595.13 
      0.0984825         2134.55         2060.65         2076.61 
       0.111151         1801.69         1720.62         1737.34 
       0.123864         1618.18         1550.64          1564.7 
       0.135742          1461.2         1394.42         1408.89 
        0.14762         1252.05          1192.3         1228.03 
       0.160083         1042.14         993.857         1035.11 
       0.172465          926.78          867.45         918.579 
       0.184281         855.451         799.687         853.249 
       0.196406         783.959          738.51         782.203 
       0.209011         717.776         657.087         704.468 
       0.221538         645.551         574.233         640.347 
       0.233611         595.186         513.789         587.925 
       0.245665         554.213         474.209         540.795 
       0.258103         515.133         441.448         507.674 
       0.270422         474.259         405.639         471.419 
       0.282519         434.236         368.141         437.205 
       0.294636         428.026         335.417          408.12 
       0.306978         379.438         310.317         385.896 
       0.319417         364.281         290.129         362.656 
        0.33169         341.549         270.804         340.805 
       0.343948         325.836         250.916         324.588 
       0.356249         303.835         232.264         309.156 
       0.368458         293.777         216.642         290.682 
        0.38068         279.657         203.577         276.732 
       0.392856         261.376         191.651         264.771 
       0.405069         250.464          179.99         254.069 
       0.417459          238.83         168.698         240.465 
       0.429752         230.063         158.562         230.893 
       0.441978         221.937         149.666         223.179 
       0.454294         207.026         141.588         212.273 
        0.46658         207.016         134.008         205.438 
       0.478753         195.739         126.857         197.875 
       0.490964         189.611         120.141         190.463 
       0.503334         179.676         113.941          184.32 
       0.515665         175.949         108.287         179.641 
       0.527909          170.63         103.068         172.254 
       0.540159         165.096         98.1309         167.222 
        0.55248         160.617         93.4458         161.643 
       0.564743         155.897         89.1076         157.565 
        0.57686         150.833         85.1206         152.408 
       0.589077         144.328         81.3569         148.836 
       0.601441         141.394          77.778         144.934 
        0.61382         139.443         74.4037         140.681 
       0.626067         134.406         71.2549         137.114 
       0.638306         129.245         68.2898         133.908 
       0.650632         124.861         65.4805         129.273 
       0.662899         124.839         62.8479         126.501 
       0.675076         120.383         60.3807         123.474 
       0.687267          117.49         58.0428         120.604 
       0.699615         114.248         55.7995         118.129 
       0.711937         111.012         53.6789         115.037 
       0.724148         109.771         51.6864         113.423 
       0.736433         105.927         49.7852         110.464 
       0.748747          103.74         47.9769          108.08 
       0.761037          101.71         46.2627         105.557 
       0.773197           99.48           44.65         104.341 
       0.785376         97.4832         43.1123         101.719 
       0.797761          96.291         41.6233         100.231 
       0.810096         92.9978         40.2105         98.0045 
       0.822371         91.0676         38.8702         96.1924 
       0.834626         89.1505         37.5934         94.5508 
       0.846916          88.082         36.3709         92.9352 
       0.859215         86.3266         35.2024         91.1083 
       0.871383         85.0968         34.0972         89.5811 
        0.88363          82.824          33.033         88.3719 
       0.895928         81.2322         32.0105         86.9272 
       0.908253         79.1654         31.0295         85.3851 
       0.920535         78.7947         30.0932         84.1306 
       0.932774         77.0469         29.1989         82.6498 
        0.94508         76.1063         28.3366         81.2742 
       0.957324         74.3377         27.5136         80.2251 
        0.96953         74.4116         26.7259         78.8099 
       0.981769         71.9099         25.9672         77.9399 
       0.994071         71.1406         25.2345         76.7887 
         1.0064         69.5718         24.5289         75.6424 
        1.01868         68.7523         23.8525         74.6523 
        1.03092         67.4979         23.2047         73.5895 
         1.0432         66.3493         22.5788         72.4806 
        1.05553         64.6361         21.9736         71.8749 
        1.06777         64.3577         21.3951         70.8444 
           1.08         62.9527         20.8381         69.8607 
        1.09227         62.0614         20.2992         68.8469 
         1.1046         61.0982         19.7775         67.9911 
         1.1169         60.4038          19.275          67.006 
        1.12915         59.5141         18.7926         66.3233 
        1.14142         58.3649         18.3258         65.5059 
        1.15365          57.383         17.8762         64.7565 
        1.16585         56.5748          17.443         63.8682 
        1.17807         55.6937         17.0237         63.1202 
        1.19037         55.5806         16.6154         62.5202 
        1.20276         54.5007         16.2178         61.7812 
        1.21504         53.9886         15.8364         61.0567 
        1.22728         52.8549         15.4689         60.3969 
        1.23954         52.2718         15.1123         59.5912 
        1.25184         51.4155         14.7662         59.0723 
        1.26414         50.6025         14.4309          58.338 
        1.27632         50.1891          14.109         57.7786 
         1.2886         49.6548         13.7946         57.1165 
        1.30093         48.9166         13.4888         56.3825 
        1.31316         48.1539         13.1945         55.9847 
        1.32541         47.8648          12.909         55.3411 
        1.33772         46.9808         12.6303          54.763 
        1.35005         46.4942         12.3597         54.2413 
        1.36225          45.693         12.0999            53.7 
        1.37447         44.6174          11.847         53.1289 
        1.38676         44.7926         11.6002         52.6319 
        1.39907         44.0791           11.36          52.186 
        1.41133         43.1704         11.1277         51.7021 
        1.42358         42.6924         10.9021          51.118 
        1.43591         42.3098         10.6812         50.7011 
        1.44818         41.7961         10.4677         50.0981 
        1.46037         41.2508         10.2613          49.704 
        1.47263         40.9258         10.0594         49.3045 
        1.48494         40.1177         9.86208         48.7785 
        1.49724         39.8743         9.67025         48.3322 
        1.50952          39.449         9.48392          47.914 
        1.52178         38.8362         9.30278         47.5031 
        1.53409         38.5257         9.12566         47.0802 
        1.54637         37.8956         8.95352         46.6201 
        1.55858         37.1096         8.78681         46.1937 
        1.57081         37.1368         8.62412         45.8679 
        1.58313         36.7042         8.46453          45.461 
        1.59544         36.0543         8.30908         45.0462 
        1.60767         35.6028         8.15854         44.6304 
        1.61994         35.1644         8.01121         44.2716 
        1.63225         34.9396         7.86722         43.9053 
        1.64452         34.5208         7.72717         43.5589 
        1.65676         34.0811         7.59098         43.1659 
          1.669          33.767         7.45797         42.8697 
        1.68133         33.4397         7.32731         42.4596 
        1.69363         32.8747         7.20016         42.0996 
        1.70585         32.6594         7.07685         41.8498 
        1.71809          32.092         6.95618         41.4025 
        1.73038         31.9167         6.83794         41.1578 
        1.74268         31.4342         6.72239         40.7407 
        1.75493         31.1164         6.61004         40.4534 
        1.76714         30.8306         6.50054         40.1622 
        1.77942         30.5136         6.39298         39.8356 
        1.79173         30.0969         6.28757         39.5084 
        1.80402         29.7591         6.18476         39.2952 
         1.8163         29.5501         6.08431         38.8404 
         1.8286         29.0521         5.98592         38.6164 
         1.8409         28.8011         5.88979         38.2989 
        1.85315          28.478          5.7961         38.0558 
        1.86537         28.1088         5.70463         37.7694 
        1.87765         27.9714          5.6148         37.4665 
        1.88995         27.5424         5.52669         37.1227 
        1.90221         27.2795         5.44078         36.8591 
        1.91445         26.8856         5.35683         36.6116 
        1.92674         26.6475         5.27437         36.3202 
        1.93902         26.3493         5.19365         36.0781 
        1.95124         25.9053         5.11504         35.8599 
         1.9635         25.7506         5.03786         35.5551 
        1.97583         25.4783         4.96179         35.3243 
        1.98812         25.2478         4.88757         35.0629 
        2.00039         24.9415         4.81503         34.8029 
        2.01264         24.6436         4.74402         34.5771 
        2.02492         24.4647         4.67435         34.2981 
        2.03717         24.0886         4.60619         34.0621 
        2.04942         23.8818         4.53948         33.7999 
        2.06171          23.699         4.47386         33.5862 
        2.07397         23.4388         4.40969         33.3164 
        2.08629         23.1918         4.34651         33.0775 
        2.09857          22.925         4.28472         32.8656 
        2.11081         22.6669         4.22438          32.628 
        2.12309         22.5018         4.16506         32.3964 
        2.13538         22.1526          4.1068         32.1976 
        2.14763         22.0261         4.04984         31.9625 
        2.15986         21.7571          3.9941         31.7353 
        2.17214         21.5437         3.93918         31.5379 
        2.18443         21.3307         3.88525         31.2883 
        2.19671         21.0642         3.83239         31.0777 
        2.20898         20.8771         3.78057         30.8549 
        2.22126         20.7552         3.72966         30.6578 
        2.23354         20.5508          3.6797         30.4708 
         2.2458         20.3585         3.63075          30.272 
        2.25807         20.0555         3.58264         30.0292 
        2.27035         19.8632         3.53536         29.8516 
        2.28263          19.712         3.48896         29.6573 
         2.2949         19.5353         3.44342         29.4636 
        2.30718         19.3466         3.39868         29.2564 
        2.31946         19.2141          3.3547         29.0592 
        2.33169         18.9749          3.3117         28.8687 
        2.34393         18.7975         3.26939         28.6934 
        2.35622         18.6108         3.22768         28.5088 
        2.36847         18.4013         3.18681         28.2995 
        2.38076         18.2486         3.14653         28.1448 
        2.39305         18.0901         3.10696         27.9639 
        2.40534          17.902         3.06806         27.7419 
        2.41762         17.7185         3.02984         27.6116 
        2.42989         17.6026         2.99232         27.3906 
        2.44216         17.3681         2.95545         27.2375 
         2.4544         17.3558         2.91928         27.0474 
        2.46667         17.1215         2.88363         26.8842 
        2.47897         16.9103          2.8485         26.7007 
        2.49124         16.8419         2.81404         26.5326 
        2.50349         16.6138         2.78021         26.3555 
        2.51578         16.5131         2.74683         26.2146 
        2.52805         16.3485         2.71406          26.038 
        2.54029         16.2177          2.6819         25.8731 
        2.55257         16.1087         2.65017         25.7041 
        2.56487         15.9147         2.61889         25.5532 
        2.57716         15.8094         2.58816         25.3715 
        2.58942         15.7179           2.558         25.2382 
        2.60167          15.488         2.52834         25.0758 
        2.61395         15.4261         2.49911         24.9186 
        2.62624         15.3345          2.4703         24.7554 
        2.63849         15.1606         2.44203         24.6273 
        2.65073         15.0291         2.41424         24.4596 
        2.66302         14.9333         2.38678         24.3229 
         2.6753         14.8699         2.35977         24.1642 
        2.68756         14.7207         2.33323          24.027 
        2.69983         14.5883         2.30708         23.8651 
        2.71213         14.4588         2.28127         23.7091 
        2.72441         14.3735         2.25591         23.5726 
        2.73665         14.2629         2.23099          23.432 
         2.7489           14.22         2.20646         23.2885 
        2.76118         14.0677         2.18223         23.1504 
        2.77349         13.9862          2.1583         23.0137 
        2.78576         13.8814         2.13483         22.8847 
        2.79802         13.8156         2.11172         22.7346 
        2.81031         13.7189         2.08889         22.5935 
        2.82259         13.5819         2.06641         22.4741 
        2.83483         13.5781         2.04435         22.3395 
         2.8471         13.5006         2.02257         22.1922 
         2.8594         13.3877         2.00104         22.0541 
         2.8717         13.3323         1.97983         21.9333 
        2.88396         13.2487           1.959         21.8008 
        2.89619         13.2188         1.93852         21.6695 
        2.90847         13.1203         1.91824         21.5572 
        2.92072         13.0788          1.8983         21.4058 
        2.93299         12.9735         1.87862         21.2971 
        2.94526         12.9288         1.85921         21.1812 
        2.95753         12.9008         1.84008         21.0462 
        2.96982         12.8294         1.82118         20.9247 
        2.98209         12.7945         1.80259         20.8062 
        2.99436         12.7439         1.78424          20.677 
        3.00666         12.7251         1.76612         20.5549 
        3.01894           12.67         1.74828         20.4513 
        3.03119         12.6534         1.73072         20.3305 
        3.04345          12.576         1.71339         20.2014 
        3.05573         12.5745         1.69627         20.0881 
          3.068         12.5274          1.6794         19.9797 
        3.08026         12.5242         1.66278         19.8515 
        3.09254           12.47         1.64635         19.7449 
        3.10483         12.4874         1.63014         19.6424 
         3.1171         12.5178         1.61417         19.5267 
        3.12933         12.4766         1.59846         19.4138 
        3.14159         12.4305         1.58292         19.2965 
