# k  (h/Mpc)    P(k)  (Mpc/h)^3    P_linear(k)  (Mpc/h)^3     P_NL(k)  ShotnoiseSubtracted = false
      0.0156606         20458.6         20657.8         20498.3 
      0.0273761         17518.4         17830.8         17644.5 
      0.0384619         13240.9         13421.3         13257.6 
      0.0498308         10227.3         10550.7         10386.6 
      0.0625568         8637.44         8963.17         8816.66 
      0.0751274         7685.27         7613.18            7407 
      0.0867833         5956.64         6128.41         6065.07 
      0.0984825         5026.25         4849.24         4907.19 
       0.111151         4295.78         4048.62         4119.82 
       0.123864         3849.67         3648.35         3706.08 
       0.135742         3507.43         3280.59         3338.61 
        0.14762         3051.03         2804.95            2959 
       0.160083         2587.75            2338         2527.31 
       0.172465         2308.27         2040.56         2281.42 
       0.184281         2095.36         1881.11          2123.2 
       0.196406         1972.18         1737.17         1954.63 
       0.209011         1843.23         1545.61         1771.13 
       0.221538         1660.82         1350.69            1652 
       0.233611         1588.99          1208.5         1546.87 
       0.245665          1441.9         1115.39            1428 
       0.258103         1423.55         1038.32         1347.99 
       0.270422            1271         954.091         1265.75 
       0.282519         1198.44         865.884         1196.99 
       0.294636          1179.2         788.911         1133.26 
       0.306978         1075.06         729.872         1085.49 
       0.319417         1052.33         682.384         1023.28 
        0.33169         990.065          636.93         968.597 
       0.343948         949.332         590.149         938.459 
       0.356249          899.06         546.279         903.326 
       0.368458         865.545         509.533         862.367 
        0.38068         849.755         478.807         829.151 
       0.392856         806.229         450.755         799.809 
       0.405069         766.318         423.325         774.403 
       0.417459         737.256         396.769         745.955 
       0.429752         731.442         372.929         719.867 
       0.441978         706.043         352.005         701.396 
       0.454294         674.419         333.004         672.636 
        0.46658         655.873         315.176         658.636 
       0.478753         642.774         298.357         638.434 
       0.490964         618.104         282.558         618.827 
       0.503334         590.819         267.978         604.766 
       0.515665         589.245         254.681         591.357 
       0.527909         565.478         242.407         578.376 
       0.540159         551.505         230.793         563.444 
        0.55248         540.832         219.774         548.764 
       0.564743         536.721         209.572         539.431 
        0.57686         517.917         200.194          525.04 
       0.589077         506.921         191.342         513.391 
       0.601441         497.301         182.925         503.191 
        0.61382          484.25         174.989         494.445 
       0.626067         478.919         167.583         484.961 
       0.638306         461.147         160.609         475.289 
       0.650632         456.766         154.002         463.547 
       0.662899         452.985          147.81         458.076 
       0.675076         437.449         142.008         451.419 
       0.687267         425.693         136.509         440.672 
       0.699615         423.096         131.233         433.724 
       0.711937          415.72         126.246         425.704 
       0.724148         401.999          121.56         419.817 
       0.736433           392.7         117.088         412.209 
       0.748747         387.858         112.835         404.854 
       0.761037         380.867         108.804          399.76 
       0.773197         375.949         105.011         393.445 
       0.785376         370.665         101.394         387.634 
       0.797761         360.106         97.8924         381.628 
       0.810096         357.198         94.5696         376.861 
       0.822371         346.535         91.4173         370.694 
       0.834626         344.057         88.4145         366.163 
       0.846916          337.74         85.5394         360.485 
       0.859215         335.665         82.7912         355.294 
       0.871383          327.62         80.1917         350.516 
        0.88363          325.14          77.689         346.944 
       0.895928          319.54         75.2841         341.484 
       0.908253         311.612          72.977         335.971 
       0.920535          307.36         70.7748         332.057 
       0.932774         301.537         68.6716         327.182 
        0.94508         297.417         66.6437         323.822 
       0.957324         295.549         64.7079         319.447 
        0.96953          291.54         62.8554         315.518 
       0.981769         284.088          61.071         312.108 
       0.994071         283.174         59.3478         308.253 
         1.0064           277.5         57.6884         303.759 
        1.01868         274.523         56.0976         299.881 
        1.03092         266.597         54.5741         297.203 
         1.0432         263.764          53.102         293.604 
        1.05553         260.732         51.6787          289.62 
        1.06777         258.541         50.3182          286.47 
           1.08         252.564         49.0082         283.233 
        1.09227         251.077         47.7408         279.838 
         1.1046         246.789         46.5136         277.126 
         1.1169         241.245          45.332         273.398 
        1.12915         238.229         44.1974         270.797 
        1.14142         233.863         43.0994          267.48 
        1.15365         231.182         42.0421         264.659 
        1.16585         227.208         41.0233         261.574 
        1.17807         224.949         40.0371         259.023 
        1.19037         221.963         39.0769         256.753 
        1.20276          218.95         38.1418         253.405 
        1.21504          214.34         37.2449         250.605 
        1.22728          211.13         36.3806           247.6 
        1.23954         210.175         35.5417         245.488 
        1.25184         205.715         34.7278         242.827 
        1.26414         201.779         33.9391          240.47 
        1.27632         200.781         33.1821         238.412 
         1.2886         199.325         32.4429         235.578 
        1.30093         194.101         31.7236         232.727 
        1.31316         190.375         31.0315         230.282 
        1.32541         189.311         30.3599         228.111 
        1.33772         186.743         29.7046         225.893 
        1.35005         184.247         29.0682         223.355 
        1.36225         180.949          28.457         221.275 
        1.37447         178.421         27.8622         218.559 
        1.38676         176.587         27.2818         216.941 
        1.39907         173.952         26.7169         214.406 
        1.41133         170.954         26.1706          212.27 
        1.42358         168.995           25.64         210.269 
        1.43591         167.048         25.1206         208.249 
        1.44818         164.054         24.6185         206.178 
        1.46037         162.479          24.133         203.984 
        1.47263         159.724         23.6581         202.226 
        1.48494         157.899         23.1941         199.745 
        1.49724          155.63         22.7429         198.369 
        1.50952         152.776         22.3047         196.255 
        1.52178         151.861         21.8787         194.134 
        1.53409         148.779         21.4621         192.483 
        1.54637         146.934         21.0573         190.894 
        1.55858         144.951         20.6652         188.813 
        1.57081         142.689         20.2826         187.121 
        1.58313         140.816         19.9073         185.212 
        1.59544         138.345         19.5417         183.562 
        1.60767         137.297         19.1876         181.907 
        1.61994         134.873         18.8411          180.24 
        1.63225         133.081         18.5025          178.33 
        1.64452         130.842         18.1731         176.737 
        1.65676         129.063         17.8528         175.216 
          1.669         127.939           17.54         173.615 
        1.68133           125.4         17.2327         172.031 
        1.69363          123.41         16.9336         170.518 
        1.70585         121.441         16.6436             169 
        1.71809         119.996         16.3598         167.175 
        1.73038         118.983         16.0818         165.833 
        1.74268          117.83           15.81         164.226 
        1.75493         114.745         15.5458         162.856 
        1.76714         114.285         15.2882         161.487 
        1.77942         112.168         15.0353         159.885 
        1.79173         110.435         14.7874         158.513 
        1.80402         109.442         14.5456         157.106 
         1.8163         107.178         14.3093         155.775 
         1.8286         105.903         14.0779         154.307 
         1.8409         105.103         13.8519         152.871 
        1.85315         102.912         13.6315         151.632 
        1.86537         102.104         13.4164         150.375 
        1.87765         100.876         13.2051         149.091 
        1.88995         99.1007         12.9979         147.707 
        1.90221          97.874         12.7958         146.519 
        1.91445         96.6426         12.5984         145.112 
        1.92674         95.1388         12.4045         143.874 
        1.93902         93.8741         12.2146         142.582 
        1.95124         92.7814         12.0298         141.382 
         1.9635         91.2558         11.8482         140.135 
        1.97583          89.911         11.6693         138.968 
        1.98812         88.7841         11.4948         137.906 
        2.00039         87.7635         11.3242          136.62 
        2.01264         86.6768         11.1572         135.498 
        2.02492          85.774         10.9933         134.279 
        2.03717         84.2996          10.833         133.199 
        2.04942         83.6212         10.6761          132.12 
        2.06171          81.828         10.5218          130.97 
        2.07397         81.0241         10.3709         129.936 
        2.08629         80.0087         10.2223         128.806 
        2.09857         78.9092          10.077         127.768 
        2.11081         77.5842         9.93507         126.589 
        2.12309         76.5426         9.79556         125.671 
        2.13538         75.5682         9.65853         124.563 
        2.14763          74.624         9.52458         123.569 
        2.15986         73.5728         9.39349         122.478 
        2.17214         72.7691         9.26433         121.499 
        2.18443         71.8121         9.13748         120.671 
        2.19671         70.7397         9.01316         119.632 
        2.20898         70.0425          8.8913         118.572 
        2.22126         69.0125         8.77156          117.67 
        2.23354         68.2557         8.65407         116.734 
         2.2458         66.9877         8.53893         115.795 
        2.25807         66.2776         8.42579         114.844 
        2.27035         65.3636         8.31461         113.906 
        2.28263         64.5206         8.20548         113.026 
         2.2949         63.5401         8.09837         112.138 
        2.30718         62.6199         7.99314         111.256 
        2.31946         62.2002         7.88972         110.302 
        2.33169         61.0945         7.78859         109.467 
        2.34393         60.6427         7.68907         108.676 
        2.35622          59.497         7.59097         107.789 
        2.36847         59.0799         7.49486         107.053 
        2.38076         58.0854         7.40013         106.079 
        2.39305         57.4766         7.30706         105.364 
        2.40534         56.7179         7.21558         104.493 
        2.41762         56.0587         7.12569         103.643 
        2.42989         55.2022         7.03746         102.908 
        2.44216         54.6535         6.95074          102.05 
         2.4544         53.8159         6.86567           101.3 
        2.46667         53.2243         6.78184         100.519 
        2.47897         52.6412          6.6992         99.7124 
        2.49124         52.0931         6.61817         98.9925 
        2.50349         51.5772          6.5386          98.234 
        2.51578         50.7786          6.4601         97.5837 
        2.52805         50.2075         6.38302         96.7608 
        2.54029          49.706          6.3074         96.0026 
        2.55257          49.057         6.23277         95.3459 
        2.56487         48.7757         6.15921         94.6619 
        2.57716         48.0146         6.08694         93.9463 
        2.58942         47.3596         6.01599         93.2449 
        2.60167         46.8282         5.94624         92.5648 
        2.61395         46.3527          5.8775         91.8812 
        2.62624         45.7228         5.80974         91.1479 
        2.63849          45.222         5.74327         90.4995 
        2.65073         44.7925         5.67791         89.8412 
        2.66302         44.2597         5.61333         89.1588 
         2.6753         43.8319          5.5498         88.5443 
        2.68756         43.3828         5.48738         87.8735 
        2.69983         42.8223         5.42587         87.2685 
        2.71213         42.4194         5.36518         86.6419 
        2.72441         41.9836         5.30553         86.0054 
        2.73665         41.4685         5.24693         85.4102 
         2.7489         41.0523         5.18925         84.8063 
        2.76118         40.6757         5.13225         84.1875 
        2.77349         40.2215         5.07598         83.5928 
        2.78576         39.8525         5.02077         82.9675 
        2.79802         39.5141         4.96641         82.4576 
        2.81031         38.9705         4.91274         81.8522 
        2.82259         38.7888         4.85987         81.2443 
        2.83483         38.2826         4.80799         80.7236 
         2.8471         37.9755         4.75676         80.1374 
         2.8594         37.6205         4.70612         79.5581 
         2.8717         37.4423         4.65623          79.041 
        2.88396         37.0104         4.60726         78.4831 
        2.89619         36.7985         4.55908         77.8932 
        2.90847         36.3948          4.5114         77.3344 
        2.92072          36.185         4.46449          76.853 
        2.93299         36.0294         4.41822          76.344 
        2.94526         35.6154         4.37256         75.8111 
        2.95753         35.3931         4.32757         75.2762 
        2.96982         35.0789         4.28313         74.7727 
        2.98209         34.8674         4.23941         74.2797 
        2.99436         34.5912         4.19625         73.7401 
        3.00666         34.5539         4.15363         73.2473 
        3.01894         34.1795         4.11168         72.7528 
        3.03119         34.1466         4.07037         72.2843 
        3.04345         33.9772         4.02963         71.8161 
        3.05573         33.6378         3.98936         71.3277 
          3.068         33.5707         3.94968         70.8526 
        3.08026         33.3948         3.91059         70.3751 
        3.09254         33.3263         3.87195         69.9177 
        3.10483         33.2863         3.83382         69.4626 
         3.1171         33.1102         3.79627         68.9984 
        3.12933         32.9762         3.75931          68.537 
        3.14159         32.8512         3.72277         68.0715 
