# k  (h/Mpc)    Pcb(k)  (Mpc/h)^3    Pcb_linear(k) (Mpc/h)^3    Pcb_NL(k) (Mpc/h)^3   ShotnoiseSubtracted = false
      0.0156606         16697.4         16769.3         16650.3 
      0.0273761         14351.2         14499.9         14372.3 
      0.0384619         10871.2         10924.3         10816.4 
      0.0498308         8419.28          8592.8         8485.99 
      0.0625568         7110.44         7302.86         7206.06 
      0.0751274         6307.07         6204.59         6066.89 
      0.0867833         4902.54         4995.39         4954.75 
      0.0984825         4110.58         3953.21         3995.82 
       0.111151         3500.17         3300.86         3350.49 
       0.123864         3139.19         2974.74         3015.44 
       0.135742          2851.7         2675.03         2716.32 
        0.14762         2470.71         2287.29         2396.46 
       0.160083         2080.39         1906.58         2038.49 
       0.172465         1855.61         1664.08         1831.09 
       0.184281         1693.48         1534.09         1703.75 
       0.196406         1578.73         1416.72          1565.2 
       0.209011          1466.9         1260.52         1415.81 
       0.221538          1323.3         1101.58         1312.71 
       0.233611          1253.4         985.627         1223.13 
       0.245665         1143.85         909.696         1127.13 
       0.258103         1112.76         846.848         1062.38 
       0.270422         998.194         778.155         994.597 
       0.282519         933.108          706.22         935.026 
       0.294636         922.876         643.444         882.322 
       0.306978         833.353         595.294          842.57 
       0.319417         809.815         556.565         793.485 
        0.33169         763.067         519.494          749.05 
       0.343948         728.573         481.341          723.69 
       0.356249         686.515         445.561         694.799 
       0.368458         664.717         415.592          659.97 
        0.38068         645.522         390.529          632.78 
       0.392856         609.826         367.651         608.672 
       0.405069          582.68          345.28         589.865 
       0.417459          559.47          323.62         564.172 
       0.429752         547.984         304.176         544.002 
       0.441978         529.641          287.11         528.905 
       0.454294         502.664         271.613         506.293 
        0.46658         491.588         257.072         494.553 
       0.478753          478.19         243.354          478.34 
       0.490964         460.471         230.469         462.907 
       0.503334         436.606         218.576          451.15 
       0.515665         435.563         207.731         441.365 
       0.527909         419.333         197.719         429.678 
       0.540159         408.806         188.247          417.76 
        0.55248         400.825          179.26          406.48 
       0.564743          395.95         170.938         399.076 
        0.57686         380.646         163.289         387.709 
       0.589077         368.715         156.069         379.079 
       0.601441         364.426         149.204          370.73 
        0.61382         357.028         142.731         363.817 
       0.626067         351.609          136.69         356.067 
       0.638306         336.879         131.002         349.256 
       0.650632         331.897         125.613          339.46 
       0.662899         329.146         120.563          335.33 
       0.675076         316.524          115.83         329.245 
       0.687267         308.681         111.345         321.525 
       0.699615          304.46         107.042         316.138 
       0.711937         299.834         102.974         310.462 
       0.724148         290.376         99.1515         305.819 
       0.736433         284.034         95.5044         299.725 
       0.748747          279.76         92.0354           294.1 
       0.761037         274.625          88.747          289.64 
       0.773197         271.203         85.6533         285.636 
       0.785376         267.194         82.7036          280.69 
       0.797761         260.626         79.8472          276.42 
       0.810096         257.813          77.137         272.603 
       0.822371         248.239         74.5657         268.087 
       0.834626         247.587         72.1165         264.213 
       0.846916         242.252         69.7714         260.325 
       0.859215         242.271         67.5298         256.579 
       0.871383         235.741         65.4095         252.715 
        0.88363         234.167         63.3682         250.104 
       0.895928         228.822         61.4066          246.15 
       0.908253         222.689         59.5248         242.142 
       0.920535         221.705         57.7285         238.904 
       0.932774         214.869          56.013         235.608 
        0.94508          212.79         54.3589          233.15 
       0.957324         212.229           52.78         229.714 
        0.96953         209.225          51.269         226.496 
       0.981769         202.825         49.8135         224.349 
       0.994071         201.949          48.408         221.441 
         1.0064         197.454         47.0545         218.105 
        1.01868         194.792         45.7569         215.561 
        1.03092         190.991         44.5143         213.347 
         1.0432         187.424         43.3136         210.714 
        1.05553         184.781         42.1526         208.083 
        1.06777         184.531         41.0429         205.974 
           1.08         179.959         39.9743          203.36 
        1.09227         177.758         38.9406         201.185 
         1.1046         175.115         37.9396         199.036 
         1.1169         172.081         36.9758         196.309 
        1.12915         169.574         36.0504         194.503 
        1.14142         166.888         35.1548         191.968 
        1.15365         164.643         34.2924         189.952 
        1.16585         162.367         33.4614         187.487 
        1.17807         160.208          32.657         186.077 
        1.19037         158.937         31.8738         184.202 
        1.20276         156.285         31.1111         181.912 
        1.21504         153.563         30.3795          179.96 
        1.22728         150.615         29.6745          177.68 
        1.23954         150.086         28.9903         176.378 
        1.25184         147.235         28.3264         174.355 
        1.26414          144.94         27.6831         172.529 
        1.27632         144.426         27.0656         171.485 
         1.2886         142.145         26.4626          169.13 
        1.30093         138.132          25.876           167.3 
        1.31316         137.183         25.3114          165.43 
        1.32541         135.435         24.7637         164.186 
        1.33772         134.174         24.2291         162.411 
        1.35005         132.223           23.71         160.589 
        1.36225         130.549         23.2115         159.152 
        1.37447         128.411         22.7263         157.319 
        1.38676         127.033         22.2529         155.832 
        1.39907         124.571         21.7922         154.308 
        1.41133         122.855         21.3465             153 
        1.42358         121.109         20.9138         151.556 
        1.43591         119.972         20.4901         149.856 
        1.44818         118.824         20.0805         148.597 
        1.46037         116.578         19.6846         147.058 
        1.47263         115.442         19.2972         145.946 
        1.48494         113.762         18.9187         144.265 
        1.49724         112.199         18.5507         142.908 
        1.50952         110.154         18.1933         141.613 
        1.52178         109.628         17.8458         140.191 
        1.53409         107.667          17.506         139.019 
        1.54637         106.181         17.1758         137.808 
        1.55858         104.441          16.856         136.403 
        1.57081         103.075         16.5439         135.242 
        1.58313         101.894         16.2377         133.929 
        1.59544         100.741         15.9395         132.767 
        1.60767         99.3685         15.6507          131.48 
        1.61994         97.7587         15.3681         130.576 
        1.63225          96.502         15.0919         129.012 
        1.64452         94.8662         14.8232         127.901 
        1.65676         93.5852          14.562         126.864 
          1.669         92.9844         14.3068         125.833 
        1.68133         91.3122         14.0562         124.644 
        1.69363         90.4201         13.8123         123.588 
        1.70585         88.8616         13.5757         122.459 
        1.71809         87.6779         13.3442         121.335 
        1.73038         86.9634         13.1174         120.284 
        1.74268         85.6517         12.8957         119.212 
        1.75493         84.5898         12.6802         118.146 
        1.76714         83.2571         12.4702         117.198 
        1.77942         82.4612         12.2638         116.072 
        1.79173         81.1047         12.0616         115.163 
        1.80402         80.4741         11.8644         114.213 
         1.8163         79.0674         11.6717         113.074 
         1.8286         77.9726          11.483         112.172 
         1.8409         77.2736         11.2985         111.201 
        1.85315           76.05         11.1188         110.326 
        1.86537         75.2003         10.9433         109.381 
        1.87765         74.5153          10.771         108.375 
        1.88995         73.2845          10.602         107.546 
        1.90221         72.3556         10.4372         106.614 
        1.91445         71.1045         10.2762         105.694 
        1.92674         70.2417          10.118         104.845 
        1.93902          69.364         9.96311           103.9 
        1.95124          68.808         9.81232         103.134 
         1.9635            67.7         9.66426         102.113 
        1.97583         66.8334         9.51833         101.419 
        1.98812         66.0044         9.37596         100.534 
        2.00039         64.9618         9.23679          99.699 
        2.01264         64.4683         9.10058         98.8584 
        2.02492         63.4946         8.96692         98.0588 
        2.03717         62.5038         8.83617         97.1934 
        2.04942         62.0804          8.7082         96.5137 
        2.06171         60.8725         8.58233         95.6728 
        2.07397         60.2614         8.45922         94.9453 
        2.08629         59.6666         8.33802         94.1169 
        2.09857         58.7711         8.21949         93.3793 
        2.11081         57.7384         8.10374         92.5375 
        2.12309         57.3943         7.98995         91.9082 
        2.13538         56.4827         7.87818         91.1314 
        2.14763         55.8054         7.76892         90.4071 
        2.15986         54.7674         7.66199         89.6665 
        2.17214         54.3671         7.55664          88.942 
        2.18443          53.745         7.45317         88.3298 
        2.19671         52.8149         7.35177         87.5691 
        2.20898         52.6225         7.25237         86.8745 
        2.22126         51.7543          7.1547         86.1555 
        2.23354         51.0624         7.05887         85.5217 
         2.2458         50.4729         6.96496         84.8845 
        2.25807         49.8784         6.87267         84.1583 
        2.27035         49.3365         6.78198         83.4989 
        2.28263         48.5013         6.69297         82.8352 
         2.2949         48.1284          6.6056         82.2019 
        2.30718         47.2935         6.51977         81.5988 
        2.31946         46.7819         6.43542         80.9795 
        2.33169         46.1752         6.35293         80.3487 
        2.34393         45.4454         6.27175         79.7397 
        2.35622         45.1814         6.19174         79.1167 
        2.36847         44.5849         6.11334         78.5672 
        2.38076         43.9871         6.03607         77.9018 
        2.39305         43.4555         5.96016         77.3526 
        2.40534         43.0036         5.88554         76.7163 
        2.41762         42.5897         5.81222         76.1023 
        2.42989         41.9683         5.74025         75.6027 
        2.44216         41.5933         5.66951         75.0053 
         2.4544         41.0794         5.60013         74.4332 
        2.46667         40.6506         5.53175         73.8472 
        2.47897         40.1638         5.46434          73.315 
        2.49124         39.6213         5.39825         72.7818 
        2.50349         39.1148         5.33335         72.2163 
        2.51578         38.6324         5.26931         71.7437 
        2.52805         38.4171         5.20645         71.1813 
        2.54029         37.8845         5.14476         70.6227 
        2.55257         37.3202         5.08389          70.133 
        2.56487         37.0601         5.02389         69.6486 
        2.57716         36.5724         4.96494         69.1564 
        2.58942         36.1247         4.90707         68.6258 
        2.60167         35.6983         4.85018         68.1189 
        2.61395         35.3302          4.7941         67.6313 
        2.62624         35.0772         4.73884         67.1239 
        2.63849         34.7408         4.68462         66.6604 
        2.65073         34.3664          4.6313         66.1522 
        2.66302         33.8896         4.57863         65.6781 
         2.6753         33.5161         4.52681          65.218 
        2.68756         33.0482         4.47589         64.7196 
        2.69983         32.8703         4.42573         64.3005 
        2.71213         32.5438         4.37622         63.8616 
        2.72441         32.2468         4.32757         63.3877 
        2.73665         31.8894         4.27977          62.929 
         2.7489          31.742         4.23272         62.4902 
        2.76118         31.2486         4.18623          62.062 
        2.77349           31.12         4.14033         61.6253 
        2.78576         30.8807          4.0953         61.1709 
        2.79802         30.4213         4.05096         60.7809 
        2.81031         30.1529         4.00718         60.3516 
        2.82259         29.9967         3.96406         59.9081 
        2.83483         29.6472         3.92173         59.5058 
         2.8471         29.3194         3.87995         59.1034 
         2.8594          29.216         3.83864         58.6964 
         2.8717         28.9233         3.79795         58.2917 
        2.88396         28.6729         3.75801         57.8703 
        2.89619         28.4212         3.71871         57.4634 
        2.90847         28.2498         3.67982         57.0896 
        2.92072         28.0132         3.64155          56.696 
        2.93299          27.875         3.60381          56.306 
        2.94526         27.6142         3.56657         55.9425 
        2.95753         27.4683         3.52987         55.5688 
        2.96982         27.3852         3.49363         55.1883 
        2.98209         27.1032         3.45796         54.8232 
        2.99436         26.9231         3.42276         54.4381 
        3.00666         26.8485           3.388         54.0834 
        3.01894         26.6211         3.35378          53.703 
        3.03119         26.5343         3.32008         53.3539 
        3.04345         26.3581         3.28685         53.0232 
        3.05573         26.3154           3.254         52.6726 
          3.068         26.1818         3.22164         52.3194 
        3.08026         26.0062         3.18975         51.9675 
        3.09254           25.93         3.15824         51.6268 
        3.10483         25.9402         3.12714         51.2962 
         3.1171         25.8755          3.0965         50.9623 
        3.12933         25.7841         3.06636         50.6231 
        3.14159          25.655         3.03656         50.2888 
