# k  (h/Mpc)    P(k)  (Mpc/h)^3    P_linear(k)  (Mpc/h)^3     P_NL(k)  ShotnoiseSubtracted = false
      0.0156606         84.6026         88.7087         88.3016 
      0.0273761         73.8523         76.7819         76.6301 
      0.0384619         56.0475         57.8776         57.8794 
      0.0498308         44.1993         45.5374         45.5718 
      0.0625568         37.3273         38.7077         38.6932 
      0.0751274         31.7696         32.8898          32.841 
      0.0867833         25.5673         26.4817         26.4776 
      0.0984825         20.3835         20.9579         20.9926 
       0.111151         17.0159            17.5         17.5305 
       0.123864         15.2787         15.7713         15.7817 
       0.135742          13.706         14.1826         14.1874 
        0.14762          11.705          12.127         12.1571 
       0.160083         9.76727         10.1087         10.1497 
       0.172465         8.53759         8.82304         8.87033 
       0.184281         7.87294         8.13383         8.18044 
       0.196406         7.23209          7.5116         7.54366 
       0.209011          6.4509         6.68344         6.72251 
       0.221538         5.65498         5.84073         5.89921 
       0.233611         5.06792         5.22596         5.29097 
       0.245665         4.69344         4.82337         4.87987 
       0.258103         4.32214         4.49015         4.54535 
       0.270422         3.99603         4.12594         4.17862 
       0.282519         3.62791         3.74453         3.80285 
       0.294636         3.32902         3.41169         3.47349 
       0.306978           3.046         3.15639         3.21982 
       0.319417         2.86515         2.95104         3.01237 
        0.33169         2.67141         2.75448         2.81335 
       0.343948         2.48376         2.55219         2.61067 
       0.356249          2.2884         2.36248         2.43009 
       0.368458         2.14064         2.20358         2.26307 
        0.38068         2.00788          2.0707          2.1299 
       0.392856         1.89024         1.94939         2.00914 
       0.405069         1.78457         1.83077         1.88704 
       0.417459         1.65465         1.71593         1.77543 
       0.429752         1.56343         1.61284         1.67128 
       0.441978         1.48016         1.52234         1.58439 
       0.454294         1.39702         1.44017         1.49869 
        0.46658         1.32886         1.36307         1.42014 
       0.478753         1.25826         1.29034         1.34697 
       0.490964         1.19578         1.22201         1.28226 
       0.503334         1.13673         1.15896         1.21514 
       0.515665          1.0748         1.10146          1.1607 
       0.527909         1.02981         1.04837         1.10293 
       0.540159        0.976442        0.998143         1.05173 
        0.55248        0.926319        0.950488         1.00165 
       0.564743        0.892094        0.906366        0.961499 
        0.57686        0.851015        0.865811        0.918655 
       0.589077        0.808021        0.827528        0.882297 
       0.601441        0.778779        0.791126        0.844576 
        0.61382        0.743932        0.756803        0.808224 
       0.626067        0.710792        0.724776        0.775649 
       0.638306        0.683537        0.694616        0.744418 
       0.650632        0.657679        0.666041        0.716619 
       0.662899          0.6328        0.639263        0.688008 
       0.675076        0.602774        0.614168        0.662799 
       0.687267         0.57951        0.590388        0.636534 
       0.699615        0.562246         0.56757        0.613231 
       0.711937        0.539661           0.546        0.592807 
       0.724148        0.522567        0.525733         0.57144 
       0.736433        0.501483        0.506395        0.550207 
       0.748747        0.483615        0.488001        0.533456 
       0.761037        0.465478        0.470565        0.514505 
       0.773197        0.449882        0.454161        0.498686 
       0.785376        0.433276        0.438521        0.481783 
       0.797761        0.419506        0.423375        0.465065 
       0.810096         0.40862        0.409005        0.452111 
       0.822371        0.395177        0.395372        0.436499 
       0.834626        0.382664        0.382385        0.422668 
       0.846916        0.370749        0.369951         0.41136 
       0.859215        0.356267        0.358065        0.399355 
       0.871383        0.346792        0.346823        0.386945 
        0.88363         0.33573        0.335999        0.375799 
       0.895928          0.3271        0.325598        0.364503 
       0.908253        0.317409         0.31562        0.354296 
       0.920535        0.308219        0.306096        0.343726 
       0.932774        0.299154        0.296999         0.33351 
        0.94508        0.290625        0.288229        0.324699 
       0.957324        0.282977        0.279857        0.316792 
        0.96953        0.273698        0.271845        0.308056 
       0.981769        0.266321        0.264128        0.298997 
       0.994071        0.259637        0.256675        0.292409 
         1.0064        0.252153        0.249498        0.284296 
        1.01868        0.246019        0.242618        0.277097 
        1.03092        0.240325        0.236029        0.269471 
         1.0432        0.234466        0.229663        0.262967 
        1.05553        0.227467        0.223507         0.25691 
        1.06777        0.221237        0.217623         0.25069 
           1.08        0.216849        0.211957         0.24433 
        1.09227          0.2107        0.206476        0.238283 
         1.1046        0.205567        0.201169         0.23303 
         1.1169        0.200516        0.196058        0.227471 
        1.12915         0.19519        0.191151        0.222184 
        1.14142        0.191868        0.186403        0.217041 
        1.15365        0.187254         0.18183        0.212286 
        1.16585        0.182482        0.177423        0.207298 
        1.17807        0.179118        0.173158        0.203003 
        1.19037        0.174015        0.169006         0.19819 
        1.20276        0.170949        0.164962         0.19349 
        1.21504        0.166976        0.161082        0.190203 
        1.22728        0.163734        0.157344        0.185374 
        1.23954        0.160201        0.153716        0.182148 
        1.25184        0.156922        0.150196        0.177802 
        1.26414        0.153483        0.146785         0.17404 
        1.27632        0.149424        0.143511        0.170588 
         1.2886        0.146071        0.140314        0.166779 
        1.30093        0.143148        0.137203        0.164014 
        1.31316        0.139778         0.13421         0.16048 
        1.32541        0.137241        0.131305        0.157508 
        1.33772        0.134595        0.128471        0.154387 
        1.35005        0.132512        0.125719        0.151456 
        1.36225        0.129721        0.123075        0.148304 
        1.37447        0.127225        0.120503        0.145774 
        1.38676        0.125101        0.117992        0.142702 
        1.39907        0.122749         0.11555        0.140222 
        1.41133        0.119887        0.113187        0.137583 
        1.42358        0.117894        0.110892        0.134715 
        1.43591        0.115964        0.108646        0.132795 
        1.44818        0.113679        0.106474        0.130391 
        1.46037        0.111463        0.104374        0.127704 
        1.47263        0.109475         0.10232         0.12563 
        1.48494        0.107316        0.100313        0.123504 
        1.49724        0.105274       0.0983621        0.121354 
        1.50952         0.10359       0.0964669         0.11881 
        1.52178        0.101927       0.0946244        0.116924 
        1.53409         0.10045       0.0928228        0.114961 
        1.54637       0.0985145       0.0910719        0.112878 
        1.55858       0.0965654       0.0893761         0.11102 
        1.57081       0.0950983       0.0877213        0.109058 
        1.58313       0.0937347       0.0860981        0.107477 
        1.59544       0.0924128       0.0845169        0.105549 
        1.60767       0.0909273       0.0829856        0.103851 
        1.61994       0.0889643       0.0814871         0.10231 
        1.63225       0.0872716       0.0800224        0.100688 
        1.64452       0.0863136       0.0785979       0.0989274 
        1.65676       0.0852497       0.0772126       0.0974241 
          1.669       0.0838659       0.0758597        0.095786 
        1.68133       0.0822629       0.0745306       0.0944071 
        1.69363       0.0808499       0.0732374       0.0929274 
        1.70585       0.0796854       0.0719831       0.0914951 
        1.71809       0.0784589       0.0707557       0.0900532 
        1.73038       0.0773365        0.069553       0.0887276 
        1.74268       0.0758212       0.0683777       0.0872722 
        1.75493       0.0752914       0.0672349       0.0861614 
        1.76714       0.0739921       0.0661211       0.0848102 
        1.77942       0.0731105        0.065027       0.0835753 
        1.79173       0.0721288       0.0639549       0.0822043 
        1.80402       0.0709356       0.0629091       0.0810907 
         1.8163       0.0699302       0.0618874       0.0797334 
         1.8286       0.0688947       0.0608866       0.0789242 
         1.8409       0.0677839       0.0599088       0.0776167 
        1.85315       0.0671269       0.0589558       0.0764994 
        1.86537       0.0658121       0.0580254       0.0754517 
        1.87765       0.0651421       0.0571117       0.0743763 
        1.88995       0.0643611       0.0562155       0.0734222 
        1.90221       0.0636479       0.0553416       0.0723384 
        1.91445       0.0625038       0.0544878       0.0713881 
        1.92674       0.0618048        0.053649       0.0704164 
        1.93902       0.0608602       0.0528279       0.0693786 
        1.95124       0.0601762       0.0520283       0.0684533 
         1.9635       0.0593059       0.0512433       0.0675102 
        1.97583       0.0587124       0.0504695       0.0665755 
        1.98812        0.057856       0.0497146       0.0658501 
        2.00039       0.0572056       0.0489767       0.0648668 
        2.01264       0.0564851       0.0482545       0.0640692 
        2.02492        0.055956       0.0475458       0.0632318 
        2.03717       0.0549951       0.0468525       0.0624188 
        2.04942       0.0545927        0.046174       0.0615757 
        2.06171       0.0537421       0.0455066       0.0607871 
        2.07397        0.052981       0.0448538       0.0600532 
        2.08629       0.0524075       0.0442111       0.0592585 
        2.09857       0.0518872       0.0435826       0.0585375 
        2.11081       0.0513508       0.0429689        0.057717 
        2.12309       0.0505893       0.0423655        0.057131 
        2.13538       0.0501175       0.0417729       0.0563687 
        2.14763       0.0495588       0.0411936       0.0557119 
        2.15986        0.049038       0.0406266       0.0550575 
        2.17214       0.0483674        0.040068       0.0543563 
        2.18443       0.0480196       0.0395194       0.0536749 
        2.19671       0.0473403       0.0389817       0.0530927 
        2.20898       0.0469579       0.0384546       0.0524021 
        2.22126       0.0462239       0.0379368       0.0518281 
        2.23354       0.0458206       0.0374286       0.0512488 
         2.2458       0.0453516       0.0369307       0.0505141 
        2.25807        0.044825       0.0364414       0.0500328 
        2.27035       0.0444445       0.0359605        0.049431 
        2.28263       0.0438528       0.0354885       0.0488896 
         2.2949       0.0435152       0.0350253        0.048279 
        2.30718       0.0430386       0.0345702        0.047751 
        2.31946       0.0426711       0.0341229       0.0472264 
        2.33169       0.0419766       0.0336855       0.0466702 
        2.34393       0.0419294       0.0332551       0.0462012 
        2.35622       0.0413343       0.0328308       0.0456287 
        2.36847       0.0410641       0.0324151       0.0451386 
        2.38076       0.0405004       0.0320054       0.0446515 
        2.39305       0.0403216       0.0316029       0.0441583 
        2.40534       0.0398454       0.0312073        0.043684 
        2.41762       0.0394049       0.0308185       0.0432004 
        2.42989       0.0390535       0.0304369       0.0427134 
        2.44216        0.038747       0.0300618       0.0422768 
         2.4544       0.0383508       0.0296939       0.0418428 
        2.46667       0.0380952       0.0293313       0.0413572 
        2.47897       0.0375639       0.0289739       0.0409265 
        2.49124        0.037295       0.0286235          0.0405 
        2.50349       0.0369198       0.0282793       0.0400597 
        2.51578       0.0365929       0.0279398       0.0396403 
        2.52805       0.0364224       0.0276065       0.0392419 
        2.54029       0.0359766       0.0272794        0.038848 
        2.55257       0.0356985       0.0269566       0.0384605 
        2.56487       0.0354355       0.0266385       0.0380593 
        2.57716       0.0352452       0.0263259       0.0376648 
        2.58942       0.0348126       0.0260191       0.0372672 
        2.60167       0.0345053       0.0257174        0.036896 
        2.61395       0.0342627       0.0254201       0.0365417 
        2.62624       0.0341479       0.0251271       0.0361799 
        2.63849       0.0337674       0.0248396       0.0358188 
        2.65073       0.0333925       0.0245569       0.0354534 
        2.66302       0.0332802       0.0242776       0.0350981 
         2.6753       0.0330111       0.0240028       0.0347603 
        2.68756       0.0328476       0.0237328       0.0344284 
        2.69983       0.0325151       0.0234668       0.0340501 
        2.71213       0.0322789       0.0232044       0.0337521 
        2.72441       0.0319883       0.0229464       0.0334494 
        2.73665       0.0318415       0.0226929        0.033119 
         2.7489       0.0316027       0.0224434          0.0328 
        2.76118       0.0314428       0.0221969       0.0324905 
        2.77349        0.031122       0.0219536       0.0321963 
        2.78576       0.0310238       0.0217148       0.0319067 
        2.79802       0.0308119       0.0214797       0.0315541 
        2.81031       0.0305797       0.0212475       0.0312937 
        2.82259       0.0302995       0.0210189       0.0309866 
        2.83483       0.0300612       0.0207945       0.0306883 
         2.8471       0.0300131       0.0205729       0.0304483 
         2.8594       0.0298105       0.0203539       0.0301718 
         2.8717       0.0295899       0.0201382       0.0298776 
        2.88396       0.0295335       0.0199264       0.0296211 
        2.89619       0.0292813        0.019718       0.0293625 
        2.90847       0.0291662       0.0195118       0.0290954 
        2.92072       0.0289564       0.0193089       0.0288145 
        2.93299       0.0287935       0.0191088       0.0285566 
        2.94526       0.0286956       0.0189113       0.0283189 
        2.95753       0.0284813       0.0187167         0.02807 
        2.96982       0.0283498       0.0185245       0.0278056 
        2.98209       0.0281722       0.0183354       0.0275559 
        2.99436       0.0281097       0.0181488       0.0273161 
        3.00666       0.0279604       0.0179644       0.0270757 
        3.01894       0.0278942        0.017783       0.0268579 
        3.03119       0.0277725       0.0176044       0.0266255 
        3.04345       0.0276308       0.0174281       0.0263983 
        3.05573       0.0275788        0.017254       0.0261801 
          3.068       0.0274064       0.0170824       0.0259414 
        3.08026       0.0273037       0.0169133       0.0257298 
        3.09254       0.0272579       0.0167462       0.0255165 
        3.10483        0.027165       0.0165813        0.025304 
         3.1171        0.027123       0.0164189        0.025082 
        3.12933       0.0269139        0.016259       0.0248527 
        3.14159       0.0268269        0.016101       0.0246692 
