# k  (h/Mpc)    Pcb(k)  (Mpc/h)^3    Pcb_linear(k) (Mpc/h)^3    Pcb_NL(k) (Mpc/h)^3   ShotnoiseSubtracted = false
      0.0156606         1675.36         1676.24         1668.27 
      0.0273761         1457.73         1450.71         1447.29 
      0.0384619         1107.57         1093.42         1092.77 
      0.0498308         869.622         860.248         860.268 
      0.0625568         733.792         731.212         730.484 
      0.0751274          632.24         621.298         619.693 
      0.0867833         503.346          500.24          500.08 
      0.0984825         406.007          395.89         397.015 
       0.111151         339.617         330.571         331.631 
       0.123864         304.999         297.917         298.605 
       0.135742         273.796         267.905         268.539 
        0.14762         232.587         229.075         230.717 
       0.160083         193.298         190.949         192.875 
       0.172465         169.816         166.663         168.947 
       0.184281         157.343         153.644         156.044 
       0.196406         143.662         141.891         143.693 
       0.209011         129.006         126.247         128.329 
       0.221538         114.113         110.329         113.269 
       0.233611         102.485         98.7156         101.976 
       0.245665         96.0084          91.111          93.997 
       0.258103         86.6286         84.8167         87.6829 
       0.270422         81.2111         77.9368         80.6988 
       0.282519         73.6558         70.7321          73.714 
       0.294636         69.3863         64.4449         67.5886 
       0.306978         61.7394         59.6224         62.8614 
       0.319417         58.7299         55.7436         58.8824 
        0.33169         54.5796         52.0307           55.06 
       0.343948         51.5328         48.2095         51.2536 
       0.356249         47.1721         44.6259         48.0325 
       0.368458         44.7781         41.6243         44.7042 
        0.38068         41.8289         39.1142         42.1747 
       0.392856         39.2201         36.8228         39.9125 
       0.405069         37.0521         34.5822         37.5398 
       0.417459         34.4036         32.4128         35.4534 
       0.429752         32.8464         30.4653         33.4853 
       0.441978         31.2189         28.7561         31.9169 
       0.454294          29.101         27.2039         30.1958 
        0.46658         28.5521         25.7476         28.6999 
       0.478753         26.6123         24.3737         27.3253 
       0.490964         25.6169         23.0832         26.1369 
       0.503334         24.4757          21.892         24.8098 
       0.515665         23.1086         20.8058         23.8544 
       0.527909         22.1204          19.803         22.6204 
       0.540159         21.0713         18.8544         21.6525 
        0.55248          19.716         17.9542         20.6742 
       0.564743         19.4018         17.1207         19.9446 
        0.57686         18.6551         16.3546         19.1117 
       0.589077         17.5287         15.6315          18.437 
       0.601441         16.8404         14.9439         17.7053 
        0.61382         16.2002         14.2956         16.9657 
       0.626067         15.5307         13.6906         16.3601 
       0.638306         14.9718         13.1209         15.7287 
       0.650632         14.5667         12.5811         15.2047 
       0.662899         13.8621         12.0753         14.6303 
       0.675076          13.198         11.6012         14.1246 
       0.687267         12.8887         11.1521         13.6063 
       0.699615          12.483          10.721         13.1629 
       0.711937         11.8307         10.3136         12.7471 
       0.724148         11.7068         9.93078         12.3472 
       0.736433         11.0484         9.56549         11.9166 
       0.748747         10.7646         9.21804         11.5815 
       0.761037         10.4948         8.88868         11.2221 
       0.773197         10.0387         8.57883         10.9102 
       0.785376         9.69433         8.28339          10.575 
       0.797761         9.41543          7.9973         10.2427 
       0.810096         9.16042         7.72585         9.99552 
       0.822371         8.92366         7.46833         9.67089 
       0.834626         8.62104         7.22302         9.41196 
       0.846916         8.32064         6.98814         9.16274 
       0.859215         8.00743         6.76363         8.92679 
       0.871383         7.80594         6.55127         8.69983 
        0.88363         7.60697         6.34681         8.46306 
       0.895928         7.44211         6.15034         8.23128 
       0.908253         7.21811         5.96186         8.02858 
       0.920535         6.97335         5.78196         7.81482 
       0.932774         6.83206         5.61013           7.592 
        0.94508         6.60851         5.44447         7.43569 
       0.957324         6.45234         5.28633          7.2768 
        0.96953         6.22698         5.13498         7.09642 
       0.981769         6.10218         4.98921          6.9104 
       0.994071         5.97476         4.84843         6.76612 
         1.0064         5.76614         4.71287         6.61176 
        1.01868          5.6215         4.58291         6.45818 
        1.03092         5.51648         4.45845         6.30393 
         1.0432         5.31158         4.33819         6.16982 
        1.05553         5.21376         4.22191         6.04864 
        1.06777         5.05397         4.11076         5.92238 
           1.08         4.96905         4.00374         5.78881 
        1.09227         4.83289          3.9002          5.6625 
         1.1046         4.72084         3.79995          5.5443 
         1.1169         4.56879         3.70341         5.43355 
        1.12915         4.53427         3.61072         5.33801 
        1.14142          4.3756         3.52102         5.21435 
        1.15365         4.28848         3.43465         5.11908 
        1.16585         4.21971         3.35142          5.0264 
        1.17807         4.12219         3.27085         4.91745 
        1.19037         3.99279         3.19241         4.82323 
        1.20276         3.91037         3.11602         4.72468 
        1.21504         3.82741         3.04274         4.65161 
        1.22728         3.73861         2.97213         4.55208 
        1.23954         3.67418          2.9036          4.4888 
        1.25184          3.5877         2.83711         4.39373 
        1.26414         3.53235         2.77268         4.30779 
        1.27632         3.41999         2.71083         4.24711 
         1.2886         3.37987         2.65044         4.16594 
        1.30093         3.29071         2.59168          4.1033 
        1.31316         3.20119         2.53514         4.02598 
        1.32541         3.15987         2.48027         3.96612 
        1.33772          3.1041         2.42673         3.89371 
        1.35005         3.04209         2.37474         3.83207 
        1.36225         2.98047         2.32481          3.7628 
        1.37447         2.91781         2.27622         3.71185 
        1.38676         2.85472          2.2288          3.6438 
        1.39907         2.79141         2.18266         3.59436 
        1.41133         2.74438         2.13802         3.53639 
        1.42358         2.70447         2.09468         3.47341 
        1.43591         2.65784         2.05224          3.4354 
        1.44818         2.58997         2.01122         3.37911 
        1.46037         2.53531         1.97156         3.32306 
        1.47263         2.49058         1.93276         3.27722 
        1.48494          2.4543         1.89485         3.22826 
        1.49724           2.402           1.858         3.17824 
        1.50952         2.38733          1.8222         3.13236 
        1.52178         2.32287         1.78739         3.09256 
        1.53409         2.27612         1.75336         3.03956 
        1.54637         2.23695         1.72029         2.99735 
        1.55858         2.20131         1.68826          2.9505 
        1.57081         2.16336           1.657         2.91622 
        1.58313         2.11916         1.62634         2.87671 
        1.59544         2.08764         1.59647         2.83863 
        1.60767           2.058         1.56754         2.79852 
        1.61994         2.01213         1.53924         2.76303 
        1.63225         1.98554         1.51157         2.72675 
        1.64452         1.95178         1.48466         2.68781 
        1.65676         1.91028          1.4585         2.65436 
          1.669         1.88667         1.43294         2.61801 
        1.68133          1.8417         1.40783         2.58914 
        1.69363           1.834         1.38341         2.55449 
        1.70585         1.80162         1.35971         2.52177 
        1.71809         1.77508         1.33653          2.4899 
        1.73038         1.73941         1.31381         2.45829 
        1.74268         1.70817         1.29161         2.42843 
        1.75493         1.68937         1.27002          2.4011 
        1.76714         1.66333         1.24898         2.36643 
        1.77942         1.63411         1.22832         2.34092 
        1.79173         1.61072         1.20806         2.31122 
        1.80402         1.58626         1.18831         2.28451 
         1.8163          1.5656         1.16901         2.25743 
         1.8286         1.53377         1.15011         2.23619 
         1.8409         1.52001         1.13164         2.20929 
        1.85315          1.4977         1.11364         2.17883 
        1.86537         1.47197         1.09606         2.15828 
        1.87765          1.4542          1.0788         2.13419 
        1.88995         1.43029         1.06187         2.10935 
        1.90221         1.41065         1.04537         2.08504 
        1.91445         1.38919         1.02924         2.06532 
        1.92674         1.37195         1.01339         2.03912 
        1.93902         1.34715        0.997883          2.0152 
        1.95124         1.32852         0.98278         1.99608 
         1.9635         1.31197        0.967951         1.97292 
        1.97583         1.28912        0.953335         1.95119 
        1.98812         1.27431        0.939076         1.93309 
        2.00039         1.25472        0.925137         1.91093 
        2.01264          1.2347        0.911494         1.89387 
        2.02492         1.22426        0.898108         1.87521 
        2.03717         1.21346        0.885012         1.85459 
        2.04942         1.18862        0.872194         1.83341 
        2.06171         1.17307        0.859588         1.81466 
        2.07397         1.15791        0.847258         1.79845 
        2.08629         1.14597        0.835118         1.78169 
        2.09857         1.12829        0.823246         1.76366 
        2.11081         1.11376        0.811653         1.74503 
        2.12309         1.10186        0.800256         1.73029 
        2.13538         1.08766        0.789061         1.71124 
        2.14763         1.07846        0.778118          1.6952 
        2.15986         1.06362        0.767409          1.6811 
        2.17214         1.04212        0.756857         1.66094 
        2.18443         1.03349        0.746494          1.6484 
        2.19671         1.02295        0.736337         1.63302 
        2.20898         1.00821        0.726381         1.61759 
        2.22126        0.995395        0.716599         1.60273 
        2.23354        0.982803        0.707001         1.58764 
         2.2458        0.973881        0.697595          1.5722 
        2.25807        0.959121        0.688352         1.55748 
        2.27035        0.951077        0.679268         1.54463 
        2.28263        0.934276        0.670353         1.53166 
         2.2949        0.926237        0.661603         1.51741 
        2.30718        0.917512        0.653006         1.50466 
        2.31946        0.903453        0.644557         1.49127 
        2.33169        0.893638        0.636295         1.47851 
        2.34393        0.889701        0.628165         1.46576 
        2.35622        0.873427        0.620151         1.45303 
        2.36847        0.867154        0.612299          1.4405 
        2.38076         0.85215         0.60456           1.428 
        2.39305        0.848288        0.596956         1.41565 
        2.40534        0.836522        0.589483         1.40422 
        2.41762        0.827779        0.582139         1.39153 
        2.42989         0.81774        0.574931         1.38183 
        2.44216        0.812021        0.567846         1.36994 
         2.4544        0.804105        0.560897         1.35888 
        2.46667        0.793808        0.554048         1.34764 
        2.47897        0.785739        0.547297         1.33629 
        2.49124        0.774852        0.540677          1.3255 
        2.50349        0.769043        0.534176         1.31446 
        2.51578        0.761809        0.527763         1.30331 
        2.52805        0.751819        0.521467         1.29371 
        2.54029        0.746086        0.515288         1.28326 
        2.55257        0.737291        0.509192         1.27365 
        2.56487        0.729336        0.503182          1.2643 
        2.57716        0.724878        0.497278         1.25344 
        2.58942        0.719831        0.491482         1.24473 
        2.60167        0.712774        0.485783         1.23475 
        2.61395        0.704489        0.480167         1.22529 
        2.62624        0.698955        0.474632         1.21667 
        2.63849        0.691109        0.469201         1.20702 
        2.65073        0.684835        0.463861         1.19778 
        2.66302         0.68033        0.458586          1.1884 
         2.6753        0.676335        0.453395         1.18016 
        2.68756         0.66864        0.448296         1.17231 
        2.69983        0.663243        0.443271         1.16348 
        2.71213        0.654934        0.438313         1.15512 
        2.72441        0.652269         0.43344         1.14651 
        2.73665        0.648347        0.428652         1.13924 
         2.7489         0.64186         0.42394         1.13152 
        2.76118        0.636696        0.419284           1.122 
        2.77349        0.632991        0.414686         1.11459 
        2.78576         0.62973        0.410176         1.10658 
        2.79802        0.623837        0.405735         1.09829 
        2.81031         0.61983         0.40135         1.09185 
        2.82259        0.615531        0.397031         1.08321 
        2.83483        0.612101        0.392792         1.07602 
         2.8471         0.60732        0.388607         1.06836 
         2.8594        0.604777         0.38447         1.06143 
         2.8717        0.599684        0.380395         1.05494 
        2.88396        0.595723        0.376394         1.04753 
        2.89619        0.593012        0.372458         1.04052 
        2.90847        0.589717        0.368563         1.03381 
        2.92072        0.588699         0.36473         1.02683 
        2.93299        0.582208         0.36095         1.01945 
        2.94526        0.582026         0.35722         1.01307 
        2.95753        0.579743        0.353544         1.00681 
        2.96982         0.57726        0.349914        0.999796 
        2.98209        0.575217        0.346342        0.993215 
        2.99436        0.572474        0.342816        0.986977 
        3.00666        0.571822        0.339334        0.980852 
        3.01894        0.570662        0.335907        0.975011 
        3.03119        0.567249        0.332533        0.968306 
        3.04345         0.56542        0.329204        0.962157 
        3.05573        0.565005        0.325914        0.956977 
          3.068        0.563393        0.322673        0.950995 
        3.08026        0.563928        0.319479        0.944623 
        3.09254        0.562165        0.316322        0.938338 
        3.10483        0.560568        0.313208        0.932873 
         3.1171        0.561778        0.310139         0.92764 
        3.12933        0.561359         0.30712        0.921859 
        3.14159        0.561457        0.304135        0.916206 
