# k  (h/Mpc)    P(k)  (Mpc/h)^3    P_linear(k)  (Mpc/h)^3     P_NL(k)  ShotnoiseSubtracted = false
      0.0156606         1599.39         1637.86         1630.07 
      0.0273761         1390.09         1415.78         1412.45 
      0.0384619         1055.59         1066.54          1065.9 
      0.0498308         828.688         838.869         838.889 
      0.0625568         699.141          712.92          712.21 
      0.0751274         602.133         605.697         604.132 
      0.0867833         479.476          487.65         487.495 
      0.0984825         386.609         385.911         387.007 
       0.111151         323.351         322.228         323.262 
       0.123864          290.38         290.392         291.063 
       0.135742         260.652         261.134         261.752 
        0.14762         221.422         223.283         224.883 
       0.160083         184.029         186.119         187.996 
       0.172465         161.638         162.446         164.672 
       0.184281         149.754         149.756         152.095 
       0.196406         136.745         138.299         140.056 
       0.209011         122.764         123.051          125.08 
       0.221538         108.559         107.535         110.401 
       0.233611         97.4773         96.2157         99.3931 
       0.245665         91.2943         88.8033         91.6163 
       0.258103         82.3919         82.6684          85.462 
       0.270422         77.2226         75.9626         78.6546 
       0.282519         70.0367         68.9402         71.8465 
       0.294636         65.9227         62.8122         65.8762 
       0.306978         58.6853         58.1119         61.2687 
       0.319417         55.8105         54.3312         57.3905 
        0.33169         51.8662         50.7124         53.6649 
       0.343948         48.9502          46.988         49.9549 
       0.356249         44.8031         43.4951         46.8154 
       0.368458         42.5126         40.5695         43.5713 
        0.38068         39.7042         38.1232         41.1062 
       0.392856         37.2347         35.8898         38.9012 
       0.405069         35.1752         33.7059         36.5885 
       0.417459         32.6424         31.5915         34.5551 
       0.429752          31.157         29.6934         32.6369 
       0.441978         29.6102         28.0274         31.1081 
       0.454294         27.6053         26.5146         29.4306 
        0.46658         27.0621         25.0951         27.9726 
       0.478753         25.2297          23.756         26.6328 
       0.490964         24.2793         22.4981         25.4744 
       0.503334         23.1916         21.3372         24.1811 
       0.515665         21.8881         20.2785         23.2498 
       0.527909          20.954         19.3012         22.0471 
       0.540159         19.9513         18.3764         21.1036 
        0.55248         18.6718         17.4991         20.1501 
       0.564743         18.3682         16.6868         19.4391 
        0.57686         17.6531         15.9401         18.6273 
       0.589077         16.5859         15.2353         17.9697 
       0.601441         15.9314         14.5651         17.2566 
        0.61382         15.3219         13.9332         16.5357 
       0.626067         14.6852         13.3436         15.9454 
       0.638306          14.155         12.7883           15.33 
       0.650632         13.7703         12.2622         14.8193 
       0.662899          13.103         11.7692         14.2595 
       0.675076         12.4726         11.3072         13.7666 
       0.687267          12.171         10.8694         13.2614 
       0.699615         11.7906         10.4493         12.8292 
       0.711937         11.1746         10.0522          12.424 
       0.724148         11.0507         9.67905         12.0342 
       0.736433         10.4315         9.32302         11.6145 
       0.748747         10.1587         8.98438          11.288 
       0.761037          9.9007         8.66337         10.9376 
       0.773197         9.46706         8.36137         10.6337 
       0.785376          9.1435         8.07342         10.3069 
       0.797761         8.87679         7.79458         9.98309 
       0.810096         8.63481         7.53002         9.74215 
       0.822371         8.41212         7.27902         9.42575 
       0.834626         8.12537         7.03992         9.17338 
       0.846916         7.84024           6.811         8.93048 
       0.859215         7.54358         6.59218         8.70051 
       0.871383         7.35026          6.3852          8.4793 
        0.88363         7.16288         6.18592         8.24853 
       0.895928         7.00544         5.99443         8.02262 
       0.908253         6.79337         5.81073         7.82506 
       0.920535         6.56181         5.63539         7.61672 
       0.932774         6.42542         5.46792         7.39955 
        0.94508         6.21681         5.30645          7.2472 
       0.957324         6.06777         5.15232         7.09234 
        0.96953         5.85565         5.00481         6.91653 
       0.981769         5.73188         4.86274         6.73523 
       0.994071         5.61402         4.72553          6.5946 
         1.0064         5.41808          4.5934         6.44416 
        1.01868         5.27881         4.46673         6.29446 
        1.03092          5.1813         4.34543         6.14412 
         1.0432         4.98833         4.22822         6.01342 
        1.05553         4.89457         4.11489         5.89531 
        1.06777         4.74365         4.00655         5.77225 
           1.08         4.66347         3.90225         5.64207 
        1.09227         4.53313         3.80133         5.51896 
         1.1046         4.42764         3.70362         5.40375 
         1.1169         4.28555         3.60954         5.29581 
        1.12915         4.24901          3.5192          5.2027 
        1.14142         4.10291         3.43177         5.08217 
        1.15365         4.01936         3.34759         4.98932 
        1.16585         3.95291         3.26646         4.89899 
        1.17807         3.86341         3.18794          4.7928 
        1.19037         3.73844         3.11148         4.70097 
        1.20276         3.66163         3.03703         4.60492 
        1.21504         3.58322         2.96561         4.53369 
        1.22728          3.5006         2.89679         4.43669 
        1.23954         3.43954            2.83         4.37502 
        1.25184         3.35778         2.76519         4.28236 
        1.26414         3.30438         2.70239         4.19859 
        1.27632         3.19928         2.64211         4.13945 
         1.2886         3.16152         2.58325         4.06034 
        1.30093         3.07599         2.52599         3.99929 
        1.31316         2.99142         2.47087         3.92393 
        1.32541         2.95366          2.4174         3.86558 
        1.33772         2.90132         2.36522         3.79501 
        1.35005         2.84251         2.31455         3.73493 
        1.36225         2.78398         2.26588         3.66742 
        1.37447         2.72467         2.21852         3.61776 
        1.38676         2.66601          2.1723         3.55144 
        1.39907         2.60549         2.12733         3.50324 
        1.41133         2.56116         2.08382         3.44675 
        1.42358         2.52465         2.04158         3.38536 
        1.43591         2.47964         2.00022         3.34831 
        1.44818         2.41701         1.96024         3.29345 
        1.46037         2.36495         1.92159         3.23882 
        1.47263         2.32209         1.88377         3.19415 
        1.48494         2.28814         1.84682         3.14643 
        1.49724         2.23861          1.8109         3.09768 
        1.50952         2.22406         1.77601         3.05295 
        1.52178          2.1639         1.74208         3.01416 
        1.53409          2.1207         1.70892         2.96251 
        1.54637         2.08258         1.67668         2.92137 
        1.55858         2.04973         1.64546          2.8757 
        1.57081         2.01432         1.61499          2.8423 
        1.58313         1.97274         1.58511         2.80379 
        1.59544         1.94319           1.556         2.76667 
        1.60767         1.91481         1.52781         2.72758 
        1.61994         1.87204         1.50022         2.69299 
        1.63225         1.84784         1.47325         2.65763 
        1.64452         1.81572         1.44703         2.61968 
        1.65676         1.77664         1.42152         2.58707 
          1.669         1.75424         1.39662         2.55165 
        1.68133         1.71295         1.37215         2.52351 
        1.69363         1.70467         1.34834         2.48973 
        1.70585         1.67425         1.32525         2.45784 
        1.71809          1.6493         1.30265         2.42678 
        1.73038         1.61553         1.28051         2.39597 
        1.74268         1.58634         1.25887         2.36687 
        1.75493         1.56955         1.23783         2.34023 
        1.76714         1.54416         1.21732         2.30645 
        1.77942         1.51635         1.19718         2.28158 
        1.79173         1.49461         1.17744         2.25263 
        1.80402         1.47175         1.15819          2.2266 
         1.8163         1.45175         1.13938         2.20021 
         1.8286         1.42194         1.12095         2.17951 
         1.8409         1.41053         1.10295         2.15329 
        1.85315         1.38913         1.08541          2.1236 
        1.86537          1.3642         1.06828         2.10357 
        1.87765         1.34779         1.05146          2.0801 
        1.88995         1.32567         1.03496         2.05589 
        1.90221         1.30723         1.01887         2.03218 
        1.91445         1.28643         1.00315         2.01296 
        1.92674         1.27026        0.987706         1.98743 
        1.93902         1.24703        0.972588         1.96412 
        1.95124         1.22998        0.957868         1.94548 
         1.9635         1.21394        0.943415         1.92291 
        1.97583           1.193        0.929169         1.90173 
        1.98812         1.17879        0.915272         1.88409 
        2.00039         1.16044        0.901686         1.86249 
        2.01264         1.14213         0.88839         1.84586 
        2.02492         1.13224        0.875342         1.82768 
        2.03717         1.12207        0.862578         1.80758 
        2.04942         1.09885        0.850086         1.78693 
        2.06171         1.08439        0.837799         1.76866 
        2.07397         1.07014        0.825781         1.75286 
        2.08629         1.05872        0.813949         1.73652 
        2.09857         1.04202        0.802378         1.71896 
        2.11081         1.02846        0.791079         1.70079 
        2.12309          1.0172        0.779971         1.68644 
        2.13538          1.0043         0.76906         1.66786 
        2.14763        0.995053        0.758395         1.65223 
        2.15986        0.981399        0.747956         1.63849 
        2.17214        0.961361        0.737672         1.61884 
        2.18443        0.953093        0.727571         1.60661 
        2.19671        0.943497        0.717672         1.59163 
        2.20898        0.929603        0.707969         1.57658 
        2.22126        0.917384        0.698435         1.56211 
        2.23354        0.905391         0.68908          1.5474 
         2.2458        0.897212        0.679913         1.53235 
        2.25807         0.88343        0.670904           1.518 
        2.27035        0.876188        0.662051         1.50548 
        2.28263        0.860415        0.653361         1.49283 
         2.2949        0.852694        0.644833         1.47895 
        2.30718        0.844471        0.636454         1.46652 
        2.31946        0.831625        0.628219         1.45347 
        2.33169         0.82201        0.620167         1.44103 
        2.34393        0.818292        0.612243         1.42861 
        2.35622        0.803349        0.604432          1.4162 
        2.36847         0.79728        0.596779         1.40398 
        2.38076        0.783514        0.589236          1.3918 
        2.39305        0.779814        0.581825         1.37977 
        2.40534        0.768563        0.574541         1.36863 
        2.41762        0.760878        0.567383         1.35626 
        2.42989        0.751082        0.560358         1.34681 
        2.44216         0.74572        0.553453         1.33522 
         2.4544        0.738557         0.54668         1.32443 
        2.46667        0.729094        0.540004         1.31349 
        2.47897        0.721485        0.533424         1.30242 
        2.49124        0.711068        0.526972          1.2919 
        2.50349        0.705779        0.520637         1.28114 
        2.51578        0.698956        0.514386         1.27027 
        2.52805         0.68999        0.508249         1.26091 
        2.54029        0.684434        0.502227         1.25073 
        2.55257        0.676233        0.496285         1.24136 
        2.56487        0.668904        0.490428         1.23226 
        2.57716        0.664491        0.484673         1.22167 
        2.58942          0.6598        0.479024         1.21318 
        2.60167        0.653357         0.47347         1.20346 
        2.61395        0.645562        0.467996         1.19423 
        2.62624        0.640418        0.462601         1.18583 
        2.63849        0.632885        0.457308         1.17643 
        2.65073        0.627272        0.452104         1.16742 
        2.66302        0.622919        0.446962         1.15827 
         2.6753        0.618989        0.441903         1.15025 
        2.68756        0.612096        0.436933         1.14259 
        2.69983        0.606778        0.432036         1.13399 
        2.71213        0.599077        0.427204         1.12584 
        2.72441        0.596886        0.422454         1.11745 
        2.73665        0.592803        0.417788         1.11037 
         2.7489        0.587269        0.413195         1.10284 
        2.76118        0.582324        0.408656         1.09356 
        2.77349        0.578845        0.404176         1.08634 
        2.78576        0.575827         0.39978         1.07853 
        2.79802        0.570043        0.395452         1.07045 
        2.81031        0.566422        0.391178         1.06418 
        2.82259        0.562632        0.386968         1.05576 
        2.83483        0.559246        0.382837         1.04875 
         2.8471        0.554691        0.378758         1.04128 
         2.8594        0.552456        0.374726         1.03453 
         2.8717        0.547448        0.370754          1.0282 
        2.88396        0.543927        0.366854         1.02098 
        2.89619        0.541519        0.363017         1.01414 
        2.90847        0.538356        0.359221         1.00761 
        2.92072        0.537394        0.355486         1.00081 
        2.93299        0.531356        0.351802        0.993614 
        2.94526        0.530997        0.348166        0.987398 
        2.95753        0.529071        0.344584        0.981288 
        2.96982        0.526634        0.341045        0.974456 
        2.98209        0.524718        0.337564        0.968041 
        2.99436        0.521893        0.334128        0.961962 
        3.00666        0.521334        0.330734        0.955992 
        3.01894        0.520349        0.327394        0.950299 
        3.03119        0.517186        0.324104        0.943764 
        3.04345        0.515212         0.32086        0.937771 
        3.05573        0.515143        0.317654        0.932722 
          3.068        0.513537        0.314495        0.926892 
        3.08026        0.513759        0.311382        0.920682 
        3.09254        0.512108        0.308305        0.914556 
        3.10483        0.510502        0.305269        0.909229 
         3.1171        0.511712        0.302279        0.904129 
        3.12933        0.511164        0.299336        0.898494 
        3.14159        0.511338        0.296427        0.892985 
