# k  (h/Mpc)    P(k)  (Mpc/h)^3    P_linear(k)  (Mpc/h)^3     P_NL(k)  ShotnoiseSubtracted = false
      0.0156606         10480.1         10602.7         10537.8 
      0.0273761         9028.99         9154.95         9098.91 
      0.0384619         6846.79         6892.57         6850.62 
      0.0498308         5322.68         5419.24         5379.76 
      0.0625568         4491.35         4604.39         4566.97 
      0.0751274         3953.89         3911.23         3856.29 
      0.0867833         3091.88         3148.62         3134.47 
      0.0984825          2561.5         2491.53         2513.04 
       0.111151         2166.52         2080.25         2103.32 
       0.123864         1945.27         1874.63         1893.98 
       0.135742          1758.9         1685.71         1705.57 
        0.14762         1511.37         1441.32         1491.55 
       0.160083         1260.58          1201.4         1260.08 
       0.172465         1122.35         1048.57          1121.8 
       0.184281         1033.58         966.646         1042.74 
       0.196406         950.303         892.685         955.923 
       0.209011           873.4         794.252         862.052 
       0.221538         786.799         694.095         788.313 
       0.233611         730.386          621.03         726.841 
       0.245665         676.678         573.184         668.647 
       0.258103         636.392         533.582         628.439 
       0.270422          581.54         490.298         584.897 
       0.282519         534.863          444.97         544.302 
       0.294636         529.131         405.416         509.786 
       0.306978         470.777         375.076         483.512 
       0.319417         453.002         350.674         454.631 
        0.33169         425.763         327.316         427.667 
       0.343948         405.888         303.276         409.314 
       0.356249         379.616         280.732         390.754 
       0.368458         367.866         261.848         368.375 
        0.38068         351.528         246.059         351.385 
       0.392856         329.284         231.643         336.665 
       0.405069         316.112         217.547         324.476 
       0.417459         301.938           203.9         307.496 
       0.429752         291.465         191.649         295.793 
       0.441978         281.751         180.896         286.428 
       0.454294         263.726         171.132         272.982 
        0.46658         262.699          161.97         264.995 
       0.478753         250.363         153.327         255.499 
       0.490964         242.215         145.208         246.301 
       0.503334         228.785         137.715         238.929 
       0.515665         225.583         130.882         233.234 
       0.527909         218.781         124.574         224.734 
       0.540159         212.243         118.606          218.25 
        0.55248         207.632         112.943         211.451 
       0.564743         201.923           107.7         206.622 
        0.57686         194.973         102.881         200.036 
       0.589077         186.995         98.3318         195.628 
       0.601441         183.797         94.0062         190.766 
        0.61382         181.809         89.9278         185.785 
       0.626067         176.372          86.122         181.258 
       0.638306         168.686         82.5382         177.439 
       0.650632         163.735         79.1427         171.615 
       0.662899          163.81         75.9607         168.423 
       0.675076         157.928         72.9787         164.558 
       0.687267         153.898         70.1531          160.93 
       0.699615         150.469         67.4417         157.651 
       0.711937         146.616         64.8786         154.198 
       0.724148         144.351         62.4704         151.971 
       0.736433         140.427         60.1725         148.325 
       0.748747         137.307         57.9868         145.244 
       0.761037         135.095          55.915         142.117 
       0.773197         132.202         53.9658         140.528 
       0.785376         130.328         52.1073         137.213 
       0.797761         128.004         50.3076         135.425 
       0.810096          124.39            48.6          132.65 
       0.822371         120.993           46.98         130.381 
       0.834626         119.079         45.4369         128.132 
       0.846916         117.888         43.9593         126.142 
       0.859215         116.009          42.547         123.929 
       0.871383         113.985         41.2112         121.847 
        0.88363         111.469          39.925         120.344 
       0.895928         109.369         38.6891         118.601 
       0.908253         106.496         37.5034         116.408 
       0.920535         105.982         36.3717         114.906 
       0.932774         103.196         35.2909         112.889 
        0.94508          102.25         34.2487         111.325 
       0.957324         100.587         33.2539         109.814 
        0.96953         100.412         32.3019         107.979 
       0.981769           97.13         31.3849         106.945 
       0.994071         96.3177         30.4993         105.384 
         1.0064         94.0884         29.6465         103.853 
        1.01868         93.2739          28.829         102.611 
        1.03092         91.4935         28.0461         101.284 
         1.0432         89.9654         27.2896         99.9061 
        1.05553         87.6824         26.5581         98.9701 
        1.06777         87.5705         25.8589         97.7492 
           1.08         85.8539         25.1857         96.4465 
        1.09227         84.5335         24.5344         95.1733 
         1.1046         83.1051         23.9038         94.0253 
         1.1169         82.1525         23.2965         92.7087 
        1.12915         81.0992         22.7134         91.7598 
        1.14142         79.6102         22.1492         90.6295 
        1.15365         78.0664         21.6058         89.5973 
        1.16585         77.1486         21.0822         88.5044 
        1.17807         75.9706         20.5754         87.6405 
        1.19037         75.8707          20.082         86.7437 
        1.20276         74.2392         19.6015         85.7282 
        1.21504         73.7446         19.1405         84.6918 
        1.22728         72.1224         18.6963         83.8569 
        1.23954         71.4906         18.2652         82.8395 
        1.25184         70.2048          17.847         82.1016 
        1.26414         69.1451         17.4416         81.2133 
        1.27632         68.5016         17.0526         80.5597 
         1.2886         67.5489         16.6727         79.4734 
        1.30093         66.6701         16.3031         78.5416 
        1.31316         65.8201         15.9474         78.0062 
        1.32541         65.3198         15.6023         77.1741 
        1.33772         64.2338         15.2655         76.3731 
        1.35005         63.6442         14.9384         75.6438 
        1.36225         62.5983         14.6243          74.872 
        1.37447         61.1884         14.3187         74.0851 
        1.38676         61.3042         14.0204         73.3087 
        1.39907         60.2369         13.7301         72.7716 
        1.41133         59.1235         13.4493          72.198 
        1.42358         58.4375         13.1767         71.2901 
        1.43591         58.0374         12.9097         70.7053 
        1.44818         57.2041         12.6517         69.9234 
        1.46037         56.5668         12.4022         69.4245 
        1.47263         55.8266         12.1581         68.8588 
        1.48494         55.0069         11.9196         68.1408 
        1.49724         54.3129         11.6878         67.4845 
        1.50952         53.9776         11.4626          66.838 
        1.52178         53.2218         11.2437          66.332 
        1.53409         52.7258         11.0296         65.7563 
        1.54637         51.5839         10.8215         65.1173 
        1.55858         50.9178           10.62         64.4826 
        1.57081         50.6573         10.4234         64.0498 
        1.58313         49.9277         10.2305         63.5254 
        1.59544         49.2063         10.0426         62.8864 
        1.60767         48.6554         9.86069         62.3669 
        1.61994         47.9126         9.68262         61.8855 
        1.63225         47.4907         9.50859         61.2549 
        1.64452         46.9829         9.33932          60.819 
        1.65676         46.2896         9.17471         60.2405 
          1.669         45.9509         9.01395         59.8181 
        1.68133         45.5222         8.85603         59.2482 
        1.69363         44.7505         8.70236         58.8245 
        1.70585          44.495         8.55332         58.3692 
        1.71809         43.6253         8.40747         57.8409 
        1.73038         43.3831         8.26457         57.4168 
        1.74268         42.6802         8.12491         56.8851 
        1.75493         42.2727         7.98911           56.44 
        1.76714         41.7309         7.85678         55.9848 
        1.77942         41.4851         7.72677         55.5584 
        1.79173         40.8368         7.59937         55.0564 
        1.80402         40.4236         7.47511          54.715 
         1.8163         39.9543          7.3537         54.1735 
         1.8286         39.4339         7.23479         53.8611 
         1.8409         38.9773          7.1186         53.3315 
        1.85315         38.5876         7.00536         53.0336 
        1.86537         38.1091         6.89481         52.6089 
        1.87765         37.8118         6.78624         52.1437 
        1.88995         37.2323         6.67974         51.6891 
        1.90221         36.9603         6.57591         51.3021 
        1.91445         36.3403         6.47445         50.9747 
        1.92674         36.0463         6.37479         50.5313 
        1.93902         35.6763         6.27721          50.151 
        1.95124         35.1993         6.18221         49.8286 
         1.9635         34.7658         6.08893         49.4115 
        1.97583         34.4542         5.99698         49.1001 
        1.98812         33.9484         5.90729         48.6849 
        2.00039         33.6211          5.8196         48.3089 
        2.01264         33.1683         5.73378         48.0014 
        2.02492          32.898         5.64957         47.6357 
        2.03717         32.4604         5.56719         47.2484 
        2.04942         32.1199         5.48657         46.8971 
        2.06171         31.7853         5.40726           46.54 
        2.07397         31.4466          5.3297         46.2199 
        2.08629          31.074         5.25334         45.8703 
        2.09857         30.7729         5.17865         45.5617 
        2.11081         30.3683         5.10573         45.2054 
        2.12309         30.1452         5.03403          44.864 
        2.13538         29.6133         4.96361         44.5973 
        2.14763         29.4276         4.89478         44.2475 
        2.15986         29.1541         4.82741         43.9024 
        2.17214         28.7633         4.76103         43.6434 
        2.18443         28.4566         4.69584         43.2619 
        2.19671         28.0844         4.63195         42.9721 
        2.20898         27.7535         4.56932         42.6488 
        2.22126         27.6645         4.50779          42.337 
        2.23354         27.2843         4.44741         42.0949 
         2.2458          26.965         4.38824         41.7709 
        2.25807         26.5853          4.3301         41.4577 
        2.27035         26.3086         4.27296         41.1905 
        2.28263         26.0692         4.21688         40.9118 
         2.2949         25.8163         4.16183          40.624 
        2.30718         25.5746         4.10775         40.3125 
        2.31946         25.3408         4.05461         40.0386 
        2.33169         25.0326         4.00263         39.7599 
        2.34393         24.7326         3.95149         39.4637 
        2.35622         24.4804         3.90108         39.2432 
        2.36847          24.212         3.85168         38.9249 
        2.38076         24.0173           3.803         38.7015 
        2.39305          23.689         3.75517         38.4428 
        2.40534         23.5095         3.70816         38.1249 
        2.41762         23.2072         3.66196         37.9059 
        2.42989         23.1063         3.61662         37.6183 
        2.44216          22.773         3.57205         37.3855 
         2.4544         22.6017         3.52834         37.1345 
        2.46667         22.3482         3.48525         36.8781 
        2.47897         22.0921         3.44279         36.6294 
        2.49124         21.9435         3.40114         36.3843 
        2.50349         21.6671         3.36025         36.1526 
        2.51578         21.4312         3.31991         35.9153 
        2.52805         21.2572          3.2803         35.6625 
        2.54029         21.0822         3.24144         35.4221 
        2.55257          20.912         3.20308         35.1805 
        2.56487         20.6415         3.16528         34.9556 
        2.57716         20.5151         3.12814         34.7041 
        2.58942         20.2992         3.09168         34.5076 
        2.60167         20.1024         3.05583         34.2673 
        2.61395         19.9186          3.0205          34.038 
        2.62624         19.8154         2.98568         33.8189 
        2.63849         19.6085         2.95152         33.6037 
        2.65073         19.3602         2.91793         33.3701 
        2.66302         19.1637         2.88475         33.1691 
         2.6753         19.0964          2.8521         32.9569 
        2.68756         18.9763         2.82002         32.7654 
        2.69983         18.7709         2.78841         32.5155 
        2.71213          18.562         2.75722         32.3119 
        2.72441         18.4484         2.72657         32.0913 
        2.73665         18.3051         2.69645         31.8828 
         2.7489         18.1103         2.66681         31.6868 
        2.76118         18.0176         2.63752         31.4684 
        2.77349         17.9019          2.6086         31.2826 
        2.78576         17.6965         2.58023         31.0979 
        2.79802         17.5817         2.55229         30.8884 
        2.81031          17.472         2.52471         30.7001 
        2.82259         17.3784         2.49754         30.5116 
        2.83483         17.2078         2.47087         30.3057 
         2.8471         17.1586         2.44455         30.0993 
         2.8594          17.008         2.41852         29.9132 
         2.8717         16.9111         2.39289         29.7224 
        2.88396         16.7577         2.36772         29.5293 
        2.89619          16.716         2.34296         29.3526 
        2.90847         16.6176         2.31846         29.1733 
        2.92072          16.487         2.29435          28.987 
        2.93299         16.4174         2.27057         28.8225 
        2.94526         16.3662         2.24711         28.6425 
        2.95753         16.2991         2.22398         28.4545 
        2.96982         16.1864         2.20115          28.283 
        2.98209         16.0905         2.17867         28.1135 
        2.99436         16.0544          2.1565         27.9378 
        3.00666         15.9614         2.13459         27.7595 
        3.01894         15.9222         2.11304         27.5882 
        3.03119         15.8224         2.09181         27.4192 
        3.04345         15.8312         2.07087          27.254 
        3.05573         15.8149         2.05017          27.089 
          3.068         15.6984         2.02978         26.9171 
        3.08026         15.6892         2.00969         26.7514 
        3.09254         15.6195         1.98984         26.5919 
        3.10483          15.617         1.97024         26.4344 
         3.1171          15.664         1.95094         26.2793 
        3.12933         15.5965         1.93195         26.1219 
        3.14159         15.5107         1.91317         25.9545 
