# k  (h/Mpc)    P(k)  (Mpc/h)^3    P_linear(k)  (Mpc/h)^3     P_NL(k)  ShotnoiseSubtracted = false
      0.0156606         19622.3           19722         19572.7 
      0.0273761         16809.4         17023.4         16852.4 
      0.0384619         12708.2         12813.9         12664.7 
      0.0498308         9819.16         10073.3         9924.09 
      0.0625568         8291.24         8557.65         8424.05 
      0.0751274         7371.66         7268.78         7080.36 
      0.0867833         5716.34          5851.2         5793.76 
      0.0984825         4816.11         4629.91         4683.94 
       0.111151         4112.36         3865.52         3931.05 
       0.123864         3685.42         3483.35         3536.62 
       0.135742          3355.4         3132.24         3185.88 
        0.14762         2916.08          2678.1         2820.62 
       0.160083         2468.66         2232.27         2406.75 
       0.172465         2201.97         1948.29         2170.07 
       0.184281         2000.88         1796.05         2019.48 
       0.196406         1878.96         1658.62         1858.14 
       0.209011         1753.57         1475.72         1682.97 
       0.221538         1580.37         1289.62         1567.73 
       0.233611         1508.76         1153.86         1466.36 
       0.245665         1370.33         1064.96         1353.04 
       0.258103         1348.82         991.376         1276.77 
       0.270422         1204.73         910.952         1198.05 
       0.282519         1133.83         826.733         1131.41 
       0.294636         1116.95         753.241         1070.39 
       0.306978         1016.07         696.871         1024.57 
       0.319417         992.757         651.531         965.623 
        0.33169         934.268         608.131         913.395 
       0.343948          894.77         563.466         884.491 
       0.356249         846.215          521.58         850.885 
       0.368458         815.712         486.495         811.321 
        0.38068         798.885         457.158         779.555 
       0.392856         757.167         430.375          751.44 
       0.405069         720.358         404.185         727.842 
       0.417459         692.678         378.829         699.926 
       0.429752         685.157         356.068         675.328 
       0.441978         661.408         336.089         657.677 
       0.454294         630.842         317.948         630.431 
        0.46658         613.854         300.926         617.003 
       0.478753         600.645         284.867         597.755 
       0.490964          577.48         269.783         579.196 
       0.503334         550.986         255.862         565.669 
       0.515665         549.661         243.167         553.231 
       0.527909         527.666         231.447         540.532 
       0.540159          514.34         220.358         526.275 
        0.55248         504.293         209.837         512.456 
       0.564743         500.142         200.096          503.65 
        0.57686         481.964         191.143         490.006 
       0.589077         470.505         182.691         479.065 
       0.601441           462.4         174.655          469.31 
        0.61382         450.676         167.077         461.105 
       0.626067         445.212         160.006         452.011 
       0.638306         428.288         153.348         443.099 
       0.650632         423.769         147.039         431.775 
       0.662899         420.062         141.128         426.721 
       0.675076         405.006         135.587         420.173 
       0.687267         394.311         130.337         410.146 
       0.699615         391.018           125.3         403.637 
       0.711937         384.557         120.538          396.25 
       0.724148         371.672         116.064         390.625 
       0.736433         363.067         111.794         383.392 
       0.748747         358.413         107.734         376.468 
       0.761037         351.718         103.884         371.545 
       0.773197         347.294         100.263         365.846 
       0.785376         342.102         96.8101         360.283 
       0.797761         332.587         93.4664         354.604 
       0.810096         329.913         90.2939         350.155 
       0.822371         319.309         87.2841         344.395 
       0.834626         317.314         84.4171         340.017 
       0.846916         310.973          81.672         334.801 
       0.859215          309.74         79.0481         330.006 
       0.871383          301.93         76.5661         325.465 
        0.88363         299.878         74.1765         322.129 
       0.895928         294.144         71.8803         317.026 
       0.908253         286.743         69.6775          311.94 
       0.920535         283.434         67.5749          308.13 
       0.932774         277.193         65.5668         303.702 
        0.94508         273.583         63.6306         300.553 
       0.957324           272.1         61.7823         296.425 
        0.96953           268.2         60.0135         292.694 
       0.981769         260.929         58.3099         289.611 
       0.994071          259.99         56.6645         285.991 
         1.0064         254.515         55.0802         281.802 
        1.01868         251.611         53.5613         278.235 
        1.03092         244.605         52.1067         275.686 
         1.0432         241.481         50.7012          272.34 
        1.05553         238.568         49.3422         268.691 
        1.06777         237.079         48.0432         265.831 
           1.08         231.365         46.7924         262.758 
        1.09227         229.424         45.5823         259.646 
         1.1046         225.703         44.4106         257.095 
         1.1169         220.614         43.2824         253.603 
        1.12915         217.765         42.1991         251.261 
        1.14142         213.995         41.1508         248.117 
        1.15365         211.221         40.1413           245.5 
        1.16585         207.695         39.1685         242.548 
        1.17807         205.403         38.2269         240.333 
        1.19037         202.889         37.3102         238.159 
        1.20276         200.039         36.4174         235.076 
        1.21504         195.756          35.561         232.504 
        1.22728         192.575         34.7357         229.614 
        1.23954         191.776         33.9348         227.804 
        1.25184         187.837         33.1577          225.29 
        1.26414          184.34         32.4047         223.059 
        1.27632         183.513         31.6819          221.26 
         1.2886         181.973         30.9761         218.544 
        1.30093         176.893         30.2894         215.978 
        1.31316         173.756         29.6285          213.62 
        1.32541         172.574         28.9873         211.741 
        1.33772         170.545         28.3616         209.605 
        1.35005         167.963          27.754         207.254 
        1.36225         165.078         27.1704         205.338 
        1.37447         162.806         26.6025         202.828 
        1.38676         160.953         26.0483         201.246 
        1.39907         158.422          25.509         198.975 
        1.41133         155.767         24.9874         197.067 
        1.42358         153.921         24.4808         195.211 
        1.43591         152.106         23.9849         193.249 
        1.44818         149.601         23.5054         191.399 
        1.46037         147.835         23.0419         189.379 
        1.47263         145.635         22.5884         187.818 
        1.48494         143.644         22.1454         185.514 
        1.49724          141.63         21.7147         184.142 
        1.50952          139.04         21.2963         182.259 
        1.52178         138.326         20.8895          180.27 
        1.53409         135.366         20.4918         178.771 
        1.54637          133.77         20.1052         177.286 
        1.55858         131.639         19.7309         175.355 
        1.57081          129.69         19.3655         173.834 
        1.58313         127.973         19.0072         172.061 
        1.59544         125.845         18.6581         170.545 
        1.60767         124.851         18.3201         168.976 
        1.61994         122.554         17.9893         167.526 
        1.63225         121.018         17.6659          165.69 
        1.64452         118.844         17.3515         164.206 
        1.65676         117.161         17.0456         162.813 
          1.669         116.283         16.7469         161.386 
        1.68133         113.829         16.4535          159.91 
        1.69363         112.213          16.168         158.481 
        1.70585         110.281         15.8911         157.081 
        1.71809         108.976         15.6202         155.408 
        1.73038         108.177         15.3547         154.167 
        1.74268         107.008         15.0952         152.691 
        1.75493         104.303         14.8429         151.392 
        1.76714          103.61          14.597         150.146 
        1.77942         101.847         14.3555         148.629 
        1.79173         100.337         14.1188         147.412 
        1.80402         99.4924         13.8879         146.111 
         1.8163         97.3764         13.6624         144.818 
         1.8286         96.1402         13.4414         143.495 
         1.8409         95.4761         13.2256         142.172 
        1.85315         93.6079         13.0152         141.032 
        1.86537         92.6903         12.8098         139.862 
        1.87765         91.6792         12.6081         138.661 
        1.88995         90.0897         12.4102         137.417 
        1.90221          88.875         12.2173         136.282 
        1.91445         87.7915         12.0288         134.991 
        1.92674         86.3394         11.8437         133.858 
        1.93902         85.1966         11.6624         132.659 
        1.95124         84.2503         11.4859         131.554 
         1.9635         82.8644         11.3126         130.374 
        1.97583         81.6239         11.1417         129.335 
        1.98812         80.6064         10.9751         128.302 
        2.00039         79.6528         10.8122         127.139 
        2.01264         78.6794         10.6527          126.09 
        2.02492           77.82         10.4963         124.979 
        2.03717         76.4727         10.3432         123.944 
        2.04942         75.9866         10.1934         122.986 
        2.06171         74.2552         10.0461         121.917 
        2.07397         73.4818           9.902         120.945 
        2.08629         72.6173         9.76013         119.894 
        2.09857         71.5474         9.62137         118.932 
        2.11081         70.3579         9.48588         117.832 
        2.12309         69.4134         9.35268         117.006 
        2.13538         68.5756         9.22185         115.978 
        2.14763         67.6997         9.09396         115.054 
        2.15986          66.636         8.96879          114.05 
        2.17214         65.9793         8.84547         113.121 
        2.18443          65.142         8.72436         112.363 
        2.19671         63.9848         8.60565           111.4 
        2.20898         63.4868          8.4893         110.432 
        2.22126         62.5471         8.37498         109.565 
        2.23354         61.8459          8.2628         108.711 
         2.2458         60.7679         8.15287         107.853 
        2.25807         60.0272         8.04485         106.956 
        2.27035         59.2707         7.93869         106.082 
        2.28263         58.4772          7.8345         105.254 
         2.2949         57.7082         7.73223         104.431 
        2.30718         56.7616         7.63175         103.629 
        2.31946         56.4189         7.53302         102.751 
        2.33169         55.3891         7.43645         101.969 
        2.34393         54.8981         7.34143          101.22 
        2.35622         53.9611         7.24777         100.411 
        2.36847          53.563         7.15601          99.726 
        2.38076          52.639         7.06556         98.8173 
        2.39305         52.0562         6.97669         98.1488 
        2.40534          51.429         6.88935         97.3403 
        2.41762         50.8361         6.80352         96.5459 
        2.42989         50.0849         6.71928         95.8727 
        2.44216         49.5537         6.63648         95.0813 
         2.4544          48.834         6.55526          94.374 
        2.46667         48.2894         6.47522         93.6377 
        2.47897          47.761         6.39632          92.903 
        2.49124         47.1905         6.31895         92.2403 
        2.50349         46.8498         6.24298         91.5204 
        2.51578         46.0394         6.16802         90.9212 
        2.52805         45.5319         6.09444         90.1602 
        2.54029         45.0822         6.02223         89.4414 
        2.55257         44.4669         5.95098         88.8312 
        2.56487          44.143         5.88074         88.2085 
        2.57716         43.4569         5.81174         87.5476 
        2.58942         42.8679           5.744         86.8801 
        2.60167         42.4854          5.6774         86.2505 
        2.61395         41.9127         5.61176         85.6216 
        2.62624         41.5211         5.54707         84.9331 
        2.63849         40.9976         5.48361         84.3326 
        2.65073         40.6445          5.4212         83.7135 
        2.66302         40.1188         5.35954         83.0835 
         2.6753         39.7036         5.29888         82.5076 
        2.68756         39.2801         5.23928         81.8862 
        2.69983         38.8191         5.18056         81.3308 
        2.71213         38.4501         5.12261         80.7502 
        2.72441         38.0649         5.06566         80.1552 
        2.73665          37.534         5.00971         79.5908 
         2.7489         37.2614         4.95463         79.0273 
        2.76118         36.8465         4.90021          78.464 
        2.77349         36.4649         4.84649         77.9048 
        2.78576         36.1623         4.79378          77.317 
        2.79802         35.8037         4.74187         76.8494 
        2.81031         35.3528         4.69062         76.2835 
        2.82259         35.2475         4.64015         75.7178 
        2.83483         34.7619         4.59061         75.2329 
         2.8471         34.4524          4.5417         74.6919 
         2.8594          34.157         4.49335         74.1485 
         2.8717         34.0026         4.44572         73.6601 
        2.88396         33.5842         4.39896         73.1398 
        2.89619         33.4358         4.35295          72.594 
        2.90847         33.0322         4.30743         72.0814 
        2.92072         32.8521         4.26264         71.6266 
        2.93299         32.6818         4.21846         71.1459 
        2.94526         32.3242         4.17487         70.6564 
        2.95753         32.1195         4.13191         70.1616 
        2.96982         31.8895         4.08948         69.6881 
        2.98209         31.6414         4.04773         69.2295 
        2.99436         31.4048         4.00653         68.7252 
        3.00666         31.3778         3.96584         68.2708 
        3.01894         31.0426         3.92579         67.8032 
        3.03119         30.9979         3.88634         67.3658 
        3.04345           30.87         3.84744         66.9362 
        3.05573         30.5156         3.80899         66.4833 
          3.068         30.5214         3.77111         66.0382 
        3.08026         30.3404         3.73378         65.5936 
        3.09254         30.2705         3.69689          65.167 
        3.10483         30.2306         3.66049         64.7438 
         3.1171         30.0288         3.62463          64.313 
        3.12933          29.954         3.58935          63.881 
        3.14159           29.83         3.55446         63.4448 
