# k  (h/Mpc)    P(k)  (Mpc/h)^3    P_linear(k)  (Mpc/h)^3     P_NL(k)  ShotnoiseSubtracted = false
      0.0156606         16850.5           16782         16662.9 
      0.0273761         14457.4           14487         14359.5 
      0.0384619         10940.4         10905.2         10797.5 
      0.0498308         8466.33         8573.21         8466.64 
      0.0625568         7146.78          7283.5         7186.95 
      0.0751274         6338.38         6186.67         6049.37 
      0.0867833         4924.95          4980.2         4939.68 
      0.0984825         4129.66         3940.76         3983.23 
       0.111151         3516.39         3290.17         3339.64 
       0.123864         3152.92         2964.91         3005.48 
       0.135742         2864.33         2666.07         2707.21 
        0.14762         2481.87         2279.53         2388.34 
       0.160083         2089.99         1900.06         2031.52 
       0.172465         1864.04         1658.35         1824.77 
       0.184281         1700.35         1528.77         1697.84 
       0.196406         1585.65         1411.79         1559.75 
       0.209011         1473.45         1256.11         1410.86 
       0.221538         1328.92         1097.71         1308.09 
       0.233611         1259.29         982.154         1218.82 
       0.245665         1148.65         906.483         1123.15 
       0.258103         1118.26         843.851         1058.62 
       0.270422         1002.42         775.395          991.07 
       0.282519         937.428          703.71         931.703 
       0.294636         926.762         641.154         879.181 
       0.306978         837.176         593.172         839.568 
       0.319417         813.612          554.58         790.655 
        0.33169         766.457         517.639         746.375 
       0.343948         731.836          479.62         721.103 
       0.356249          689.56         443.967         692.313 
       0.368458         667.388         414.103         657.606 
        0.38068         648.356         389.132         630.516 
       0.392856         612.572         366.334         606.492 
       0.405069         584.965         344.041         587.748 
       0.417459         561.589         322.459         562.149 
       0.429752         550.283         303.084         542.051 
       0.441978         531.749         286.079         527.006 
       0.454294         504.708         270.637         504.474 
        0.46658         493.283         256.148         492.775 
       0.478753         479.926         242.479          476.62 
       0.490964         461.931         229.639         461.239 
       0.503334         438.091          217.79         449.527 
       0.515665         437.012         206.984         439.777 
       0.527909         420.489         197.008         428.132 
       0.540159         409.833         187.569         416.254 
        0.55248         401.721         178.614         405.014 
       0.564743         396.867         170.322         397.638 
        0.57686         381.483         162.701         386.311 
       0.589077         369.629         155.507         377.713 
       0.601441         365.075         148.666         369.394 
        0.61382         357.477         142.216         362.506 
       0.626067         351.991         136.197         354.783 
       0.638306           337.3          130.53         347.996 
       0.650632         332.335          125.16         338.235 
       0.662899         329.449         120.128          334.12 
       0.675076         316.759         115.412         328.057 
       0.687267         308.783         110.943         320.365 
       0.699615         304.563         106.655         314.996 
       0.711937         299.864         102.602         309.342 
       0.724148         290.231         98.7935         304.715 
       0.736433         283.788         95.1596         298.643 
       0.748747         279.509          91.703         293.038 
       0.761037         274.253         88.4265         288.594 
       0.773197         270.784         85.3439         284.605 
       0.785376         266.678         82.4049         279.676 
       0.797761         260.012         79.5587         275.421 
       0.810096         257.192         76.8583         271.619 
       0.822371         247.622         74.2963         267.118 
       0.834626         246.854         71.8559         263.259 
       0.846916         241.458         69.5193         259.384 
       0.859215         241.397         67.2858         255.652 
       0.871383          234.81         65.1731         251.801 
        0.88363         233.187         63.1391           249.2 
       0.895928         227.839         61.1846         245.261 
       0.908253         221.684         59.3096         241.266 
       0.920535         220.563         57.5199          238.04 
       0.932774         213.796         55.8105         234.756 
        0.94508         211.602         54.1624         232.307 
       0.957324         210.956         52.5892         228.884 
        0.96953         207.887         51.0836         225.677 
       0.981769         201.485         49.6334         223.538 
       0.994071          200.55         48.2329          220.64 
         1.0064         196.054         46.8843         217.317 
        1.01868         193.364         45.5914         214.781 
        1.03092         189.405         44.3533         212.575 
         1.0432         185.859         43.1569         209.952 
        1.05553         183.222         42.0002          207.33 
        1.06777         182.892         40.8944         205.229 
           1.08         178.268         39.8298         202.625 
        1.09227         176.072         38.7997         200.458 
         1.1046         173.385         37.8024         198.316 
         1.1169          170.24         36.8421         195.599 
        1.12915         167.739           35.92         193.799 
        1.14142         165.034         35.0276         191.273 
        1.15365          162.74         34.1684         189.264 
        1.16585         160.414         33.3403         186.809 
        1.17807         158.229         32.5388         185.404 
        1.19037         156.882         31.7585         183.536 
        1.20276         154.281         30.9985         181.254 
        1.21504          151.45         30.2696         179.309 
        1.22728         148.495         29.5671         177.037 
        1.23954         147.952         28.8854          175.74 
        1.25184         145.099         28.2239         173.724 
        1.26414         142.766         27.5829         171.905 
        1.27632          142.22         26.9677         170.865 
         1.2886         139.966         26.3669         168.518 
        1.30093         135.966         25.7824         166.695 
        1.31316         134.875         25.2198         164.831 
        1.32541         133.161         24.6741         163.592 
        1.33772         131.894         24.1414         161.823 
        1.35005         129.895         23.6242         160.008 
        1.36225         128.177         23.1275         158.576 
        1.37447         126.076         22.6441         156.749 
        1.38676         124.636         22.1724         155.268 
        1.39907         122.242         21.7133          153.75 
        1.41133         120.473         21.2693         152.447 
        1.42358         118.741         20.8381         151.008 
        1.43591         117.541          20.416         149.314 
        1.44818         116.349         20.0079         148.059 
        1.46037         114.164         19.6134         146.526 
        1.47263         113.009         19.2273         145.417 
        1.48494         111.289         18.8502         143.743 
        1.49724         109.743         18.4836         142.391 
        1.50952         107.718         18.1274           141.1 
        1.52178          107.18         17.7812         139.684 
        1.53409         105.143         17.4426         138.516 
        1.54637         103.715         17.1136         137.309 
        1.55858         101.944          16.795         135.909 
        1.57081          100.58          16.484         134.753 
        1.58313         99.3954          16.179         133.444 
        1.59544         98.2116         15.8818         132.287 
        1.60767         96.8915         15.5941         131.004 
        1.61994         95.2534         15.3125         130.103 
        1.63225         94.0221         15.0373         128.545 
        1.64452         92.3606         14.7696         127.438 
        1.65676         91.0938         14.5093         126.405 
          1.669         90.4902          14.255         125.378 
        1.68133         88.7708         14.0053         124.193 
        1.69363         87.8941         13.7623         123.141 
        1.70585         86.3239         13.5266         122.016 
        1.71809         85.1666         13.2959         120.896 
        1.73038         84.4578         13.0699         119.849 
        1.74268          83.174         12.8491         118.781 
        1.75493         82.0571         12.6343         117.719 
        1.76714         80.7701          12.425         116.774 
        1.77942         79.9355         12.2194         115.652 
        1.79173          78.612          12.018         114.746 
        1.80402         77.9891         11.8214           113.8 
         1.8163         76.5549         11.6294         112.665 
         1.8286         75.4774         11.4414         111.766 
         1.8409          74.809         11.2576         110.799 
        1.85315         73.5972         11.0786         109.927 
        1.86537         72.7486         10.9037         108.985 
        1.87765         72.0828          10.732         107.982 
        1.88995          70.865         10.5636         107.157 
        1.90221         69.9226         10.3994         106.228 
        1.91445         68.7359          10.239         105.312 
        1.92674          67.822         10.0813         104.465 
        1.93902         66.9675         9.92704         103.524 
        1.95124         66.3944          9.7768         102.761 
         1.9635         65.3247         9.62928         101.744 
        1.97583         64.4465         9.48387         101.052 
        1.98812         63.6208         9.34202          100.17 
        2.00039         62.6204         9.20336         99.3381 
        2.01264         62.1188         9.06764         98.5006 
        2.02492         61.1746         8.93447         97.7039 
        2.03717         60.1896         8.80419         96.8416 
        2.04942         59.7983         8.67668         96.1643 
        2.06171         58.5872         8.55126         95.3264 
        2.07397         57.9829          8.4286         94.6016 
        2.08629         57.3775         8.30784         93.7762 
        2.09857         56.4905         8.18973         93.0413 
        2.11081         55.5122          8.0744         92.2025 
        2.12309         55.1435         7.96102         91.5755 
        2.13538         54.2691         7.84966         90.8015 
        2.14763         53.5867          7.7408         90.0798 
        2.15986         52.5688         7.63426         89.3419 
        2.17214         52.1944         7.52929           88.62 
        2.18443         51.5606         7.42619           88.01 
        2.19671         50.6599         7.32515         87.2521 
        2.20898         50.4664         7.22611           86.56 
        2.22126         49.6227          7.1288         85.8436 
        2.23354         48.9477         7.03331         85.2121 
         2.2458         48.3585         6.93974         84.5772 
        2.25807         47.7614         6.84779         83.8537 
        2.27035         47.2379         6.75743         83.1966 
        2.28263         46.4425         6.66874         82.5353 
         2.2949         46.0725         6.58169         81.9043 
        2.30718         45.2425         6.49617         81.3034 
        2.31946         44.7665         6.41212         80.6864 
        2.33169         44.1488         6.32993         80.0578 
        2.34393         43.4665         6.24904          79.451 
        2.35622         43.1852         6.16932         78.8302 
        2.36847         42.6113         6.09121         78.2827 
        2.38076         42.0155         6.01422         77.6197 
        2.39305         41.5054         5.93858         77.0725 
        2.40534         41.0598         5.86423         76.4385 
        2.41762         40.6511         5.79117         75.8268 
        2.42989         40.0738         5.71947          75.329 
        2.44216         39.6863         5.64899         74.7337 
         2.4544         39.1837         5.57985         74.1637 
        2.46667          38.776         5.51172         73.5798 
        2.47897         38.3055         5.44456         73.0496 
        2.49124         37.7788          5.3787         72.5183 
        2.50349          37.309         5.31404         71.9548 
        2.51578          36.829         5.25024          71.484 
        2.52805         36.5876          5.1876         70.9236 
        2.54029         36.0948         5.12614          70.367 
        2.55257         35.5459         5.06549         69.8791 
        2.56487          35.286          5.0057         69.3965 
        2.57716         34.8209         4.94697         68.9061 
        2.58942          34.378          4.8893         68.3774 
        2.60167         33.9927         4.83262         67.8723 
        2.61395         33.6155         4.77675         67.3865 
        2.62624         33.3802         4.72168         66.8809 
        2.63849         33.0469         4.66766          66.419 
        2.65073         32.6788         4.61454         65.9127 
        2.66302         32.2142         4.56205         65.4403 
         2.6753         31.8571         4.51042         64.9819 
        2.68756         31.4177         4.45969         64.4853 
        2.69983         31.2491          4.4097         64.0677 
        2.71213         30.9277         4.36038         63.6304 
        2.72441         30.6167          4.3119         63.1582 
        2.73665         30.2727         4.26427         62.7011 
         2.7489          30.148         4.21739          62.264 
        2.76118          29.673         4.17107         61.8373 
        2.77349         29.5411         4.12534         61.4021 
        2.78576         29.3073         4.08047         60.9494 
        2.79802         28.8687         4.03629         60.5609 
        2.81031         28.6079         3.99267         60.1331 
        2.82259         28.4728         3.94971         59.6912 
        2.83483         28.1219         3.90754         59.2904 
         2.8471         27.8164          3.8659         58.8894 
         2.8594          27.712         3.82475          58.484 
         2.8717         27.4446         3.78421         58.0806 
        2.88396         27.1927          3.7444         57.6608 
        2.89619         26.9595         3.70524         57.2553 
        2.90847         26.7924          3.6665         56.8829 
        2.92072         26.5573         3.62837         56.4908 
        2.93299         26.4201         3.59077         56.1021 
        2.94526         26.1793         3.55366           55.74 
        2.95753         26.0362         3.51709         55.3676 
        2.96982         25.9469         3.48098         54.9885 
        2.98209         25.6813         3.44544         54.6247 
        2.99436         25.5185         3.41037          54.241 
        3.00666         25.4338         3.37573         53.8876 
        3.01894         25.2195         3.34164         53.5085 
        3.03119         25.1323         3.30807         53.1608 
        3.04345         24.9633         3.27495         52.8313 
        3.05573         24.9173         3.24222         52.4819 
          3.068         24.8061         3.20998           52.13 
        3.08026         24.6278         3.17821         51.7794 
        3.09254         24.5499          3.1468         51.4399 
        3.10483         24.5636         3.11582         51.1105 
         3.1171         24.4862         3.08529         50.7778 
        3.12933         24.4072         3.05526         50.4399 
        3.14159         24.2856         3.02557         50.1068 
