# k  (h/Mpc)    P(k)  (Mpc/h)^3    P_linear(k)  (Mpc/h)^3     P_NL(k)  ShotnoiseSubtracted = false
      0.0156606         6561.21         6702.02         6664.97 
      0.0273761         5670.09         5788.42         5762.74 
      0.0384619         4303.95         4358.65         4342.65 
      0.0498308         3357.41         3427.32         3413.53 
      0.0625568          2832.3          2912.2            2898 
      0.0751274         2476.46         2473.91         2451.97 
      0.0867833         1947.58         1991.62         1986.97 
      0.0984825         1598.33         1576.02         1586.69 
       0.111151         1345.57         1315.89         1326.81 
       0.123864         1208.77         1185.84         1194.99 
       0.135742         1089.68         1066.35         1075.75 
        0.14762         930.596         911.762         934.413 
       0.160083         773.233         759.994         785.883 
       0.172465         686.199         663.321         695.155 
       0.184281         634.869         611.498         645.085 
       0.196406         580.094         564.712         591.627 
       0.209011         528.537         502.446         532.002 
       0.221538         473.947         439.087         480.402 
       0.233611         433.431         392.867         439.097 
       0.245665         405.714           362.6         403.967 
       0.258103         372.047         337.548          378.73 
       0.270422         345.597         310.167         350.859 
       0.282519         315.058         281.493         324.293 
       0.294636         308.252          256.47         301.592 
       0.306978         272.349         237.278          284.17 
       0.319417         260.947         221.841         266.907 
        0.33169         243.857         207.064         250.573 
       0.343948         232.747         191.857          237.33 
       0.356249         216.055         177.595         225.479 
       0.368458          208.16         165.649         211.398 
        0.38068         197.298          155.66          200.86 
       0.392856         184.049         146.541         191.849 
       0.405069          175.66         137.624          183.13 
       0.417459         167.034         128.991         173.281 
       0.429752         160.638          121.24         165.924 
       0.441978         154.323         114.438         160.037 
       0.454294         143.646         108.261         151.912 
        0.46658         143.851         102.465         146.486 
       0.478753          134.84         96.9971         140.919 
       0.490964          130.74          91.861         135.457 
       0.503334         124.608          87.121         130.624 
       0.515665         120.837         82.7983          127.08 
       0.527909         116.805         78.8077         121.226 
       0.540159         112.797          75.032         117.569 
        0.55248          108.33         71.4497         113.374 
       0.564743         105.498         68.1329         110.204 
        0.57686         102.207         65.0843         106.526 
       0.589077         97.4311         62.2065         103.773 
       0.601441         95.1412           59.47         100.824 
        0.61382         93.0926         56.8899         97.5562 
       0.626067         89.2942         54.4824         95.0125 
       0.638306         86.4519         52.2152         92.4422 
       0.650632         83.3709         50.0671         89.1778 
       0.662899         82.6659         48.0542         86.9836 
       0.675076          79.579         46.1677          84.794 
       0.687267         78.0375         44.3801         82.6339 
       0.699615         75.4411         42.6649         80.9322 
       0.711937         72.9421         41.0434         78.4366 
       0.724148         72.4173         39.5199         77.2897 
       0.736433          69.054         38.0663         75.1166 
       0.748747         67.9735         36.6836         73.3838 
       0.761037         66.2623         35.3729         71.6379 
       0.773197         64.8211         34.1398         70.6246 
       0.785376         62.9824         32.9641         68.7898 
       0.797761         62.4139         31.8256         67.6156 
       0.810096         60.3873         30.7453         66.0319 
       0.822371         59.2265         29.7205         64.6364 
       0.834626         57.7633         28.7442          63.564 
       0.846916          56.681         27.8095         62.3163 
       0.859215         55.2702         26.9161         60.9941 
       0.871383         54.5415          26.071         59.9523 
        0.88363         53.0754         25.2573         59.0487 
       0.895928         51.8902         24.4755         57.8789 
       0.908253         50.7375         23.7254         56.9279 
       0.920535         50.3118         23.0095          55.918 
       0.932774         49.3501         22.3257         54.9625 
        0.94508         48.5664         21.6664         53.8954 
       0.957324         47.3435         21.0371         53.1453 
        0.96953          47.036         20.4348         52.1571 
       0.981769         45.6088         19.8547         51.4898 
       0.994071         44.9761         19.2945         50.6909 
         1.0064         44.0055          18.755         49.8718 
        1.01868         43.2076         18.2378         49.1707 
        1.03092         42.6836         17.7425         48.3921 
         1.0432         41.8926         17.2639         47.5502 
        1.05553         40.9332         16.8012         47.1789 
        1.06777         40.2932         16.3589          46.356 
           1.08          39.344          15.933         45.6577 
        1.09227         38.9363         15.5209          45.074 
         1.1046         38.3656          15.122         44.3891 
         1.1169         37.8808         14.7378         43.7664 
        1.12915         37.2347          14.369           43.24 
        1.14142         36.4458          14.012         42.6662 
        1.15365         35.9852         13.6683          42.153 
        1.16585         35.4437          13.337         41.5502 
        1.17807         34.8362         13.0164         40.9474 
        1.19037         34.6724         12.7043         40.6072 
        1.20276         34.1243         12.4003         40.0594 
        1.21504         33.4974         12.1087         39.6327 
        1.22728         32.9224         11.8277         39.1146 
        1.23954         32.5521          11.555         38.5511 
        1.25184         31.9569         11.2903         38.1761 
        1.26414         31.5618         11.0339          37.671 
        1.27632         31.2706         10.7878         37.2563 
         1.2886         30.9294         10.5475         36.8592 
        1.30093         30.2929         10.3137         36.4061 
        1.31316          29.888         10.0886         36.0447 
        1.32541         29.6359         9.87031         35.6512 
        1.33772         29.0831         9.65724         35.2675 
        1.35005         28.7172         9.45035          34.912 
        1.36225         28.3048         9.25163         34.5652 
        1.37447         27.6736         9.05827         34.1474 
        1.38676         27.6596         8.86956         33.8553 
        1.39907         27.2069         8.68593         33.5202 
        1.41133         26.7037          8.5083          33.132 
        1.42358         26.4458         8.33582         32.7969 
        1.43591         26.0589         8.16695         32.5065 
        1.44818          25.815         8.00369         32.1518 
        1.46037         25.5427         7.84588         31.8136 
        1.47263         25.2688         7.69146         31.5652 
        1.48494         24.8905         7.54061         31.2242 
        1.49724         24.8035         7.39393         30.9356 
        1.50952         24.3168         7.25147         30.6918 
        1.52178         24.0183         7.11297         30.3613 
        1.53409         23.7507         6.97754          30.095 
        1.54637          23.523         6.84592          29.778 
        1.55858          23.004         6.71845         29.5338 
        1.57081         23.0025         6.59405          29.286 
        1.58313         22.7308         6.47204         28.9944 
        1.59544         22.3087         6.35318         28.7671 
        1.60767         22.0879         6.23807         28.4679 
        1.61994         21.7791         6.12542         28.2528 
        1.63225          21.706         6.01533          28.054 
        1.64452         21.3362         5.90825         27.8088 
        1.65676         21.1412         5.80411         27.5434 
          1.669         20.9473         5.70241         27.3344 
        1.68133         20.6027          5.6025         27.0922 
        1.69363          20.382         5.50529         26.7967 
        1.70585         20.1779           5.411         26.6685 
        1.71809         19.8962         5.31874         26.4072 
        1.73038         19.7463         5.22833         26.2262 
        1.74268         19.5648         5.13998         25.9626 
        1.75493         19.2531         5.05408         25.7808 
        1.76714         19.2048         4.97036         25.5792 
        1.77942         18.9913         4.88811         25.3571 
        1.79173         18.5895         4.80752           25.17 
        1.80402         18.4207         4.72891         25.0261 
         1.8163         18.3417          4.6521          24.752 
         1.8286          18.059         4.57687          24.601 
         1.8409         17.8719         4.50337         24.4176 
        1.85315         17.7276         4.43173         24.2315 
        1.86537         17.4856          4.3618          24.049 
        1.87765         17.3692         4.29311          23.861 
        1.88995         17.1269         4.22574         23.6661 
        1.90221         16.9897         4.16005         23.4901 
        1.91445         16.8043         4.09587         23.3117 
        1.92674         16.6344         4.03282         23.1434 
        1.93902         16.4386         3.97109         23.0033 
        1.95124         16.2128         3.91099         22.8772 
         1.9635         16.0887         3.85198         22.6596 
        1.97583         15.9334         3.79381         22.4817 
        1.98812         15.7828         3.73707         22.3529 
        2.00039         15.6595          3.6816         22.1845 
        2.01264         15.4909         3.62731         22.0442 
        2.02492          15.332         3.57404         21.8541 
        2.03717         15.1473         3.52192         21.7129 
        2.04942         15.0046         3.47091         21.5515 
        2.06171         14.8946         3.42074         21.4036 
        2.07397         14.7579         3.37168         21.2539 
        2.08629         14.6242         3.32337         21.1102 
        2.09857         14.4947         3.27612         20.9701 
        2.11081          14.313         3.22999         20.8337 
        2.12309         14.1646         3.18463         20.6815 
        2.13538         14.0096         3.14008         20.5351 
        2.14763         13.8858         3.09654         20.4085 
        2.15986         13.8541         3.05392         20.2893 
        2.17214         13.6721         3.01193         20.1416 
        2.18443         13.5037         2.97069         20.0052 
        2.19671         13.4175         2.93027         19.8603 
        2.20898         13.2778         2.89065         19.7417 
        2.22126         13.1482         2.85172         19.6157 
        2.23354         13.0995         2.81352          19.474 
         2.2458         12.9251         2.77609          19.381 
        2.25807         12.7933         2.73931         19.2135 
        2.27035         12.7064         2.70316         19.1018 
        2.28263         12.5809         2.66768         18.9758 
         2.2949         12.4961         2.63286         18.8694 
        2.30718         12.3994         2.59865         18.7614 
        2.31946          12.265         2.56503         18.6275 
        2.33169         12.1519         2.53215         18.5102 
        2.34393         12.0528         2.49979         18.4034 
        2.35622         11.9077          2.4679         18.2853 
        2.36847         11.8397         2.43666         18.1662 
        2.38076         11.7141         2.40586         18.0569 
        2.39305         11.5948          2.3756         17.9379 
        2.40534         11.5259         2.34586         17.8108 
        2.41762           11.43         2.31663         17.7282 
        2.42989         11.3497         2.28795         17.6098 
        2.44216         11.2423         2.25975         17.4923 
         2.4544         11.1764          2.2321         17.3828 
        2.46667         11.0775         2.20484         17.2896 
        2.47897         10.9644         2.17798         17.1715 
        2.49124         10.8812         2.15163         17.0711 
        2.50349         10.7907         2.12577         16.9635 
        2.51578          10.708         2.10024         16.8805 
        2.52805         10.6308         2.07519         16.7754 
        2.54029         10.5635          2.0506         16.6763 
        2.55257         10.5061         2.02634         16.5721 
        2.56487         10.3399         2.00242         16.4703 
        2.57716         10.2983         1.97893         16.3642 
        2.58942         10.2413         1.95586         16.2868 
        2.60167         10.1643         1.93318         16.1925 
        2.61395         10.1171         1.91083         16.0916 
        2.62624          10.015         1.88881         16.0009 
        2.63849         9.93992          1.8672         15.9177 
        2.65073         9.88008         1.84594         15.8135 
        2.66302         9.81103         1.82495         15.7255 
         2.6753         9.76351          1.8043         15.6298 
        2.68756         9.70718           1.784         15.5526 
        2.69983         9.61944         1.76401         15.4521 
        2.71213         9.56767         1.74428         15.3553 
        2.72441         9.50194         1.72488         15.2761 
        2.73665         9.48798         1.70583         15.1837 
         2.7489         9.41155         1.68708         15.0915 
        2.76118         9.31603         1.66855         15.0163 
        2.77349         9.28459         1.65025         14.9307 
        2.78576         9.23693         1.63231           14.85 
        2.79802         9.18574         1.61463         14.7618 
        2.81031          9.1437         1.59718         14.6798 
        2.82259         9.10585         1.57999         14.5976 
        2.83483         9.03723         1.56313          14.517 
         2.8471         8.99726         1.54647         14.4379 
         2.8594         8.97929         1.53001         14.3558 
         2.8717         8.93211         1.51379         14.2741 
        2.88396         8.88437         1.49787         14.1966 
        2.89619         8.83232          1.4822         14.1205 
        2.90847         8.79751          1.4667         14.0417 
        2.92072         8.80019         1.45145         13.9573 
        2.93299         8.73751         1.43641         13.8879 
        2.94526            8.73         1.42157         13.8151 
        2.95753         8.69684         1.40694         13.7361 
        2.96982         8.65409         1.39249         13.6597 
        2.98209         8.64489         1.37827         13.5834 
        2.99436         8.63019         1.36425         13.5079 
        3.00666         8.60116         1.35039         13.4379 
        3.01894         8.58115         1.33675          13.374 
        3.03119         8.57263         1.32332         13.2969 
        3.04345         8.52639         1.31007         13.2171 
        3.05573         8.55531         1.29698         13.1498 
          3.068         8.52903         1.28408         13.0843 
        3.08026         8.54119         1.27137         13.0053 
        3.09254          8.5338         1.25881          12.941 
        3.10483         8.52888         1.24642         12.8806 
         3.1171         8.53421         1.23421         12.8092 
        3.12933         8.54917         1.22219         12.7386 
        3.14159         8.51043         1.21031         12.6719 
