# k  (h/Mpc)    P(k)  (Mpc/h)^3    P_linear(k)  (Mpc/h)^3     P_NL(k)  ShotnoiseSubtracted = false
      0.0156606         5703.94         5811.98         5780.63 
      0.0273761         4933.04         5020.13         4999.76 
      0.0384619          3745.1         3780.31          3768.5 
      0.0498308         2923.99         2972.65         2962.87 
      0.0625568         2466.56         2525.92         2515.43 
      0.0751274         2152.63          2145.8         2129.26 
      0.0867833         1695.53         1727.49         1724.22 
      0.0984825         1388.13         1367.02         1375.54 
       0.111151         1167.34         1141.39         1150.03 
       0.123864         1048.71         1028.59         1035.78 
       0.135742         944.735         924.942          932.32 
        0.14762         805.743         790.859         808.436 
       0.160083         669.167         659.217         679.227 
       0.172465         593.169         575.365         599.862 
       0.184281         549.217         530.414         556.337 
       0.196406         501.386         489.832         510.431 
       0.209011         455.835         435.823         458.592 
       0.221538         408.089         380.866         412.698 
       0.233611         371.967         340.775         376.347 
       0.245665         348.772         314.521         346.305 
       0.258103         318.188         292.791         324.445 
       0.270422         296.561          269.04         300.222 
       0.282519         269.966         244.168         277.024 
       0.294636         263.012         222.464         257.119 
       0.306978         232.174         205.816         241.808 
       0.319417         222.297         192.426         227.052 
        0.33169         207.441         179.609         213.048 
       0.343948         197.949         166.418         201.208 
       0.356249         183.335         154.047         190.894 
       0.368458         176.332         143.685         178.709 
        0.38068         166.798         135.021         169.636 
       0.392856         155.535         127.111          161.86 
       0.405069         148.148         119.376          154.08 
       0.417459         140.605         111.887          145.81 
       0.429752         135.131         105.165         139.377 
       0.441978         129.553         99.2642         134.269 
       0.454294          120.54         93.9062         127.338 
        0.46658         120.645         88.8788         122.542 
       0.478753         112.748         84.1361         117.783 
       0.490964         109.314         79.6809         113.157 
       0.503334          104.43         75.5694         108.875 
       0.515665         100.831         71.8199         105.816 
       0.527909         97.2284         68.3584         100.706 
       0.540159         93.8304         65.0833          97.575 
        0.55248         89.4911          61.976         93.9766 
       0.564743         87.4178          59.099          91.224 
        0.57686         84.7072         56.4546         88.1387 
       0.589077         80.5635         53.9584         85.7388 
       0.601441         78.5375         51.5848         83.1763 
        0.61382          76.563         49.3468         80.3571 
       0.626067         73.3866         47.2584         78.2318 
       0.638306         71.1627         45.2919         75.9421 
       0.650632         68.6883         43.4286         73.2873 
       0.662899         67.6884         41.6826         71.3442 
       0.675076         65.0478         40.0463         69.4806 
       0.687267         63.9647         38.4957         67.6225 
       0.699615         61.7388         37.0079         66.1946 
       0.711937         59.4925         35.6014          64.037 
       0.724148          59.135         34.2799         63.0282 
       0.736433         56.1382          33.019         61.2092 
       0.748747         55.3682         31.8196         59.7307 
       0.761037         53.8733         30.6827         58.3219 
       0.773197           52.68         29.6131         57.3576 
       0.785376         50.9956         28.5933         55.8645 
       0.797761         50.4836         27.6058         54.8306 
       0.810096         49.0174         26.6687         53.5144 
       0.822371         47.9888         25.7798         52.2983 
       0.834626          46.734          24.933         51.4302 
       0.846916         45.7187         24.1222         50.3385 
       0.859215         44.4566         23.3472         49.2499 
       0.871383         43.8574         22.6142         48.3882 
        0.88363          42.721         21.9084         47.5997 
       0.895928         41.7339         21.2302         46.5659 
       0.908253         40.8705         20.5796         45.8227 
       0.920535         40.3513         19.9586           44.94 
       0.932774          39.617         19.3655         44.1485 
        0.94508         38.8998         18.7936         43.2549 
       0.957324         37.9823         18.2477          42.602 
        0.96953         37.4753         17.7253         41.7911 
       0.981769         36.5166         17.2221         41.2211 
       0.994071         35.8827         16.7362         40.5335 
         1.0064         35.1053         16.2682          39.862 
        1.01868         34.4145         15.8196         39.2763 
        1.03092         34.0937           15.39         38.6152 
         1.0432         33.3458         14.9749         37.9069 
        1.05553          32.651         14.5735         37.5961 
        1.06777           31.96         14.1898          36.872 
           1.08         31.2394         13.8204         36.3047 
        1.09227         30.8971          13.463         35.8673 
         1.1046         30.4478         13.1169         35.2657 
         1.1169         30.0085         12.7837         34.7721 
        1.12915         29.5643         12.4638         34.3105 
        1.14142         28.8225         12.1541         33.8226 
        1.15365         28.5141          11.856         33.3909 
        1.16585         28.1118         11.5687         32.9318 
        1.17807          27.565         11.2906         32.3944 
        1.19037         27.3758         11.0198         32.1368 
        1.20276         26.9693         10.7561         31.6637 
        1.21504         26.4164         10.5032         31.3291 
        1.22728         25.9631         10.2594         30.8879 
        1.23954         25.6578         10.0229         30.4363 
        1.25184         25.1696         9.79335         30.1148 
        1.26414         24.8753         9.57093         29.7057 
        1.27632          24.585         9.35744         29.3517 
         1.2886         24.3235         9.14898         29.0326 
        1.30093         23.7586         8.94616         28.7042 
        1.31316         23.4841         8.75097         28.3591 
        1.32541         23.2426         8.56159         28.0653 
        1.33772         22.8276         8.37678         27.7456 
        1.35005         22.5239         8.19732         27.4599 
        1.36225         22.2269         8.02495         27.1595 
        1.37447         21.7583         7.85722         26.8174 
        1.38676         21.6189         7.69354         26.5774 
        1.39907         21.2856         7.53425          26.295 
        1.41133         20.9355         7.38018         25.9817 
        1.42358         20.7196         7.23056         25.7064 
        1.43591         20.3932         7.08408         25.4803 
        1.44818         20.1743         6.94248         25.2131 
        1.46037         20.0233         6.80559         24.9131 
        1.47263         19.7119         6.67164         24.7224 
        1.48494         19.5123         6.54079         24.4336 
        1.49724          19.345         6.41356         24.2179 
        1.50952         18.9736         6.28999         24.0156 
        1.52178         18.7635         6.16985         23.7371 
        1.53409          18.476         6.05238         23.5217 
        1.54637         18.3875         5.93821         23.2607 
        1.55858         18.0182         5.82764         23.0697 
        1.57081         17.8827         5.71974         22.8692 
        1.58313         17.7076          5.6139         22.6408 
        1.59544         17.3947          5.5108         22.4592 
        1.60767         17.2352         5.41096         22.2197 
        1.61994         16.9493         5.31325         22.0479 
        1.63225         16.8913         5.21775         21.8886 
        1.64452         16.6305         5.12486         21.6978 
        1.65676         16.4537         5.03454         21.4751 
          1.669         16.3109         4.94632          21.299 
        1.68133          16.006         4.85966          21.108 
        1.69363         15.8509         4.77534         20.8691 
        1.70585         15.6663         4.69355         20.7708 
        1.71809         15.4906         4.61352          20.576 
        1.73038          15.328          4.5351         20.4259 
        1.74268         15.2087         4.45846         20.2181 
        1.75493         14.9403         4.38395         20.0669 
        1.76714         14.9375         4.31133         19.9041 
        1.77942          14.758         4.23999         19.7214 
        1.79173         14.4506         4.17008          19.586 
        1.80402         14.3411          4.1019         19.4537 
         1.8163         14.2236         4.03527         19.2705 
         1.8286         14.0276         3.97002         19.1374 
         1.8409         13.8808         3.90627         18.9874 
        1.85315         13.7686         3.84413         18.8326 
        1.86537         13.6048         3.78346         18.6957 
        1.87765         13.5012         3.72388         18.5479 
        1.88995         13.2867         3.66545         18.4062 
        1.90221         13.2044         3.60847         18.2541 
        1.91445          13.057         3.55279         18.1253 
        1.92674          12.919          3.4981         17.9873 
        1.93902         12.7769         3.44456         17.8815 
        1.95124         12.6085         3.39243         17.7705 
         1.9635         12.4952         3.34124         17.6039 
        1.97583         12.3786         3.29079         17.4543 
        1.98812         12.2748         3.24157         17.3501 
        2.00039         12.1981         3.19345          17.227 
        2.01264         12.0654         3.14636         17.1177 
        2.02492         11.9423         3.10015         16.9699 
        2.03717         11.7912         3.05495          16.857 
        2.04942         11.6687          3.0107         16.7325 
        2.06171         11.6143         2.96718         16.6176 
        2.07397         11.4836         2.92462         16.5109 
        2.08629         11.3864         2.88272         16.4053 
        2.09857         11.2914         2.84174         16.2844 
        2.11081         11.1713         2.80172         16.1876 
        2.12309         11.0275         2.76238         16.0568 
        2.13538         10.9143         2.72374         15.9456 
        2.14763         10.8358         2.68596         15.8477 
        2.15986         10.8009         2.64899         15.7591 
        2.17214         10.6744         2.61257         15.6304 
        2.18443         10.5317          2.5768         15.5374 
        2.19671         10.4979         2.54174         15.4273 
        2.20898         10.3649         2.50737         15.3372 
        2.22126         10.2453         2.47361         15.2332 
        2.23354          10.208         2.44048         15.1215 
         2.2458         10.0796         2.40801         15.0507 
        2.25807         9.99758          2.3761         14.9252 
        2.27035         9.92413         2.34475         14.8376 
        2.28263         9.84182         2.31397         14.7377 
         2.2949          9.7345         2.28377         14.6545 
        2.30718         9.66741         2.25409         14.5761 
        2.31946          9.5723         2.22493         14.4753 
        2.33169           9.492         2.19641         14.3872 
        2.34393         9.41517         2.16834         14.2941 
        2.35622         9.34176         2.14068         14.2091 
        2.36847         9.26482         2.11358         14.1181 
        2.38076         9.19177         2.08686         14.0314 
        2.39305         9.07152         2.06062         13.9361 
        2.40534         9.02979         2.03482         13.8431 
        2.41762         8.96385         2.00947         13.7815 
        2.42989         8.90218         1.98459         13.6927 
        2.44216         8.82094         1.96013         13.5987 
         2.4544          8.7459         1.93614         13.5214 
        2.46667         8.71098          1.9125         13.4459 
        2.47897         8.63871          1.8892         13.3519 
        2.49124          8.5345         1.86635         13.2762 
        2.50349         8.48856         1.84391         13.2017 
        2.51578         8.42085         1.82177         13.1322 
        2.52805         8.36915         1.80004         13.0552 
        2.54029         8.29168         1.77871         12.9809 
        2.55257         8.26583         1.75766         12.8995 
        2.56487         8.14773         1.73692         12.8165 
        2.57716         8.11284         1.71654         12.7466 
        2.58942         8.08276         1.69653         12.6819 
        2.60167         8.02773         1.67686         12.6084 
        2.61395         7.95777         1.65747         12.5341 
        2.62624         7.90013         1.63837         12.4627 
        2.63849         7.86488         1.61962         12.3984 
        2.65073         7.81182         1.60119         12.3189 
        2.66302         7.74867         1.58298         12.2475 
         2.6753         7.71712         1.56506         12.1772 
        2.68756          7.6774         1.54746         12.1215 
        2.69983         7.61186         1.53012         12.0401 
        2.71213         7.57515           1.513         11.9705 
        2.72441         7.51514         1.49618         11.9082 
        2.73665          7.5176         1.47965         11.8351 
         2.7489         7.46319         1.46339         11.7687 
        2.76118         7.39124         1.44731         11.7145 
        2.77349         7.36737         1.43144         11.6474 
        2.78576         7.34652         1.41588         11.5843 
        2.79802         7.29489         1.40055         11.5179 
        2.81031         7.27297         1.38541         11.4586 
        2.82259         7.21893          1.3705         11.3952 
        2.83483         7.18459         1.35587         11.3316 
         2.8471         7.17119         1.34142         11.2757 
         2.8594         7.15968         1.32714         11.2157 
         2.8717         7.11077         1.31307         11.1475 
        2.88396         7.07452         1.29926         11.0903 
        2.89619         7.02611         1.28568         11.0374 
        2.90847         7.02083         1.27223          10.972 
        2.92072         7.02722           1.259         10.9105 
        2.93299         6.98285         1.24595         10.8605 
        2.94526         6.96845         1.23308         10.8017 
        2.95753         6.94219         1.22039         10.7418 
        2.96982         6.91489         1.20786         10.6859 
        2.98209         6.90661         1.19553         10.6242 
        2.99436         6.90692         1.18336         10.5697 
        3.00666         6.89755         1.17134         10.5189 
        3.01894         6.86135         1.15951         10.4648 
        3.03119         6.86262         1.14786         10.4076 
        3.04345         6.85357         1.13637         10.3514 
        3.05573         6.85484         1.12501         10.2987 
          3.068         6.84555         1.11383         10.2479 
        3.08026         6.86832          1.1028         10.1935 
        3.09254         6.85805          1.0919         10.1405 
        3.10483         6.83283         1.08115          10.093 
         3.1171         6.84865         1.07056         10.0426 
        3.12933          6.8662         1.06014         9.98738 
        3.14159         6.83806         1.04984         9.93884 
