# k  (h/Mpc)    P(k)  (Mpc/h)^3    P_linear(k)  (Mpc/h)^3     P_NL(k)  ShotnoiseSubtracted = false
      0.0156606         4209.02         4178.14         4156.61 
      0.0273761         3645.55         3609.59         3597.39 
      0.0384619         2768.24         2718.42         2712.63 
      0.0498308          2164.9         2137.77         2133.58 
      0.0625568         1826.14          1816.6         1811.41 
      0.0751274         1587.68         1543.27         1534.59 
      0.0867833         1254.44         1242.44         1241.01 
      0.0984825         1022.25         983.199         988.232 
       0.111151         857.973         820.931         825.928 
       0.123864         770.779         739.809         743.849 
       0.135742         693.478         665.263         669.367 
        0.14762         590.191         568.827         578.472 
       0.160083         489.949         474.145         485.086 
       0.172465         433.208         413.835         427.104 
       0.184281         401.493         381.505         395.602 
       0.196406         366.175         352.317          363.34 
       0.209011         331.536         313.471         325.817 
       0.221538         295.783         273.943           291.2 
       0.233611         268.057         245.107         264.336 
       0.245665         251.812         226.224         243.365 
       0.258103          227.98         210.595         227.671 
       0.270422         213.516         193.512         210.217 
       0.282519         193.978         175.622         193.322 
       0.294636         187.199         160.011         178.686 
       0.306978         165.212         148.037          167.39 
       0.319417         157.968         138.406         157.071 
        0.33169         147.076         129.187         147.224 
       0.343948         140.132         119.699         138.264 
       0.356249         129.199         110.801         130.753 
       0.368458         123.831         103.348         122.064 
        0.38068         116.654         97.1165         115.639 
       0.392856         108.817         91.4268         110.072 
       0.405069         103.263         85.8634         104.237 
       0.417459         97.4944         80.4772         98.6662 
       0.429752         93.5651         75.6419         93.9369 
       0.441978         89.3737         71.3978         90.2356 
       0.454294         83.1262         67.5439         85.4611 
        0.46658         82.9525         63.9279         81.8851 
       0.478753         77.2233         60.5166         78.5146 
       0.490964         74.7911         57.3122         75.3622 
       0.503334         71.6568         54.3549         72.1449 
       0.515665         68.6289          51.658         69.9456 
       0.527909         65.8669         49.1682         66.3445 
       0.540159         63.4308         46.8126         64.0767 
        0.55248         59.7664         44.5776         61.5519 
       0.564743         58.7334         42.5082         59.6099 
        0.57686         56.8928         40.6062         57.4966 
       0.589077         53.8439         38.8107         55.7711 
       0.601441         52.2615         37.1035         53.9179 
        0.61382         50.6494         35.4938         51.9292 
       0.626067         48.5636         33.9917         50.4796 
       0.638306         47.1004         32.5772         48.7815 
       0.650632         45.6248          31.237         47.1611 
       0.662899          44.323         29.9811         45.7049 
       0.675076         42.4292         28.8041         44.3847 
       0.687267         41.8904         27.6889         43.0788 
       0.699615         40.3855         26.6187         42.0536 
       0.711937         38.6209         25.6071         40.6273 
       0.724148         38.4416         24.6566         39.8152 
       0.736433         36.2862         23.7496         38.6178 
       0.748747         35.8084          22.887         37.5986 
       0.761037         34.8194         22.0692          36.706 
       0.773197          33.922         21.2999          35.891 
       0.785376         32.6538         20.5664         34.9636 
       0.797761         32.1735         19.8561         34.1859 
       0.810096         31.4216         19.1821         33.3411 
       0.822371         30.6296         18.5427         32.4736 
       0.834626         29.7349         17.9336         31.8876 
       0.846916         28.9622         17.3505         31.1119 
       0.859215         28.0066          16.793         30.4199 
       0.871383         27.6001         16.2658         29.8425 
        0.88363         26.9017         15.7581         29.2476 
       0.895928          26.314         15.2703         28.5311 
       0.908253           25.76         14.8024         28.0531 
       0.920535          25.184         14.3557         27.4432 
       0.932774           24.77         13.9291         26.8691 
        0.94508         24.1535         13.5177         26.3314 
       0.957324         23.6804         13.1251         25.8612 
        0.96953         23.0486         12.7493         25.3334 
       0.981769         22.7381         12.3874          24.928 
       0.994071         22.1506         12.0379         24.4334 
         1.0064         21.6274         11.7013         24.0141 
        1.01868          21.189         11.3786         23.6136 
        1.03092         21.0111         11.0696         23.1666 
         1.0432           20.36          10.771         22.7194 
        1.05553         20.0124         10.4823         22.4677 
        1.06777         19.4566         10.2064         21.9753 
           1.08          19.085         9.94064         21.6355 
        1.09227         18.7835         9.68357         21.3361 
         1.1046         18.5083         9.43466         20.9334 
         1.1169         18.1182         9.19498         20.6026 
        1.12915         17.9729         8.96485          20.317 
        1.14142         17.3587         8.74214         19.9749 
        1.15365         17.2327         8.52769          19.677 
        1.16585         17.0189         8.32103         19.4177 
        1.17807         16.5529         8.12099          19.052 
        1.19037         16.3815         7.92624          18.857 
        1.20276         16.0993         7.73657         18.5478 
        1.21504         15.8238         7.55464         18.3199 
        1.22728         15.4657         7.37932         18.0342 
        1.23954         15.2625         7.20917         17.7811 
        1.25184         14.9831         7.04409         17.5506 
        1.26414         14.7824         6.88411         17.2821 
        1.27632         14.5144         6.73055         17.0496 
         1.2886         14.3593         6.58061         16.8433 
        1.30093         14.0274         6.43473         16.6724 
        1.31316         13.8547         6.29433         16.4069 
        1.32541         13.6623         6.15812         16.2465 
        1.33772         13.4083         6.02519         16.0156 
        1.35005         13.2485         5.89611         15.8352 
        1.36225         13.0404         5.77213         15.6177 
        1.37447         12.7996         5.65149         15.4289 
        1.38676         12.6249         5.53375         15.2598 
        1.39907         12.4178         5.41918         15.0696 
        1.41133         12.2453         5.30836         14.8958 
        1.42358          12.058         5.20075         14.7045 
        1.43591         11.9014         5.09539         14.5731 
        1.44818          11.695         4.99353         14.4067 
        1.46037         11.6132         4.89507         14.2139 
        1.47263         11.3957         4.79873         14.0923 
        1.48494         11.3072         4.70461          13.894 
        1.49724         11.0969          4.6131         13.7773 
        1.50952         11.0037         4.52422          13.633 
        1.52178         10.8198         4.43781         13.4673 
        1.53409          10.618         4.35331         13.3258 
        1.54637         10.5759          4.2712         13.1586 
        1.55858         10.4363         4.19167         13.0434 
        1.57081         10.2107         4.11405         12.9242 
        1.58313         10.1483         4.03793         12.7901 
        1.59544         9.95922         3.96377         12.6703 
        1.60767         9.85969         3.89196         12.5285 
        1.61994         9.69768         3.82167         12.4197 
        1.63225         9.61829         3.75298         12.3045 
        1.64452         9.48867         3.68618         12.1899 
        1.65676         9.35712         3.62121         12.0618 
          1.669         9.28658         3.55775         11.9396 
        1.68133         9.09678         3.49542         11.8247 
        1.69363         8.99551         3.43477         11.7125 
        1.70585         8.88733         3.37594         11.6205 
        1.71809         8.79003         3.31838         11.5111 
        1.73038         8.70935         3.26198         11.4163 
        1.74268         8.59959         3.20685         11.3071 
        1.75493         8.45865         3.15326         11.1883 
        1.76714         8.45329         3.10102         11.1078 
        1.77942         8.33074         3.04971         10.9916 
        1.79173         8.18511         2.99943         10.9058 
        1.80402          8.1404         2.95038         10.8139 
         1.8163         8.03495         2.90246         10.7276 
         1.8286         7.90865         2.85553         10.6365 
         1.8409         7.83546         2.80967         10.5519 
        1.85315         7.74385         2.76498         10.4514 
        1.86537         7.68369         2.72134         10.3704 
        1.87765         7.60319         2.67849         10.2844 
        1.88995         7.46204         2.63646          10.206 
        1.90221         7.43452         2.59547         10.1061 
        1.91445         7.33288         2.55543         10.0476 
        1.92674         7.25541         2.51609          9.9514 
        1.93902         7.20204         2.47758          9.8857 
        1.95124         7.10473         2.44008         9.79298 
         1.9635         7.03944         2.40327         9.72729 
        1.97583         6.98215         2.36698         9.64031 
        1.98812         6.90954         2.33157         9.55446 
        2.00039         6.82964         2.29696          9.5041 
        2.01264         6.76899         2.26309         9.43153 
        2.02492         6.70828         2.22986         9.35099 
        2.03717         6.61987         2.19734         9.28308 
        2.04942         6.53397         2.16552          9.2201 
        2.06171         6.51169         2.13422         9.15228 
        2.07397         6.43132          2.1036         9.08546 
        2.08629         6.36606         2.07346         9.02283 
        2.09857           6.302         2.04399         8.95252 
        2.11081         6.25795          2.0152         8.90053 
        2.12309         6.17848         1.98691         8.81717 
        2.13538         6.12725         1.95911         8.76673 
        2.14763         6.05716         1.93194         8.70445 
        2.15986          6.0224         1.90535         8.64428 
        2.17214         5.96585         1.87915         8.57305 
        2.18443         5.90159         1.85342         8.52186 
        2.19671         5.85561         1.82821         8.46518 
        2.20898         5.78197         1.80349         8.40796 
        2.22126         5.73754          1.7792         8.34614 
        2.23354         5.69617         1.75537         8.28391 
         2.2458         5.63262         1.73202          8.2316 
        2.25807         5.59382         1.70907         8.17726 
        2.27035         5.54315         1.68651         8.12633 
        2.28263         5.50177         1.66438         8.06965 
         2.2949         5.44663         1.64265         8.02225 
        2.30718         5.40036         1.62131         7.98028 
        2.31946         5.36697         1.60033         7.92539 
        2.33169         5.30998         1.57982         7.87026 
        2.34393         5.28359         1.55963         7.81855 
        2.35622         5.24261         1.53973         7.76853 
        2.36847         5.19614         1.52024         7.71919 
        2.38076         5.15548         1.50102         7.67076 
        2.39305         5.09549         1.48215         7.61525 
        2.40534         5.06849         1.46359         7.56757 
        2.41762         5.01665         1.44536         7.53076 
        2.42989         4.99766         1.42746         7.48684 
        2.44216         4.96494         1.40987         7.43743 
         2.4544         4.90822         1.39262         7.38917 
        2.46667         4.89706         1.37561         7.34543 
        2.47897         4.84997         1.35885         7.29657 
        2.49124          4.8018         1.34241         7.25296 
        2.50349          4.7829         1.32627          7.2187 
        2.51578          4.7268         1.31035         7.17493 
        2.52805         4.70702         1.29472         7.13135 
        2.54029         4.67072         1.27938         7.08981 
        2.55257         4.66079         1.26424           7.051 
        2.56487         4.61214         1.24932         7.00166 
        2.57716         4.58616         1.23466          6.9641 
        2.58942         4.55278         1.22027         6.92463 
        2.60167         4.52577         1.20612         6.88254 
        2.61395         4.47679         1.19218         6.84607 
        2.62624         4.48172         1.17843         6.80864 
        2.63849         4.45132         1.16495         6.76711 
        2.65073         4.41402         1.15169         6.72574 
        2.66302         4.39767         1.13859         6.68762 
         2.6753         4.36276         1.12571         6.65134 
        2.68756         4.33744         1.11305         6.61876 
        2.69983          4.3179         1.10057          6.5762 
        2.71213         4.29118         1.08826         6.53979 
        2.72441         4.26704         1.07616         6.50563 
        2.73665         4.25142         1.06428           6.467 
         2.7489         4.22352         1.05257         6.43508 
        2.76118         4.19583         1.04101         6.40732 
        2.77349         4.18813          1.0296          6.3651 
        2.78576          4.1682          1.0184         6.33107 
        2.79802         4.15205         1.00738         6.29931 
        2.81031         4.12517        0.996488         6.26688 
        2.82259         4.11047        0.985766         6.23336 
        2.83483         4.10456        0.975241         6.19952 
         2.8471          4.0845         0.96485         6.16792 
         2.8594          4.0728        0.954578         6.13703 
         2.8717          4.0452         0.94446         6.10053 
        2.88396         4.04178        0.934526         6.06911 
        2.89619         4.00918        0.924753         6.04155 
        2.90847         4.00741        0.915083         6.00526 
        2.92072         4.00873        0.905567         5.97504 
        2.93299         4.00285        0.896182         5.94647 
        2.94526         3.99314        0.886921          5.9143 
        2.95753         3.97619        0.877795         5.88355 
        2.96982         3.95347        0.868781         5.85504 
        2.98209         3.95587        0.859912         5.82368 
        2.99436         3.94899        0.851159         5.79431 
        3.00666          3.9579        0.842513          5.7672 
        3.01894           3.946        0.834005         5.73302 
        3.03119          3.9473        0.825626         5.70621 
        3.04345         3.93621        0.817361         5.67984 
        3.05573         3.93859        0.809193         5.64898 
          3.068         3.92576        0.801145          5.6241 
        3.08026         3.94302        0.793215         5.59735 
        3.09254         3.94374        0.785378         5.56821 
        3.10483         3.94655        0.777645         5.54262 
         3.1171         3.95243        0.770027         5.51711 
        3.12933         3.96279        0.762531         5.48713 
        3.14159         3.95499         0.75512         5.45886 
