# k  (h/Mpc)    Pcb(k)  (Mpc/h)^3    Pcb_linear(k) (Mpc/h)^3    Pcb_NL(k) (Mpc/h)^3   ShotnoiseSubtracted = false
      0.0156606         15669.7         15733.1           15624 
      0.0273761         13476.1         13604.3         13490.6 
      0.0384619         10211.8         10249.8         10154.8 
      0.0498308         7913.66         8062.29         7968.81 
      0.0625568         6682.85         6852.03         6766.89 
      0.0751274         5921.73         5821.58         5700.04 
      0.0867833         4606.97         4687.03         4651.69 
      0.0984825         3855.75         3709.19         3747.99 
       0.111151         3279.77         3097.11         3141.68 
       0.123864         2942.14         2791.13         2827.81 
       0.135742          2670.6         2509.92         2547.22 
        0.14762         2311.03         2146.11         2244.34 
       0.160083         1942.49          1788.9         1906.99 
       0.172465         1732.41         1561.37         1710.61 
       0.184281         1583.43          1439.4         1591.51 
       0.196406          1472.5         1329.28         1461.38 
       0.209011         1365.94         1182.72          1321.3 
       0.221538         1232.37         1033.59          1222.8 
       0.233611         1163.77         924.792         1137.66 
       0.245665         1064.25         853.547         1047.96 
       0.258103         1030.41         794.579          987.35 
       0.270422         926.337         730.126         923.565 
       0.282519         863.703          662.63         866.836 
       0.294636         855.028          603.73         817.148 
       0.306978         770.121         558.551         779.621 
       0.319417         746.981         522.213         734.008 
        0.33169          703.97          487.43         692.455 
       0.343948         671.604         451.632         668.308 
       0.356249         632.083          418.06         641.125 
       0.368458         612.648         389.941         608.203 
        0.38068         593.179         366.425         582.699 
       0.392856         559.665         344.959         560.113 
       0.405069           535.5         323.969         542.713 
       0.417459         513.779         303.645         518.119 
       0.429752         501.629         285.401         499.468 
       0.441978         485.047         269.389         485.316 
       0.454294         459.385         254.848          464.32 
        0.46658         450.422         241.205         453.189 
       0.478753         437.015         228.334         438.094 
       0.490964         421.099         216.244         423.744 
       0.503334         398.525         205.085         412.684 
       0.515665         397.276         194.909          403.71 
       0.527909         382.944         185.516         392.475 
       0.540159         373.312         176.629         381.465 
        0.55248         366.042         168.196         371.021 
       0.564743         360.737         160.387         364.063 
        0.57686         346.788         153.211         353.504 
       0.589077         335.111         146.436         345.693 
       0.601441         331.479         139.995         337.891 
        0.61382         325.464         133.921         331.333 
       0.626067         320.047         128.254         324.112 
       0.638306         306.132         122.917         317.929 
       0.650632          301.01          117.86         308.767 
       0.662899         298.758         113.122         304.844 
       0.675076         287.288         108.681         299.015 
       0.687267         280.186         104.473         292.101 
       0.699615         276.005         100.435         287.048 
       0.711937         271.565         96.6181         281.881 
       0.724148         263.516         93.0318         277.636 
       0.736433         257.853         89.6098         271.955 
       0.748747         253.621         86.3549         266.777 
       0.761037         249.158         83.2694         262.491 
       0.773197         245.775         80.3667         259.001 
       0.785376         242.374          77.599         254.266 
       0.797761         236.554         74.9189          250.55 
       0.810096         233.579          72.376         246.881 
       0.822371         224.781         69.9635         242.785 
       0.834626         224.187         67.6654         239.125 
       0.846916         219.615          65.465         235.639 
       0.859215         219.422         63.3618          232.21 
       0.871383         213.551         61.3724         228.598 
        0.88363          211.83          59.457         226.222 
       0.895928         206.949         57.6165         222.699 
       0.908253         201.311         55.8508         218.995 
       0.920535          200.64         54.1655         216.049 
       0.932774         194.099         52.5558         213.035 
        0.94508         192.364         51.0038         210.798 
       0.957324          191.93         49.5224         207.629 
        0.96953         189.327         48.1046         204.612 
       0.981769         183.463          46.739         202.732 
       0.994071         182.638         45.4202         200.069 
         1.0064         178.445         44.1502         197.028 
        1.01868         176.068         42.9327         194.805 
        1.03092         173.006         41.7668         192.722 
         1.0432         169.653         40.6402          190.32 
        1.05553         167.051         39.5509         188.027 
        1.06777         166.889         38.5097         186.124 
           1.08         162.792         37.5071         183.697 
        1.09227         160.906         36.5371         181.813 
         1.1046           158.4          35.598         179.782 
         1.1169         156.016         34.6936          177.33 
        1.12915         153.639         33.8253         175.644 
        1.14142         151.214          32.985         173.351 
        1.15365         149.255         32.1759         171.532 
        1.16585          147.18         31.3961         169.296 
        1.17807         145.153         30.6413         168.075 
        1.19037         144.225         29.9065          166.33 
        1.20276         141.547         29.1909         164.287 
        1.21504         139.467         28.5044         162.521 
        1.22728         136.747         27.8429         160.512 
        1.23954         136.126          27.201         159.258 
        1.25184         133.451         26.5781         157.449 
        1.26414         131.516         25.9745         155.796 
        1.27632         131.003         25.3951         154.941 
         1.2886         128.664         24.8293         152.736 
        1.30093         125.262         24.2789         151.105 
        1.31316         124.788         23.7492         149.473 
        1.32541         122.989         23.2352         148.354 
        1.33772         121.794         22.7337         146.747 
        1.35005         120.147         22.2466         145.112 
        1.36225         118.697         21.7788          143.82 
        1.37447         116.547         21.3237          142.21 
        1.38676           115.6         20.8794         140.781 
        1.39907         113.138         20.4471         139.491 
        1.41133         111.656          20.029         138.339 
        1.42358         110.089          19.623         137.003 
        1.43591         109.264         19.2254         135.462 
        1.44818         108.214         18.8411          134.35 
        1.46037         106.097         18.4696         132.981 
        1.47263         104.914         18.1061         131.981 
        1.48494         103.685          17.751         130.515 
        1.49724         102.145         17.4057         129.209 
        1.50952         100.374         17.0704         128.076 
        1.52178         99.7301         16.7443         126.858 
        1.53409         98.2991         16.4255         125.772 
        1.54637         96.6459         16.1157         124.652 
        1.55858         95.3266         15.8156         123.426 
        1.57081         93.9933         15.5228         122.363 
        1.58313         92.9372         15.2355         121.215 
        1.59544         91.9302         14.9557          120.15 
        1.60767         90.5597         14.6848         118.993 
        1.61994         89.2349         14.4196         118.218 
        1.63225         87.9956         14.1604         116.782 
        1.64452         86.6742         13.9083          115.82 
        1.65676         85.5268         13.6632         114.864 
          1.669         84.9361         13.4238         113.938 
        1.68133         83.6536         13.1886         112.855 
        1.69363         82.7152         12.9598         111.939 
        1.70585         81.4763         12.7378         110.899 
        1.71809          80.259         12.5206         109.974 
        1.73038           79.52         12.3078         108.962 
        1.74268         78.2391         12.0998         108.034 
        1.75493         77.5194         11.8976         107.061 
        1.76714         76.2342         11.7005         106.192 
        1.77942         75.6476         11.5069         105.214 
        1.79173         74.3527         11.3172         104.363 
        1.80402         73.6494         11.1321         103.539 
         1.8163          72.595         10.9513         102.487 
         1.8286         71.5625         10.7742         101.727 
         1.8409         70.7542         10.6012         100.844 
        1.85315         69.6513         10.4325         100.076 
        1.86537         68.9394         10.2679         99.1992 
        1.87765         68.2274         10.1062         98.2623 
        1.88995         67.1728         9.94763         97.5499 
        1.90221         66.3696         9.79299         96.7075 
        1.91445         65.1467          9.6419         95.9123 
        1.92674         64.5324         9.49348         95.1407 
        1.93902         63.7157         9.34818         94.2847 
        1.95124         63.2485         9.20669         93.6236 
         1.9635         62.1216         9.06777         92.6872 
        1.97583         61.4702         8.93085         92.0777 
        1.98812         60.7341         8.79727         91.2614 
        2.00039         59.7406         8.66669         90.5218 
        2.01264         59.2262         8.53889         89.7639 
        2.02492         58.3539         8.41348         89.0629 
        2.03717          57.527          8.2908         88.2722 
        2.04942         56.9554         8.17072         87.6613 
        2.06171          56.032         8.05262         86.8978 
        2.07397         55.4416         7.93711          86.259 
        2.08629         54.9245         7.82339         85.5052 
        2.09857         54.1797         7.71217         84.8522 
        2.11081          53.068         7.60357         84.0995 
        2.12309         52.8069          7.4968         83.5163 
        2.13538         52.0287         7.39193          82.826 
        2.14763         51.4592         7.28942         82.1786 
        2.15986         50.5569         7.18909         81.5166 
        2.17214         50.0465         7.09024          80.893 
        2.18443         49.6062         6.99316         80.2961 
        2.19671         48.7052         6.89801         79.6119 
        2.20898         48.4778         6.80475         78.9964 
        2.22126         47.7164         6.71311         78.3469 
        2.23354         47.0758         6.62319         77.7856 
         2.2458         46.5819         6.53508         77.2103 
        2.25807         46.1314         6.44849         76.5518 
        2.27035         45.5171         6.36339         75.9643 
        2.28263         44.8007         6.27988         75.3634 
         2.2949         44.3758          6.1979         74.8012 
        2.30718         43.7631         6.11736         74.2571 
        2.31946          43.177         6.03822         73.7102 
        2.33169         42.6822         5.96082         73.1318 
        2.34393         41.9799         5.88465         72.5756 
        2.35622         41.7471         5.80958         72.0156 
        2.36847         41.2145         5.73602         71.5065 
        2.38076         40.7452         5.66352          70.933 
        2.39305          40.212         5.59229         70.4241 
        2.40534         39.8255         5.52228         69.8436 
        2.41762         39.4142         5.45348         69.2994 
        2.42989           38.77         5.38596         68.8443 
        2.44216         38.5094         5.31959         68.3108 
         2.4544         38.0588         5.25449            67.8 
        2.46667         37.6036         5.19032         67.2637 
        2.47897         37.1699         5.12708         66.7876 
        2.49124         36.6739         5.06506         66.3019 
        2.50349         36.1784         5.00417          65.803 
        2.51578         35.7875         4.94409         65.3616 
        2.52805         35.6776          4.8851         64.8583 
        2.54029         35.1349         4.82722         64.3671 
        2.55257         34.6334         4.77011         63.9177 
        2.56487         34.3558         4.71381         63.4733 
        2.57716         33.9403          4.6585         63.0383 
        2.58942         33.5436          4.6042         62.5547 
        2.60167         33.0694         4.55082          62.087 
        2.61395         32.8263         4.49821         61.6531 
        2.62624         32.5666         4.44635         61.2039 
        2.63849         32.2439         4.39548         60.7792 
        2.65073         31.8954         4.34545         60.3133 
        2.66302         31.5493         4.29603         59.8949 
         2.6753         31.1616         4.24741          59.478 
        2.68756         30.7292         4.19964         59.0292 
        2.69983         30.5278         4.15257         58.6429 
        2.71213         30.2307         4.10612         58.2474 
        2.72441         30.0234         4.06047         57.8144 
        2.73665         29.7233         4.01562         57.4019 
         2.7489         29.5077         3.97147          57.007 
        2.76118         29.0958         3.92785         56.6115 
        2.77349         28.9506         3.88478          56.225 
        2.78576         28.7485         3.84253         55.8144 
        2.79802         28.3583         3.80093         55.4476 
        2.81031          28.114         3.75985         55.0697 
        2.82259         27.8938         3.71939         54.6674 
        2.83483         27.6195         3.67968         54.2931 
         2.8471         27.3035         3.64047         53.9311 
         2.8594         27.1764         3.60172         53.5755 
         2.8717         26.8738         3.56354         53.2024 
        2.88396         26.7021         3.52606         52.8169 
        2.89619         26.4651         3.48918         52.4587 
        2.90847         26.2854          3.4527         52.1171 
        2.92072         26.1419         3.41679         51.7545 
        2.93299         26.0007         3.38138         51.3973 
        2.94526         25.7257         3.34644         51.0705 
        2.95753         25.5884         3.31201         50.7376 
        2.96982         25.5352           3.278         50.3928 
        2.98209         25.2894         3.24453         50.0603 
        2.99436         25.0729         3.21151         49.7151 
        3.00666         25.0665         3.17889         49.3884 
        3.01894         24.8632         3.14678         49.0402 
        3.03119         24.7449         3.11517         48.7221 
        3.04345         24.6391         3.08398          48.421 
        3.05573         24.5799         3.05316         48.1031 
          3.068         24.4626          3.0228         47.7835 
        3.08026         24.3168         2.99288         47.4651 
        3.09254          24.249         2.96331         47.1583 
        3.10483          24.246         2.93413          46.857 
         3.1171         24.1892         2.90539         46.5522 
        3.12933         24.1336          2.8771         46.2477 
        3.14159         24.0038         2.84914         45.9454 
