# k  (h/Mpc)    P(k)  (Mpc/h)^3    P_linear(k)  (Mpc/h)^3     P_NL(k)  ShotnoiseSubtracted = false
      0.0156606         12527.8         12665.9         12584.3 
      0.0273761           10778         10935.4         10858.6 
      0.0384619         8168.15         8232.49         8171.89 
      0.0498308         6340.02         6472.48         6414.13 
      0.0625568         5350.61         5499.08         5444.89 
      0.0751274         4723.44         4671.13         4592.68 
      0.0867833         3685.05          3760.3         3738.86 
      0.0984825         3065.91         2975.53         3003.56 
       0.111151         2599.15         2484.33         2515.22 
       0.123864         2332.83         2238.76         2264.47 
       0.135742         2112.55         2013.13         2039.44 
        0.14762          1820.7         1721.27         1789.17 
       0.160083         1522.83         1434.74         1515.01 
       0.172465         1357.06         1252.23         1352.99 
       0.184281         1246.07         1154.39         1258.23 
       0.196406         1150.56         1066.06         1153.97 
       0.209011         1061.61         948.507         1041.82 
       0.221538         957.367         828.897          957.79 
       0.233611         895.181         741.641         886.551 
       0.245665         824.707         684.502         815.877 
       0.258103         785.411         637.209          767.63 
       0.270422         712.301         585.517         715.983 
       0.282519           658.7         531.387         668.588 
       0.294636         652.699          484.15          628.01 
       0.306978         583.458         447.919         597.225 
       0.319417         563.058         418.777         561.839 
        0.33169         530.169         390.882         529.085 
       0.343948         505.226         362.173         508.417 
       0.356249         473.818         335.251         486.401 
       0.368458         459.689           312.7         459.687 
        0.38068         441.385         293.844         439.307 
       0.392856          414.64         276.629         421.439 
       0.405069         397.989         259.795         407.454 
       0.417459         380.837         243.498         387.052 
       0.429752         368.915         228.868         372.739 
       0.441978          356.91         216.026         361.477 
       0.454294         335.664         204.366         345.132 
        0.46658         332.262         193.425         335.868 
       0.478753          319.27         183.103         324.167 
       0.490964         308.321         173.407          312.96 
       0.503334         290.944          164.46         304.117 
       0.515665         288.555         156.299         297.235 
       0.527909         279.294         148.766         287.565 
       0.540159          271.73         141.639         279.335 
        0.55248         266.378         134.876         271.167 
       0.564743         260.313         128.615         265.492 
        0.57686         250.766          122.86         257.334 
       0.589077         241.065         117.428         251.757 
       0.601441         237.866         112.262         245.728 
        0.61382         235.047         107.392         240.082 
       0.626067         229.543         102.847         234.493 
       0.638306         218.992         98.5671         229.861 
       0.650632         213.793         94.5122         222.723 
       0.662899           213.2         90.7123         219.206 
       0.675076         205.317         87.1512         214.448 
       0.687267         200.096         83.7768         209.714 
       0.699615         196.447         80.5389         205.653 
       0.711937         192.172          77.478         201.678 
       0.724148         188.093         74.6021          198.68 
       0.736433         183.835          71.858         194.244 
       0.748747         179.973         69.2478         190.351 
       0.761037         177.264         66.7736         186.686 
       0.773197         173.864         64.4459         184.482 
       0.785376         171.914         62.2265         180.505 
       0.797761         168.057         60.0773         178.178 
       0.810096         164.698         58.0381         174.955 
       0.822371         159.038         56.1035         172.031 
       0.834626         157.611         54.2607         169.151 
       0.846916         155.555         52.4962         166.655 
       0.859215         154.057         50.8096         164.024 
       0.871383           150.6         49.2143         161.292 
        0.88363         148.241         47.6784         159.481 
       0.895928         145.195         46.2025          157.18 
       0.908253         141.282         44.7866         154.331 
       0.920535         140.716         43.4351         152.351 
       0.932774         136.326         42.1443         149.914 
        0.94508         135.321         40.8998          148.15 
       0.957324          134.24         39.7118         145.964 
        0.96953         133.155         38.5749         143.646 
       0.981769         128.985         37.4798          142.36 
       0.994071         128.286         36.4222         140.372 
         1.0064         125.149         35.4039         138.271 
        1.01868         123.864         34.4276          136.74 
        1.03092         121.811         33.4926          135.11 
         1.0432         119.651         32.5892         133.352 
        1.05553         117.123         31.7157         131.964 
        1.06777         116.911         30.8807         130.513 
           1.08         114.502         30.0768         128.762 
        1.09227         113.098         29.2989         127.377 
         1.1046         111.135         28.5458         125.799 
         1.1169         109.837         27.8207         124.102 
        1.12915         108.142         27.1244         122.806 
        1.14142         106.475         26.4505          121.25 
        1.15365         104.605         25.8017         119.929 
        1.16585         103.313         25.1764         118.464 
        1.17807         101.685         24.5711         117.519 
        1.19037         101.451         23.9819         116.269 
        1.20276         99.2132          23.408         114.868 
        1.21504         98.4266         22.8576         113.552 
        1.22728         96.3374         22.3271         112.347 
        1.23954         95.6452         21.8123         111.167 
        1.25184         93.6463         21.3128         110.047 
        1.26414         92.5589         20.8288         108.937 
        1.27632         91.7177         20.3642         108.282 
         1.2886         90.1149         19.9105         106.682 
        1.30093         88.6523         19.4691          105.52 
        1.31316         87.9648         19.0443         104.629 
        1.32541          86.954         18.6322         103.692 
        1.33772          85.724           18.23         102.612 
        1.35005         84.8818         17.8394          101.55 
        1.36225         83.6634         17.4643          100.59 
        1.37447         81.8833         17.0993           99.51 
        1.38676         81.8281         16.7431         98.4211 
        1.39907          80.116         16.3964         97.6925 
        1.41133          78.839         16.0611          96.923 
        1.42358         77.9975         15.7355         95.7887 
        1.43591         77.4368         15.4168         94.8625 
        1.44818         76.3879         15.1086         93.9883 
        1.46037         75.2973         14.8107         93.1912 
        1.47263         74.0891         14.5192         92.4483 
        1.48494         73.5268         14.2344         91.5133 
        1.49724         72.2611         13.9575         90.5506 
        1.50952         71.5599         13.6886         89.7237 
        1.52178         70.6771         13.4272         89.0076 
        1.53409         70.1129         13.1715         88.2321 
        1.54637         68.3872         12.9231         87.3803 
        1.55858         67.7942         12.6824         86.5601 
        1.57081         67.1288         12.4476          85.883 
        1.58313         66.0775         12.2173          85.153 
        1.59544         65.3173         11.9929         84.3322 
        1.60767         64.6294         11.7756         83.6139 
        1.61994         63.7227          11.563         83.0414 
        1.63225         62.8009         11.3551         82.0872 
        1.64452         62.1255          11.153         81.5007 
        1.65676         61.1884         10.9564         80.7416 
          1.669         60.7829         10.7644         80.1026 
        1.68133         60.1314         10.5759          79.373 
        1.69363         59.1017         10.3923         78.8061 
        1.70585         58.7095         10.2144         78.0881 
        1.71809          57.462         10.0402         77.5276 
        1.73038         56.9452         9.86953         76.7876 
        1.74268         56.1977         9.70275         76.1801 
        1.75493         55.6236         9.54058         75.5125 
        1.76714         54.9149         9.38255         74.8666 
        1.77942         54.6028         9.22729          74.274 
        1.79173         53.6321         9.07515         73.5928 
        1.80402          53.108         8.92676         73.0877 
         1.8163         52.4436         8.78178         72.3925 
         1.8286         51.6586         8.63977         71.9493 
         1.8409         50.9669         8.50102         71.2547 
        1.85315         50.3824         8.36579          70.822 
        1.86537         49.8429         8.23377         70.1937 
        1.87765         49.3018         8.10411         69.5258 
        1.88995         48.6802         7.97693         69.0025 
        1.90221         48.2846         7.85293         68.4464 
        1.91445         47.5256         7.73178         67.9695 
        1.92674          47.045         7.61276         67.3921 
        1.93902         46.4883         7.49624         66.8223 
        1.95124         46.1013         7.38278         66.4024 
         1.9635         45.2631         7.27138         65.7904 
        1.97583         44.8473         7.16158         65.3615 
        1.98812          44.151         7.05447          64.787 
        2.00039         43.8813         6.94976         64.2728 
        2.01264         43.1395         6.84727         63.8133 
        2.02492         42.7623         6.74671         63.3345 
        2.03717         42.1456         6.64833         62.7859 
        2.04942         41.6439         6.55205         62.3509 
        2.06171         41.2254         6.45734         61.7989 
        2.07397         40.6259         6.36472         61.3969 
        2.08629         40.2057         6.27352         60.8755 
        2.09857         39.8848         6.18434         60.4724 
        2.11081         39.2293         6.09725         59.9571 
        2.12309         38.8618         6.01163         59.5089 
        2.13538         38.3942         5.92754         59.0929 
        2.14763         38.0491         5.84533         58.6427 
        2.15986         37.8273         5.76488         58.1767 
        2.17214         37.0824         5.68561         57.8256 
        2.18443         36.8877         5.60776          57.312 
        2.19671         36.2456         5.53146         56.8722 
        2.20898         35.8112         5.45668         56.4416 
        2.22126         35.5453         5.38319         56.0177 
        2.23354          35.084         5.31109         55.6644 
         2.2458         34.7993         5.24043         55.2315 
        2.25807          34.208         5.17099         54.7944 
        2.27035         33.8703         5.10276         54.4081 
        2.28263         33.4554         5.03579         54.0175 
         2.2949         33.0982         4.97005         53.6314 
        2.30718         32.7981         4.90547         53.2361 
        2.31946         32.3912           4.842         52.8587 
        2.33169         32.1065         4.77994         52.4502 
        2.34393         31.6314         4.71886         52.0485 
        2.35622         31.2942         4.65866         51.7149 
        2.36847         30.9326         4.59967         51.3024 
        2.38076         30.7245         4.54153           50.98 
        2.39305         30.3459         4.48442         50.6165 
        2.40534         30.0407         4.42828         50.1818 
        2.41762         29.6528         4.37311         49.8423 
        2.42989         29.3406         4.31896          49.514 
        2.44216         29.0579         4.26574         49.1539 
         2.4544         28.7607         4.21353         48.8222 
        2.46667         28.2992         4.16208         48.4459 
        2.47897         28.1172         4.11137         48.1278 
        2.49124         27.8418         4.06164         47.7708 
        2.50349         27.4895         4.01281         47.4716 
        2.51578          27.131         3.96463         47.1412 
        2.52805         26.9254         3.91733         46.7849 
        2.54029         26.7498         3.87091          46.469 
        2.55257          26.414         3.82512         46.1495 
        2.56487         26.1998         3.77997         45.8271 
        2.57716         25.9061         3.73562         45.5125 
        2.58942          25.604         3.69208         45.2117 
        2.60167         25.3228         3.64927         44.8654 
        2.61395         25.1029         3.60708         44.5673 
        2.62624         24.8509          3.5655         44.2763 
        2.63849         24.6688          3.5247         43.9669 
        2.65073         24.3949         3.48459         43.6451 
        2.66302         24.0691         3.44496         43.3755 
         2.6753         23.8946         3.40597         43.0782 
        2.68756          23.671         3.36766         42.7965 
        2.69983         23.5024         3.32991         42.4924 
        2.71213         23.2612         3.29267         42.2153 
        2.72441         23.0933         3.25606         41.9086 
        2.73665         22.8276          3.2201         41.6313 
         2.7489         22.6421         3.18469         41.3583 
        2.76118         22.4763         3.14972         41.0529 
        2.77349         22.3266         3.11518         40.8063 
        2.78576         22.1438          3.0813         40.5338 
        2.79802         21.8356         3.04794         40.2598 
        2.81031         21.7405           3.015          40.012 
        2.82259         21.6052         2.98255         39.7334 
        2.83483         21.3653         2.95071          39.459 
         2.8471         21.3004         2.91927         39.1971 
         2.8594         21.0725         2.88819         38.9534 
         2.8717         20.8734         2.85758         38.6876 
        2.88396         20.7252         2.82752         38.4225 
        2.89619         20.6675         2.79795         38.1787 
        2.90847         20.4969         2.76869         37.9237 
        2.92072         20.3221          2.7399         37.6971 
        2.93299         20.2667         2.71151         37.4481 
        2.94526         20.1403         2.68349         37.2026 
        2.95753         19.9981         2.65587         36.9671 
        2.96982         19.9577          2.6286         36.7292 
        2.98209         19.7762         2.60177         36.4969 
        2.99436         19.7596         2.57528         36.2638 
        3.00666         19.6006         2.54913         36.0248 
        3.01894         19.5482         2.52338         35.7817 
        3.03119         19.3951         2.49803         35.5481 
        3.04345         19.3706         2.47303         35.3316 
        3.05573         19.2909         2.44831         35.1122 
          3.068         19.2559         2.42396          34.874 
        3.08026         19.2408         2.39997         34.6548 
        3.09254         19.1302         2.37626         34.4466 
        3.10483         19.0954         2.35286          34.234 
         3.1171         19.0655         2.32981         34.0173 
        3.12933         19.0228         2.30713         33.8011 
        3.14159          18.987         2.28471         33.5839 
