# k  (h/Mpc)    Pcb(k)  (Mpc/h)^3    Pcb_linear(k) (Mpc/h)^3    Pcb_NL(k) (Mpc/h)^3   ShotnoiseSubtracted = false
      0.0156606         13786.4         13835.7         13744.3 
      0.0273761           11870         11964.3           11875 
      0.0384619         8999.88         9014.41         8942.28 
      0.0498308         6982.78         7090.69         7020.62 
      0.0625568          5895.5         6026.34         5961.74 
      0.0751274         5213.06          5120.1         5027.06 
      0.0867833          4062.5         4122.27         4096.23 
      0.0984825         3387.94         3262.27         3294.19 
       0.111151         2875.98         2723.95          2759.6 
       0.123864         2580.69         2454.83          2484.4 
       0.135742         2339.13         2207.51         2237.71 
        0.14762         2019.24         1887.53         1966.12 
       0.160083         1691.82         1573.37         1666.81 
       0.172465         1508.22         1373.25         1490.84 
       0.184281         1382.33         1265.97         1386.69 
       0.196406         1279.72         1169.12         1272.23 
       0.209011         1183.21         1040.22         1149.19 
       0.221538         1067.31         909.057         1059.03 
       0.233611         1001.88          813.37         982.045 
       0.245665         920.172          750.71          904.01 
       0.258103         882.224         698.847         850.969 
       0.270422         796.967         642.159         794.517 
       0.282519          739.35         582.795         743.203 
       0.294636         732.571         530.991         699.001 
       0.306978         656.724         491.256          665.52 
       0.319417          634.86         459.296         626.252 
        0.33169         598.103         428.704          590.08 
       0.343948         570.025         397.219         567.977 
       0.356249         535.275         367.692         543.916 
       0.368458         519.292          342.96         514.682 
        0.38068         500.101         322.278         492.294 
       0.392856         470.596         303.398         472.578 
       0.405069         451.219         284.937         457.377 
       0.417459          432.18         267.062         435.137 
       0.429752         419.735         251.016         419.213 
       0.441978         406.053         236.933         406.822 
       0.454294         382.911         224.144         388.727 
        0.46658         377.534         212.144         378.699 
       0.478753         364.229         200.824         365.698 
       0.490964         351.368         190.191         353.297 
       0.503334          331.72         180.376         343.574 
       0.515665         329.813         171.427         335.945 
       0.527909          318.67         163.165         325.586 
       0.540159         310.362         155.348         316.314 
        0.55248         304.301         147.931         307.304 
       0.564743          298.32         141.064         301.123 
        0.57686         287.033         134.752         292.051 
       0.589077         276.367         128.794         285.699 
       0.601441         273.111         123.128         278.977 
        0.61382         269.292         117.786         272.954 
       0.626067         263.754         112.802          266.74 
       0.638306         251.701         108.108         261.574 
       0.650632         246.433          103.66         253.651 
       0.662899          245.19         99.4926         249.963 
       0.675076         235.923         95.5869         244.732 
       0.687267         229.979         91.8859         239.257 
       0.699615          226.08         88.3346         234.792 
       0.711937         221.705         84.9774         230.418 
       0.724148         216.192         81.8232         226.961 
       0.736433         211.487         78.8135         222.049 
       0.748747         207.367         75.9507         217.679 
       0.761037         204.065         73.2371         213.732 
       0.773197         200.591          70.684         211.111 
       0.785376          198.22         68.2498         206.794 
       0.797761         193.545         65.8926          204.04 
       0.810096         190.318         63.6561         200.606 
       0.822371          183.33         61.5342         197.264 
       0.834626         182.293          59.513         194.056 
       0.846916         179.322         57.5778         191.227 
       0.859215         178.291         55.7279         188.319 
       0.871383         173.843         53.9782         185.231 
        0.88363         171.683         52.2936         183.228 
       0.895928         167.917         50.6748         180.517 
       0.908253         163.307         49.1219         177.333 
       0.920535         162.749         47.6396         175.009 
       0.932774          157.37         46.2239         172.367 
        0.94508          156.15         44.8589         170.453 
       0.957324         155.441         43.5559         167.881 
        0.96953         153.674         42.3089         165.282 
       0.981769         148.907         41.1078         163.812 
       0.994071          148.19         39.9479         161.579 
         1.0064         144.575          38.831         159.128 
        1.01868          142.86         37.7602          157.39 
        1.03092         140.563         36.7347         155.579 
         1.0432         137.918         35.7438         153.586 
        1.05553         135.356         34.7858         151.901 
        1.06777         135.128           33.87         150.299 
           1.08         132.067         32.9882         148.283 
        1.09227         130.613         32.1351         146.782 
         1.1046         128.389         31.3091         144.999 
         1.1169         126.796         30.5137         143.045 
        1.12915         124.745           29.75         141.579 
        1.14142         122.839         29.0109          139.76 
        1.15365         120.996         28.2993         138.271 
        1.16585         119.344         27.6135          136.53 
        1.17807         117.518         26.9496         135.519 
        1.19037          117.09         26.3034         134.073 
        1.20276         114.566         25.6739         132.447 
        1.21504         113.401         25.0702         130.977 
        1.22728         111.083         24.4884         129.502 
        1.23954         110.339         23.9238         128.267 
        1.25184         107.982         23.3759         126.902 
        1.26414         106.682          22.845         125.608 
        1.27632         105.912         22.3355         124.934 
         1.2886         103.948         21.8379         123.077 
        1.30093         101.804         21.3538         121.758 
        1.31316         101.345         20.8879         120.616 
        1.32541         99.9335         20.4358         119.625 
        1.33772         98.7259         19.9947         118.362 
        1.35005         97.5813         19.5663         117.092 
        1.36225         96.2979         19.1549         116.024 
        1.37447         94.3173         18.7546         114.771 
        1.38676         94.0262         18.3639         113.524 
        1.39907         91.9154         17.9837          112.63 
        1.41133         90.6108         17.6159         111.729 
        1.42358         89.5404         17.2588         110.517 
        1.43591         88.9399         16.9091         109.362 
        1.44818         87.8433         16.5711         108.427 
        1.46037          86.352         16.2444         107.421 
        1.47263         84.9717         15.9247         106.586 
        1.48494         84.4142         15.6124         105.487 
        1.49724         82.9521         15.3087         104.368 
        1.50952          81.837         15.0137         103.449 
        1.52178         80.9527         14.7269         102.576 
        1.53409         80.2226         14.4466         101.675 
        1.54637         78.3431          14.174          100.72 
        1.55858         77.6104         13.9101         99.7759 
        1.57081         76.6128         13.6526         98.9456 
        1.58313         75.5589         13.3999         98.0775 
        1.59544         74.7545         13.1539         97.1659 
        1.60767         73.7468         12.9155         96.2979 
        1.61994         72.7887         12.6823         95.6695 
        1.63225          71.679         12.4544         94.5323 
        1.64452         70.8218         12.2327         93.8308 
        1.65676          69.767          12.017         92.9914 
          1.669         69.2829         11.8065         92.2413 
        1.68133         68.4826         11.5996         91.3882 
        1.69363         67.4586         11.3984         90.7106 
        1.70585         66.7963         11.2031         89.8613 
        1.71809         65.4903         11.0121         89.2236 
        1.73038         64.7834         10.8249         88.3428 
        1.74268         63.8587          10.642         87.6512 
        1.75493         63.3054         10.4641         86.8649 
        1.76714         62.3276         10.2908         86.1309 
        1.77942         61.9732         10.1205         85.4134 
        1.79173         60.8849         9.95366         84.6557 
        1.80402           60.22          9.7909          84.046 
         1.8163         59.4916         9.63188          83.224 
         1.8286         58.6009         9.47613         82.6854 
         1.8409          57.713         9.32395         81.9205 
        1.85315          56.978         9.17562         81.3816 
        1.86537         56.4183         9.03083         80.6443 
        1.87765         55.7134         8.88862         79.8711 
        1.88995         55.0185         8.74913         79.2951 
        1.90221          54.518         8.61313          78.639 
        1.91445         53.5788         8.48024         78.0553 
        1.92674         53.0784          8.3497         77.4101 
        1.93902         52.4144          8.2219         76.7344 
        1.95124         52.0066         8.09746          76.241 
         1.9635         51.0175         7.97528         75.5099 
        1.97583         50.5216         7.85485         75.0157 
        1.98812         49.8322         7.73737         74.3464 
        2.00039          49.298         7.62252         73.7591 
        2.01264         48.5588         7.51011         73.1912 
        2.02492         48.0153         7.39982         72.6424 
        2.03717         47.3726         7.29192         72.0003 
        2.04942         46.7639         7.18631         71.5122 
        2.06171         46.1969         7.08244         70.8756 
        2.07397         45.5668         6.98084         70.3971 
        2.08629         45.0681         6.88082         69.7808 
        2.09857          44.696           6.783         69.3012 
        2.11081         43.7813         6.68749         68.6981 
        2.12309         43.4476         6.59358         68.1969 
        2.13538         42.9235         6.50135         67.6828 
        2.14763         42.5076         6.41118          67.169 
        2.15986         42.0957         6.32294         66.6346 
        2.17214         41.3635           6.236         66.2012 
        2.18443         41.1617         6.15062          65.637 
        2.19671         40.3934         6.06693         65.1068 
        2.20898         40.0142          5.9849         64.6124 
        2.22126         39.5685         5.90431          64.113 
        2.23354         39.0349         5.82522           63.69 
         2.2458         38.6962         5.74772         63.2028 
        2.25807         38.2036         5.67157          62.687 
        2.27035          37.728         5.59672         62.2296 
        2.28263         37.2436         5.52327         61.7645 
         2.2949         36.7327         5.45117         61.3201 
        2.30718         36.4252         5.38034         60.8734 
        2.31946         35.9125         5.31073          60.439 
        2.33169         35.5644         5.24265         59.9648 
        2.34393         35.0186         5.17567         59.5081 
        2.35622         34.7096         5.10963         59.0879 
        2.36847          34.266         5.04494         58.6376 
        2.38076         34.0441         4.98117         58.2368 
        2.39305         33.6084         4.91853          57.814 
        2.40534         33.2378         4.85695         57.3225 
        2.41762         32.8431         4.79644         56.9132 
        2.42989         32.3802         4.73705         56.5457 
        2.44216         32.1442         4.67868         56.1174 
         2.4544         31.8403         4.62142         55.7286 
        2.46667         31.2776         4.56499         55.2863 
        2.47897         31.0564         4.50936         54.9128 
        2.49124         30.6766         4.45482          54.509 
        2.50349         30.3157         4.40126         54.1468 
        2.51578         29.9696         4.34842         53.7679 
        2.52805         29.7753         4.29654         53.3568 
        2.54029         29.5055         4.24564         52.9885 
        2.55257         29.1136          4.1954         52.6226 
        2.56487         28.8234         4.14589         52.2504 
        2.57716         28.5494         4.09724         51.9037 
        2.58942         28.1624         4.04948          51.529 
        2.60167         27.8404         4.00253         51.1292 
        2.61395         27.6029         3.95626         50.7918 
        2.62624         27.3494         3.91065          50.443 
        2.63849         27.1196         3.86591         50.0884 
        2.65073         26.8024         3.82191         49.7172 
        2.66302         26.4877         3.77844         49.4004 
         2.6753         26.2366         3.73568         49.0549 
        2.68756         25.9446         3.69366         48.7138 
        2.69983         25.7522         3.65226         48.3789 
        2.71213         25.3939         3.61141         48.0594 
        2.72441         25.2966         3.57126         47.7049 
        2.73665         25.0231         3.53181         47.3824 
         2.7489         24.8453         3.49298         47.0664 
        2.76118         24.5956         3.45462         46.7224 
        2.77349         24.3878         3.41674         46.4316 
        2.78576         24.2073         3.37958         46.1069 
        2.79802         23.8963         3.34299         45.7929 
        2.81031         23.7285         3.30686         45.5005 
        2.82259         23.5448         3.27128         45.1771 
        2.83483         23.2954         3.23635         44.8679 
         2.8471         23.1921         3.20187         44.5724 
         2.8594         22.9383         3.16778           44.29 
         2.8717         22.7106          3.1342         43.9833 
        2.88396         22.6285         3.10124         43.6754 
        2.89619         22.4787         3.06881         43.3905 
        2.90847         22.2997         3.03671         43.0986 
        2.92072         22.1474         3.00514         42.8305 
        2.93299         22.0574         2.97399         42.5361 
        2.94526         21.8996         2.94326         42.2621 
        2.95753         21.7116         2.91297         41.9983 
        2.96982         21.6978         2.88306         41.7181 
        2.98209         21.4851         2.85363         41.4466 
        2.99436         21.3832         2.82458         41.1781 
        3.00666         21.2557         2.79589         40.9071 
        3.01894         21.1976         2.76765         40.6269 
        3.03119         21.0179         2.73985         40.3573 
        3.04345         20.9248         2.71242         40.1058 
        3.05573         20.8514         2.68532         39.8538 
          3.068         20.8215         2.65861         39.5882 
        3.08026         20.8046         2.63229         39.3308 
        3.09254         20.6716         2.60629         39.0888 
        3.10483         20.6696         2.58062         38.8447 
         3.1171         20.5812         2.55534         38.5941 
        3.12933          20.571         2.53047         38.3474 
        3.14159         20.5549         2.50587         38.0986 
