# k  (h/Mpc)    Pcb(k)  (Mpc/h)^3    Pcb_linear(k) (Mpc/h)^3    Pcb_NL(k) (Mpc/h)^3   ShotnoiseSubtracted = false
      0.0156606         16854.9         16928.1           16808 
      0.0273761         14484.9         14637.1         14508.4 
      0.0384619         10971.5         11027.7         10918.7 
      0.0498308         8495.47         8674.09         8566.26 
      0.0625568         7174.37         7371.94         7274.21 
      0.0751274         6364.31         6263.27         6124.27 
      0.0867833         4946.18         5042.63          5001.6 
      0.0984825         4147.76         3990.59          4033.6 
       0.111151         3532.04         3332.07         3382.17 
       0.123864         3167.35         3002.87         3043.96 
       0.135742         2877.49         2700.33            2742 
        0.14762         2493.28         2308.91         2419.12 
       0.160083          2099.6         1924.61         2057.77 
       0.172465         1872.68         1679.82          1848.4 
       0.184281          1708.5         1548.59         1719.86 
       0.196406         1593.12         1430.12            1580 
       0.209011         1480.37         1272.44          1429.2 
       0.221538         1335.27         1111.99         1325.12 
       0.233611         1265.14         994.945         1234.69 
       0.245665         1154.17         918.296         1137.79 
       0.258103          1123.4         854.855         1072.42 
       0.270422         1007.24         785.512            1004 
       0.282519          941.83         712.897         943.866 
       0.294636         931.235         649.528         890.664 
       0.306978         841.126         600.922         850.536 
       0.319417          817.43         561.827         800.987 
        0.33169         770.114         524.406         756.132 
       0.343948         735.322         485.892         730.532 
       0.356249         692.857         449.774         701.368 
       0.368458         670.666         419.521          666.21 
        0.38068          651.47         394.221         638.762 
       0.392856         615.496         371.127         614.427 
       0.405069         587.862         348.545         595.442 
       0.417459         564.395         326.679         569.506 
       0.429752         552.967         307.051         549.146 
       0.441978         534.379         289.824         533.905 
       0.454294         507.193          274.18          511.08 
        0.46658         495.805         259.502         499.229 
       0.478753         482.356         245.655         482.863 
       0.490964         464.336         232.648         467.283 
       0.503334         440.342         220.642         455.415 
       0.515665          439.27         209.695         445.538 
       0.527909         422.735         199.589         433.741 
       0.540159         412.055         190.027         421.709 
        0.55248         403.934         180.955         410.323 
       0.564743         399.046         172.554         402.849 
        0.57686         383.592         164.833         391.374 
       0.589077         371.642         157.545         382.663 
       0.601441         367.144         150.615         374.235 
        0.61382          359.56          144.08         367.257 
       0.626067         354.063         137.983         359.434 
       0.638306         339.269         132.241         352.558 
       0.650632         334.271         126.801         342.669 
       0.662899         331.409         121.703           338.5 
       0.675076         318.661         116.925         332.358 
       0.687267         310.678         112.398         324.565 
       0.699615         306.432         108.054         319.126 
       0.711937         301.729         103.947         313.398 
       0.724148         292.089         100.089          308.71 
       0.736433         285.638         96.4073         302.559 
       0.748747         281.335         92.9055         296.881 
       0.761037         276.084          89.586         292.378 
       0.773197          272.61         86.4631         288.337 
       0.785376         268.508         83.4855         283.343 
       0.797761         261.832         80.6021         279.033 
       0.810096         258.998         77.8662         275.181 
       0.822371         249.367         75.2707         270.621 
       0.834626         248.632         72.7983         266.711 
       0.846916          243.22          70.431         262.786 
       0.859215         243.186         68.1683         259.005 
       0.871383         236.574          66.028         255.104 
        0.88363         234.959         63.9673         252.468 
       0.895928         229.578         61.9871         248.477 
       0.908253         223.392         60.0875         244.431 
       0.920535         222.307         58.2743         241.163 
       0.932774         215.476         56.5426         237.835 
        0.94508         213.305         54.8729         235.354 
       0.957324         212.682          53.279         231.886 
        0.96953         209.613         51.7537         228.637 
       0.981769         203.173         50.2845          226.47 
       0.994071         202.251         48.8656         223.534 
         1.0064         197.728         47.4993         220.167 
        1.01868          195.03         46.1895         217.599 
        1.03092         191.095         44.9351         215.364 
         1.0432          187.52         43.7231         212.706 
        1.05553         184.864         42.5512          210.05 
        1.06777         184.559         41.4309         207.921 
           1.08         179.922         40.3523         205.283 
        1.09227          177.71         39.3087         203.087 
         1.1046         175.021         38.2983         200.918 
         1.1169          171.89         37.3254         198.165 
        1.12915         169.372         36.3912         196.342 
        1.14142         166.655         35.4872         193.783 
        1.15365         164.362         34.6166         191.747 
        1.16585         162.038         33.7777          189.26 
        1.17807         159.847         32.9657         187.837 
        1.19037         158.514         32.1751         185.944 
        1.20276         155.883         31.4052         183.632 
        1.21504         153.067         30.6667         181.661 
        1.22728         150.095          29.955          179.36 
        1.23954         149.554         29.2643         178.045 
        1.25184         146.685         28.5942         176.004 
        1.26414         144.348         27.9448          174.16 
        1.27632         143.809         27.3215         173.107 
         1.2886         141.533         26.7128         170.729 
        1.30093         137.503         26.1206         168.882 
        1.31316         136.449         25.5507         166.994 
        1.32541         134.713         24.9978         165.738 
        1.33772         133.441         24.4582         163.946 
        1.35005         131.444         23.9342         162.108 
        1.36225          129.73         23.4309         160.657 
        1.37447         127.604         22.9412         158.806 
        1.38676         126.173         22.4633         157.305 
        1.39907         123.743         21.9982         155.767 
        1.41133          121.98         21.5483         154.447 
        1.42358         120.232         21.1115         152.989 
        1.43591         119.044         20.6838         151.273 
        1.44818         117.859         20.2704         150.001 
        1.46037         115.641         19.8707         148.449 
        1.47263         114.485         19.4796         147.325 
        1.48494         112.765         19.0975         145.629 
        1.49724         111.205         18.7261         144.259 
        1.50952          109.16         18.3653         142.951 
        1.52178         108.623         18.0145         141.516 
        1.53409         106.596         17.6715         140.333 
        1.54637         105.142         17.3382         139.111 
        1.55858         103.368         17.0153         137.693 
        1.57081         101.996         16.7003         136.521 
        1.58313         100.805         16.3913         135.195 
        1.59544          99.623         16.0902         134.023 
        1.60767         98.2782         15.7987         132.723 
        1.61994          96.638         15.5134         131.811 
        1.63225         95.3912         15.2346         130.232 
        1.64452         93.7265         14.9634          129.11 
        1.65676         92.4469         14.6996         128.063 
          1.669         91.8404         14.4421         127.023 
        1.68133         90.1244         14.1891         125.822 
        1.69363         89.2382         13.9428         124.757 
        1.70585         87.6606         13.7041         123.617 
        1.71809         86.4879         13.4704         122.483 
        1.73038         85.7733         13.2414         121.421 
        1.74268         84.4726         13.0177         120.339 
        1.75493         83.3656         12.8001         119.263 
        1.76714         82.0558         12.5881         118.306 
        1.77942         81.2277         12.3798          117.17 
        1.79173         79.8855         12.1756         116.251 
        1.80402         79.2568         11.9766         115.293 
         1.8163         77.8208          11.782         114.143 
         1.8286         76.7311         11.5915         113.232 
         1.8409           76.05         11.4054         112.253 
        1.85315         74.8269         11.2239         111.369 
        1.86537         73.9719         11.0468         110.415 
        1.87765         73.2966         10.8729         109.399 
        1.88995         72.0663         10.7022         108.563 
        1.90221         71.1216         10.5359         107.622 
        1.91445         69.9074         10.3733         106.694 
        1.92674         69.0031         10.2136         105.836 
        1.93902         68.1355         10.0573         104.883 
        1.95124         67.5644         9.90508         104.109 
         1.9635         66.4764         9.75563         103.079 
        1.97583         65.5955         9.60832         102.378 
        1.98812         64.7632          9.4646         101.484 
        2.00039         63.7437         9.32412         100.642 
        2.01264         63.2416         9.18662         99.7931 
        2.02492         62.2818          9.0517         98.9859 
        2.03717         61.2881         8.91971         98.1123 
        2.04942         60.8852         8.79053         97.4262 
        2.06171         59.6664         8.66347         96.5773 
        2.07397         59.0564          8.5392         95.8429 
        2.08629         58.4502         8.41685         95.0068 
        2.09857         57.5546          8.2972         94.2622 
        2.11081         56.5539         8.18036         93.4124 
        2.12309         56.1907         8.06549         92.7771 
        2.13538          55.298         7.95266          91.993 
        2.14763         54.6128         7.84237         91.2618 
        2.15986         53.5816         7.73443         90.5143 
        2.17214         53.1977         7.62809         89.7829 
        2.18443         52.5625         7.52364         89.1649 
        2.19671         51.6472         7.42127          88.397 
        2.20898         51.4533         7.32093         87.6959 
        2.22126         50.5961         7.22234         86.9701 
        2.23354         49.9114         7.12561         86.3303 
         2.2458         49.3186         7.03081          85.687 
        2.25807         48.7175         6.93765          84.954 
        2.27035         48.1861          6.8461         84.2884 
        2.28263         47.3724         6.75625         83.6184 
         2.2949         46.9997         6.66805          82.979 
        2.30718          46.162         6.58141         82.3703 
        2.31946         45.6725         6.49626         81.7452 
        2.33169         45.0538         6.41299         81.1084 
        2.34393         44.3524         6.33105         80.4936 
        2.35622          44.075         6.25028         79.8647 
        2.36847           43.49         6.17114           79.31 
        2.38076         42.8897         6.09314         78.6383 
        2.39305         42.3695          6.0165         78.0839 
        2.40534         41.9188         5.94119         77.4416 
        2.41762         41.5064         5.86717         76.8218 
        2.42989         40.9118         5.79452         76.3174 
        2.44216         40.5255         5.72311         75.7144 
         2.4544         40.0158         5.65308         75.1369 
        2.46667         39.5994         5.58405         74.5453 
        2.47897         39.1207         5.51601         74.0081 
        2.49124         38.5854         5.44929         73.4699 
        2.50349         38.1013         5.38377         72.8991 
        2.51578         37.6172         5.31913          72.422 
        2.52805         37.3822         5.25567         71.8542 
        2.54029         36.8741          5.1934         71.2904 
        2.55257         36.3166         5.13196         70.7961 
        2.56487          36.055         5.07139         70.3071 
        2.57716         35.5799         5.01188         69.8103 
        2.58942         35.1326         4.95346         69.2746 
        2.60167         34.7324         4.89603         68.7629 
        2.61395         34.3554         4.83943         68.2707 
        2.62624         34.1129         4.78364         67.7585 
        2.63849         33.7767         4.72891         67.2906 
        2.65073         33.4041         4.67509         66.7776 
        2.66302         32.9321         4.62192         66.2991 
         2.6753          32.568         4.56961         65.8346 
        2.68756         32.1167         4.51821         65.3315 
        2.69983         31.9446         4.46757         64.9084 
        2.71213         31.6196          4.4176         64.4654 
        2.72441           31.31         4.36848          63.987 
        2.73665           30.96         4.32023         63.5239 
         2.7489          30.828         4.27273          63.081 
        2.76118         30.3439         4.22581         62.6487 
        2.77349          30.212         4.17947         62.2079 
        2.78576         29.9751         4.13402         61.7492 
        2.79802         29.5267         4.08926         61.3556 
        2.81031         29.2623         4.04506         60.9222 
        2.82259         29.1195         4.00153         60.4745 
        2.83483          28.767         3.95881         60.0684 
         2.8471         28.4525         3.91663         59.6621 
         2.8594         28.3482         3.87494         59.2514 
         2.8717          28.071         3.83386         58.8428 
        2.88396         27.8178         3.79354         58.4175 
        2.89619         27.5772         3.75386         58.0067 
        2.90847         27.4077         3.71461         57.6293 
        2.92072           27.17         3.67598          57.232 
        2.93299         27.0319         3.63789         56.8383 
        2.94526         26.7835         3.60029         56.4714 
        2.95753         26.6388         3.56324         56.0941 
        2.96982         26.5506         3.52665         55.7101 
        2.98209         26.2781         3.49065         55.3415 
        2.99436         26.1093         3.45512         54.9527 
        3.00666         26.0266         3.42003         54.5947 
        3.01894         25.8068         3.38549         54.2107 
        3.03119         25.7194         3.35147         53.8584 
        3.04345         25.5466         3.31793         53.5245 
        3.05573         25.5016         3.28477         53.1706 
          3.068         25.3828          3.2521         52.8141 
        3.08026         25.2036         3.21991         52.4588 
        3.09254         25.1259          3.1881         52.1148 
        3.10483         25.1386          3.1567         51.7812 
         3.1171         25.0645         3.12578         51.4441 
        3.12933         24.9809         3.09535         51.1017 
        3.14159         24.8564         3.06527         50.7643 
