# k  (h/Mpc)    P(k)  (Mpc/h)^3    P_linear(k)  (Mpc/h)^3     P_NL(k)  ShotnoiseSubtracted = false
      0.0156606         10443.4         10602.7         10537.8 
      0.0273761         8997.67         9154.95         9098.91 
      0.0384619         6823.14         6892.57         6850.62 
      0.0498308         5304.48         5419.24         5379.76 
      0.0625568         4476.01         4604.39         4566.97 
      0.0751274         3940.19         3911.23         3856.29 
      0.0867833         3081.32         3148.62         3134.47 
      0.0984825         2552.58         2491.53         2513.04 
       0.111151          2158.9         2080.25         2103.32 
       0.123864         1938.46         1874.63         1893.98 
       0.135742         1752.69         1685.71         1705.57 
        0.14762         1505.96         1441.32         1491.55 
       0.160083         1256.03          1201.4         1260.08 
       0.172465         1118.28         1048.57          1121.8 
       0.184281         1029.88         966.646         1042.74 
       0.196406         946.851         892.685         955.923 
       0.209011         870.174         794.252         862.052 
       0.221538         783.879         694.095         788.313 
       0.233611         727.586          621.03         726.841 
       0.245665         674.155         573.184         668.647 
       0.258103         633.878         533.582         628.439 
       0.270422         579.334         490.298         584.897 
       0.282519         532.787          444.97         544.302 
       0.294636         527.056         405.416         509.786 
       0.306978         468.896         375.076         483.512 
       0.319417         451.178         350.674         454.631 
        0.33169         424.035         327.316         427.667 
       0.343948         404.248         303.276         409.314 
       0.356249         378.067         280.732         390.754 
       0.368458         366.355         261.848         368.375 
        0.38068         350.062         246.059         351.385 
       0.392856         327.895         231.643         336.665 
       0.405069         314.779         217.547         324.476 
       0.417459         300.659           203.9         307.496 
       0.429752         290.218         191.649         295.793 
       0.441978         280.539         180.896         286.428 
       0.454294         262.576         171.132         272.982 
        0.46658          261.58          161.97         264.995 
       0.478753         249.262         153.327         255.499 
       0.490964          241.16         145.208         246.301 
       0.503334           227.8         137.715         238.929 
       0.515665         224.586         130.882         233.234 
       0.527909         217.823         124.574         224.734 
       0.540159         211.304         118.606          218.25 
        0.55248         206.701         112.943         211.451 
       0.564743         201.008           107.7         206.622 
        0.57686           194.1         102.881         200.036 
       0.589077         186.152         98.3318         195.628 
       0.601441          182.96         94.0062         190.766 
        0.61382         180.978         89.9278         185.785 
       0.626067         175.547          86.122         181.258 
       0.638306         167.912         82.5382         177.439 
       0.650632         162.968         79.1427         171.615 
       0.662899          163.05         75.9607         168.423 
       0.675076           157.2         72.9787         164.558 
       0.687267         153.192         70.1531          160.93 
       0.699615         149.766         67.4417         157.651 
       0.711937         145.925         64.8786         154.198 
       0.724148         143.687         62.4704         151.971 
       0.736433         139.766         60.1725         148.325 
       0.748747         136.664         57.9868         145.244 
       0.761037         134.457          55.915         142.117 
       0.773197         131.577         53.9658         140.528 
       0.785376         129.701         52.1073         137.213 
       0.797761         127.404         50.3076         135.425 
       0.810096         123.789            48.6          132.65 
       0.822371         120.428           46.98         130.381 
       0.834626         118.511         45.4369         128.132 
       0.846916         117.329         43.9593         126.142 
       0.859215          115.45          42.547         123.929 
       0.871383         113.446         41.2112         121.847 
        0.88363         110.932          39.925         120.344 
       0.895928         108.845         38.6891         118.601 
       0.908253         105.989         37.5034         116.408 
       0.920535         105.478         36.3717         114.906 
       0.932774         102.717         35.2909         112.889 
        0.94508         101.771         34.2487         111.325 
       0.957324         100.103         33.2539         109.814 
        0.96953         99.9407         32.3019         107.979 
       0.981769         96.6729         31.3849         106.945 
       0.994071         95.8601         30.4993         105.384 
         1.0064         93.6451         29.6465         103.853 
        1.01868         92.8353          28.829         102.611 
        1.03092         91.0631         28.0461         101.284 
         1.0432         89.5431         27.2896         99.9061 
        1.05553          87.268         26.5581         98.9701 
        1.06777         87.1579         25.8589         97.7492 
           1.08         85.4492         25.1857         96.4465 
        1.09227         84.1345         24.5344         95.1733 
         1.1046          82.716         23.9038         94.0253 
         1.1169         81.7691         23.2965         92.7087 
        1.12915         80.7244         22.7134         91.7598 
        1.14142         79.2393         22.1492         90.6295 
        1.15365         77.7056         21.6058         89.5973 
        1.16585         76.7922         21.0822         88.5044 
        1.17807         75.6206         20.5754         87.6405 
        1.19037          75.523          20.082         86.7437 
        1.20276         73.9021         19.6015         85.7282 
        1.21504           73.41         19.1405         84.6918 
        1.22728         71.7968         18.6963         83.8569 
        1.23954         71.1647         18.2652         82.8395 
        1.25184         69.8907          17.847         82.1016 
        1.26414         68.8326         17.4416         81.2133 
        1.27632         68.1942         17.0526         80.5597 
         1.2886         67.2527         16.6727         79.4734 
        1.30093         66.3799         16.3031         78.5416 
        1.31316         65.5294         15.9474         78.0062 
        1.32541         65.0364         15.6023         77.1741 
        1.33772          63.954         15.2655         76.3731 
        1.35005         63.3668         14.9384         75.6438 
        1.36225         62.3251         14.6243          74.872 
        1.37447         60.9205         14.3187         74.0851 
        1.38676         61.0392         14.0204         73.3087 
        1.39907         59.9813         13.7301         72.7716 
        1.41133         58.8714         13.4493          72.198 
        1.42358         58.1884         13.1767         71.2901 
        1.43591         57.7907         12.9097         70.7053 
        1.44818         56.9635         12.6517         69.9234 
        1.46037         56.3298         12.4022         69.4245 
        1.47263         55.5981         12.1581         68.8588 
        1.48494          54.775         11.9196         68.1408 
        1.49724         54.0916         11.6878         67.4845 
        1.50952         53.7575         11.4626          66.838 
        1.52178         53.0043         11.2437          66.332 
        1.53409         52.5109         11.0296         65.7563 
        1.54637         51.3795         10.8215         65.1173 
        1.55858         50.7094           10.62         64.4826 
        1.57081         50.4559         10.4234         64.0498 
        1.58313         49.7345         10.2305         63.5254 
        1.59544         49.0136         10.0426         62.8864 
        1.60767         48.4627         9.86069         62.3669 
        1.61994         47.7252         9.68262         61.8855 
        1.63225         47.3105         9.50859         61.2549 
        1.64452         46.8052         9.33932          60.819 
        1.65676         46.1152         9.17471         60.2405 
          1.669         45.7777         9.01395         59.8181 
        1.68133         45.3533         8.85603         59.2482 
        1.69363         44.5851         8.70236         58.8245 
        1.70585         44.3311         8.55332         58.3692 
        1.71809         43.4669         8.40747         57.8409 
        1.73038         43.2279         8.26457         57.4168 
        1.74268         42.5259         8.12491         56.8851 
        1.75493         42.1218         7.98911           56.44 
        1.76714         41.5824         7.85678         55.9848 
        1.77942         41.3372         7.72677         55.5584 
        1.79173         40.6951         7.59937         55.0564 
        1.80402         40.2814         7.47511          54.715 
         1.8163         39.8179          7.3537         54.1735 
         1.8286         39.2996         7.23479         53.8611 
         1.8409         38.8463          7.1186         53.3315 
        1.85315         38.4583         7.00536         53.0336 
        1.86537         37.9816         6.89481         52.6089 
        1.87765         37.6878         6.78624         52.1437 
        1.88995           37.11         6.67974         51.6891 
        1.90221         36.8399         6.57591         51.3021 
        1.91445         36.2223         6.47445         50.9747 
        1.92674         35.9307         6.37479         50.5313 
        1.93902         35.5626         6.27721          50.151 
        1.95124         35.0835         6.18221         49.8286 
         1.9635          34.657         6.08893         49.4115 
        1.97583         34.3458         5.99698         49.1001 
        1.98812         33.8459         5.90729         48.6849 
        2.00039         33.5158          5.8196         48.3089 
        2.01264         33.0676         5.73378         48.0014 
        2.02492         32.7979         5.64957         47.6357 
        2.03717         32.3637         5.56719         47.2484 
        2.04942         32.0261         5.48657         46.8971 
        2.06171         31.6914         5.40726           46.54 
        2.07397         31.3571          5.3297         46.2199 
        2.08629         30.9852         5.25334         45.8703 
        2.09857         30.6843         5.17865         45.5617 
        2.11081         30.2829         5.10573         45.2054 
        2.12309          30.061         5.03403          44.864 
        2.13538         29.5295         4.96361         44.5973 
        2.14763         29.3477         4.89478         44.2475 
        2.15986          29.072         4.82741         43.9024 
        2.17214         28.6861         4.76103         43.6434 
        2.18443         28.3794         4.69584         43.2619 
        2.19671         28.0094         4.63195         42.9721 
        2.20898         27.6818         4.56932         42.6488 
        2.22126          27.593         4.50779          42.337 
        2.23354          27.214         4.44741         42.0949 
         2.2458         26.8973         4.38824         41.7709 
        2.25807         26.5199          4.3301         41.4577 
        2.27035         26.2435         4.27296         41.1905 
        2.28263         26.0073         4.21688         40.9118 
         2.2949         25.7536         4.16183          40.624 
        2.30718          25.514         4.10775         40.3125 
        2.31946         25.2821         4.05461         40.0386 
        2.33169         24.9741         4.00263         39.7599 
        2.34393         24.6759         3.95149         39.4637 
        2.35622          24.426         3.90108         39.2432 
        2.36847         24.1588         3.85168         38.9249 
        2.38076         23.9662           3.803         38.7015 
        2.39305         23.6371         3.75517         38.4428 
        2.40534         23.4592         3.70816         38.1249 
        2.41762         23.1591         3.66196         37.9059 
        2.42989          23.059         3.61662         37.6183 
        2.44216         22.7249         3.57205         37.3855 
         2.4544         22.5574         3.52834         37.1345 
        2.46667         22.3052         3.48525         36.8781 
        2.47897         22.0481         3.44279         36.6294 
        2.49124         21.9019         3.40114         36.3843 
        2.50349         21.6254         3.36025         36.1526 
        2.51578         21.3935         3.31991         35.9153 
        2.52805          21.218          3.2803         35.6625 
        2.54029         21.0438         3.24144         35.4221 
        2.55257         20.8756         3.20308         35.1805 
        2.56487         20.6039         3.16528         34.9556 
        2.57716         20.4811         3.12814         34.7041 
        2.58942         20.2661         3.09168         34.5076 
        2.60167         20.0684         3.05583         34.2673 
        2.61395         19.8856          3.0205          34.038 
        2.62624         19.7847         2.98568         33.8189 
        2.63849         19.5766         2.95152         33.6037 
        2.65073         19.3297         2.91793         33.3701 
        2.66302         19.1351         2.88475         33.1691 
         2.6753         19.0679          2.8521         32.9569 
        2.68756         18.9484         2.82002         32.7654 
        2.69983         18.7429         2.78841         32.5155 
        2.71213         18.5344         2.75722         32.3119 
        2.72441         18.4209         2.72657         32.0913 
        2.73665         18.2791         2.69645         31.8828 
         2.7489         18.0863         2.66681         31.6868 
        2.76118         17.9938         2.63752         31.4684 
        2.77349         17.8774          2.6086         31.2826 
        2.78576         17.6744         2.58023         31.0979 
        2.79802           17.56         2.55229         30.8884 
        2.81031         17.4504         2.52471         30.7001 
        2.82259         17.3561         2.49754         30.5116 
        2.83483         17.1892         2.47087         30.3057 
         2.8471         17.1388         2.44455         30.0993 
         2.8594         16.9879         2.41852         29.9132 
         2.8717         16.8932         2.39289         29.7224 
        2.88396         16.7413         2.36772         29.5293 
        2.89619         16.6983         2.34296         29.3526 
        2.90847         16.6004         2.31846         29.1733 
        2.92072         16.4704         2.29435          28.987 
        2.93299         16.4007         2.27057         28.8225 
        2.94526         16.3499         2.24711         28.6425 
        2.95753         16.2837         2.22398         28.4545 
        2.96982         16.1699         2.20115          28.283 
        2.98209         16.0751         2.17867         28.1135 
        2.99436         16.0396          2.1565         27.9378 
        3.00666         15.9479         2.13459         27.7595 
        3.01894         15.9082         2.11304         27.5882 
        3.03119          15.811         2.09181         27.4192 
        3.04345         15.8171         2.07087          27.254 
        3.05573         15.8022         2.05017          27.089 
          3.068         15.6856         2.02978         26.9171 
        3.08026         15.6766         2.00969         26.7514 
        3.09254         15.6058         1.98984         26.5919 
        3.10483         15.6049         1.97024         26.4344 
         3.1171         15.6532         1.95094         26.2793 
        3.12933         15.5856         1.93195         26.1219 
        3.14159         15.4991         1.91317         25.9545 
