# k  (h/Mpc)    Pcb(k)  (Mpc/h)^3    Pcb_linear(k) (Mpc/h)^3    Pcb_NL(k) (Mpc/h)^3   ShotnoiseSubtracted = false
      0.0156606         10443.9         10472.4         10408.3 
      0.0273761         9012.35         9057.13         9001.68 
      0.0384619         6840.05         6824.42         6782.88 
      0.0498308         5320.35         5368.25         5329.14 
      0.0625568         4490.93         4562.56         4525.48 
      0.0751274         3953.94         3876.49         3822.04 
      0.0867833         3092.64         3121.06         3107.04 
      0.0984825         2561.98         2469.95         2491.27 
       0.111151         2166.91         2062.38         2085.25 
       0.123864         1945.79         1858.63         1877.81 
       0.135742         1759.34         1671.38         1691.08 
        0.14762         1511.62         1429.12         1478.92 
       0.160083         1260.73         1191.26         1249.44 
       0.172465         1122.46         1039.74         1112.36 
       0.184281         1033.82          958.52         1033.98 
       0.196406         950.409         885.191         947.898 
       0.209011         873.384         787.595         854.827 
       0.221538         786.761         688.285         781.714 
       0.233611         730.147         615.837         720.763 
       0.245665         676.625         568.394         663.059 
       0.258103         636.018         529.126         623.191 
       0.270422         581.413         486.206         580.016 
       0.282519          534.64         441.259         539.762 
       0.294636         528.862         402.036         505.537 
       0.306978         470.458         371.951         479.483 
       0.319417         452.663         347.753         450.844 
        0.33169         425.413          324.59         424.106 
       0.343948         405.571         300.752         405.907 
       0.356249         379.286         278.396         387.503 
       0.368458         367.524          259.67         365.311 
        0.38068         351.148         244.011          348.46 
       0.392856         328.894         229.716         333.864 
       0.405069         315.737         215.738         321.778 
       0.417459         301.566         202.204         304.939 
       0.429752         291.079         190.055         293.333 
       0.441978         281.362         179.392         284.047 
       0.454294         263.325         169.709         270.713 
        0.46658         262.362         160.624         262.793 
       0.478753         249.962         152.053         253.376 
       0.490964          241.85         144.002         244.256 
       0.503334         228.468         136.571         236.944 
       0.515665         225.209         129.795         231.297 
       0.527909         218.438         123.539         222.867 
       0.540159          211.89         117.621         216.439 
        0.55248         207.257         112.005         209.696 
       0.564743         201.535         106.806         204.906 
        0.57686         194.623         102.027         198.375 
       0.589077         186.646         97.5155         194.004 
       0.601441         183.433         93.2259         189.182 
        0.61382         181.442         89.1813         184.243 
       0.626067         175.973         85.4072         179.753 
       0.638306         168.338         81.8531         175.966 
       0.650632         163.361         78.4858         170.191 
       0.662899         163.455         75.3304         167.026 
       0.675076         157.596         72.3731         163.193 
       0.687267         153.581          69.571         159.595 
       0.699615         150.131         66.8821         156.343 
       0.711937         146.272         64.3403         152.918 
       0.724148         144.049         61.9521          150.71 
       0.736433         140.099         59.6733         147.094 
       0.748747         136.994         57.5058         144.039 
       0.761037         134.774         55.4511         140.938 
       0.773197         131.886         53.5181         139.362 
       0.785376         129.992          51.675         136.075 
       0.797761          127.71         49.8903         134.302 
       0.810096         124.064         48.1969          131.55 
       0.822371          120.72         46.5903         129.299 
       0.834626         118.784           45.06          127.07 
       0.846916         117.602         43.5947         125.095 
       0.859215         115.706         42.1941         122.901 
       0.871383         113.713         40.8693         120.836 
        0.88363         111.178         39.5938         119.346 
       0.895928         109.091         38.3682         117.617 
       0.908253         106.233         37.1924         115.443 
       0.920535         105.723         36.0701         113.953 
       0.932774         102.969         34.9982         111.953 
        0.94508         102.016         33.9647         110.402 
       0.957324         100.326         32.9782         108.904 
        0.96953         100.179          32.034         107.084 
       0.981769         96.9023         31.1246         106.058 
       0.994071         96.0818         30.2464          104.51 
         1.0064         93.8668         29.4007         102.992 
        1.01868         93.0557         28.5899          101.76 
        1.03092         91.2793         27.8135         100.444 
         1.0432         89.7568         27.0633         99.0776 
        1.05553         87.4726         26.3379         98.1494 
        1.06777         87.3638         25.6445         96.9386 
           1.08         85.6507         24.9769         95.6468 
        1.09227         84.3323         24.3309         94.3841 
         1.1046         82.9146         23.7055         93.2456 
         1.1169         81.9671         23.1033         91.9399 
        1.12915         80.9246         22.5251         90.9989 
        1.14142         79.4319         21.9655          89.878 
        1.15365         77.8987         21.4267         88.8544 
        1.16585         76.9829         20.9074         87.7705 
        1.17807         75.8096         20.4048         86.9138 
        1.19037         75.7141         19.9155         86.0244 
        1.20276         74.0931         19.4389         85.0173 
        1.21504         73.5999         18.9818         83.9895 
        1.22728         71.9852         18.5413         83.1616 
        1.23954         71.3468         18.1138         82.1525 
        1.25184         70.0774          17.699         81.4208 
        1.26414         69.0125          17.297         80.5398 
        1.27632         68.3753         16.9112         79.8917 
         1.2886         67.4406         16.5344         78.8144 
        1.30093         66.5678         16.1679         77.8903 
        1.31316         65.7095         15.8151         77.3594 
        1.32541         65.2219         15.4729         76.5342 
        1.33772         64.1347         15.1389         75.7399 
        1.35005         63.5456         14.8146         75.0166 
        1.36225         62.5003         14.5031         74.2512 
        1.37447         61.0909         14.1999         73.4708 
        1.38676         61.2144         13.9041         72.7009 
        1.39907         60.1598         13.6162         72.1683 
        1.41133         59.0448         13.3378         71.5994 
        1.42358         58.3599         13.0674          70.699 
        1.43591         57.9619         12.8027         70.1191 
        1.44818         57.1357         12.5468         69.3437 
        1.46037          56.501         12.2994         68.8489 
        1.47263         55.7745         12.0573         68.2879 
        1.48494         54.9398         11.8208         67.5758 
        1.49724         54.2646         11.5909          66.925 
        1.50952         53.9289         11.3676         66.2839 
        1.52178         53.1726         11.1504          65.782 
        1.53409         52.6787         10.9381         65.2111 
        1.54637         51.5514         10.7318         64.5774 
        1.55858         50.8699          10.532          63.948 
        1.57081         50.6237          10.337         63.5188 
        1.58313          49.907         10.1457         62.9988 
        1.59544         49.1803         9.95938         62.3651 
        1.60767         48.6247         9.77894         61.8498 
        1.61994          47.888         9.60235         61.3725 
        1.63225         47.4791         9.42976         60.7471 
        1.64452         46.9727          9.2619         60.3148 
        1.65676         46.2813         9.09865         59.7411 
          1.669         45.9426         8.93922         59.3222 
        1.68133         45.5199         8.78261          58.757 
        1.69363         44.7499         8.63021         58.3368 
        1.70585         44.4955         8.48241         57.8853 
        1.71809         43.6313         8.33777         57.3614 
        1.73038          43.394         8.19605         56.9408 
        1.74268         42.6874         8.05755         56.4135 
        1.75493         42.2843         7.92288         55.9721 
        1.76714         41.7436         7.79164         55.5207 
        1.77942         41.4969         7.66271         55.0978 
        1.79173         40.8575         7.53637            54.6 
        1.80402         40.4398         7.41314         54.2614 
         1.8163         39.9798         7.29274         53.7244 
         1.8286         39.4595         7.17481         53.4146 
         1.8409         39.0069         7.05959         52.8894 
        1.85315         38.6179         6.94728         52.5939 
        1.86537         38.1395         6.83765         52.1727 
        1.87765         37.8476         6.72998         51.7114 
        1.88995         37.2672         6.62436         51.2605 
        1.90221         36.9973         6.52139         50.8768 
        1.91445         36.3777         6.42078         50.5521 
        1.92674         36.0865         6.32194         50.1124 
        1.93902         35.7176         6.22518         49.7352 
        1.95124         35.2319         6.13096         49.4155 
         1.9635         34.8109         6.03845         49.0019 
        1.97583         34.4973         5.94727          48.693 
        1.98812         34.0012         5.85831         48.2813 
        2.00039         33.6645         5.77136         47.9084 
        2.01264         33.2186         5.68625         47.6034 
        2.02492         32.9473         5.60274         47.2408 
        2.03717         32.5137         5.52104         46.8567 
        2.04942         32.1771         5.44108         46.5083 
        2.06171         31.8396         5.36244         46.1542 
        2.07397         31.5079         5.28552         45.8367 
        2.08629          31.134         5.20979         45.4901 
        2.09857         30.8306         5.13572          45.184 
        2.11081         30.4302          5.0634         44.8306 
        2.12309         30.2079          4.9923          44.492 
        2.13538         29.6724         4.92246         44.2276 
        2.14763         29.4942          4.8542         43.8806 
        2.15986         29.2131         4.78739         43.5385 
        2.17214         28.8306         4.72156         43.2816 
        2.18443         28.5214         4.65691         42.9033 
        2.19671         28.1509         4.59355         42.6159 
        2.20898         27.8251         4.53144         42.2952 
        2.22126         27.7354         4.47042          41.986 
        2.23354         27.3551         4.41054         41.7459 
         2.2458         27.0392         4.35186         41.4247 
        2.25807         26.6615          4.2942          41.114 
        2.27035         26.3831         4.23754          40.849 
        2.28263          26.149         4.18192         40.5726 
         2.2949         25.8921         4.12733         40.2873 
        2.30718         25.6532          4.0737         39.9783 
        2.31946         25.4218         4.02099         39.7067 
        2.33169         25.1117         3.96945         39.4303 
        2.34393         24.8131         3.91873         39.1366 
        2.35622         24.5642         3.86874         38.9179 
        2.36847         24.2962         3.81975         38.6022 
        2.38076         24.1049         3.77147         38.3807 
        2.39305         23.7717         3.72404         38.1241 
        2.40534         23.5945         3.67742         37.8088 
        2.41762         23.2946         3.63161         37.5917 
        2.42989         23.1949         3.58664         37.3064 
        2.44216         22.8567         3.54244         37.0756 
         2.4544         22.6929         3.49909         36.8267 
        2.46667         22.4401         3.45636         36.5724 
        2.47897         22.1797         3.41425         36.3258 
        2.49124         22.0354         3.37295         36.0827 
        2.50349         21.7562          3.3324         35.8529 
        2.51578         21.5279         3.29239         35.6176 
        2.52805         21.3488         3.25311         35.3669 
        2.54029         21.1741         3.21456         35.1284 
        2.55257          21.007         3.17653         34.8888 
        2.56487         20.7318         3.13904         34.6658 
        2.57716         20.6124         3.10221         34.4164 
        2.58942         20.3968         3.06605         34.2216 
        2.60167         20.1963          3.0305         33.9832 
        2.61395         20.0133         2.99546         33.7558 
        2.62624         19.9142         2.96093         33.5385 
        2.63849          19.703         2.92706         33.3252 
        2.65073         19.4556         2.89374         33.0935 
        2.66302         19.2622         2.86083         32.8941 
         2.6753         19.1945         2.82845         32.6837 
        2.68756         19.0746         2.79664         32.4938 
        2.69983         18.8674          2.7653         32.2459 
        2.71213         18.6577         2.73436         32.0441 
        2.72441          18.543         2.70396         31.8252 
        2.73665         18.4021          2.6741         31.6185 
         2.7489         18.2106          2.6447         31.4241 
        2.76118         18.1174         2.61565         31.2075 
        2.77349         17.9989         2.58697         31.0233 
        2.78576         17.7975         2.55884         30.8401 
        2.79802         17.6828         2.53113         30.6323 
        2.81031         17.5724         2.50378         30.4456 
        2.82259         17.4761         2.47683         30.2586 
        2.83483          17.313         2.45039         30.0545 
         2.8471         17.2604         2.42428         29.8498 
         2.8594         17.1077         2.39847         29.6652 
         2.8717         17.0151         2.37305          29.476 
        2.88396         16.8639         2.34809         29.2845 
        2.89619         16.8189         2.32353         29.1092 
        2.90847         16.7206         2.29923         28.9314 
        2.92072         16.5905         2.27533         28.7466 
        2.93299         16.5199         2.25174         28.5836 
        2.94526         16.4691         2.22848          28.405 
        2.95753         16.4037         2.20554         28.2186 
        2.96982         16.2875          2.1829         28.0486 
        2.98209         16.1932         2.16061         27.8804 
        2.99436         16.1583         2.13862         27.7061 
        3.00666         16.0678          2.1169         27.5294 
        3.01894         16.0269         2.09552         27.3595 
        3.03119         15.9324         2.07446         27.1919 
        3.04345         15.9349          2.0537         27.0281 
        3.05573         15.9215         2.03318         26.8644 
          3.068         15.8041         2.01295         26.6939 
        3.08026         15.7951         1.99303         26.5296 
        3.09254         15.7221         1.97334         26.3714 
        3.10483         15.7235         1.95391         26.2153 
         3.1171         15.7737         1.93477         26.0614 
        3.12933         15.7056         1.91593         25.9054 
        3.14159         15.6175         1.89731         25.7393 
