# k  (h/Mpc)    P(k)  (Mpc/h)^3    P_linear(k)  (Mpc/h)^3     P_NL(k)  ShotnoiseSubtracted = false
      0.0156606         1200.17         1176.61         1171.11 
      0.0273761          1043.9         1017.28         1015.07 
      0.0384619         792.645         766.404         766.166 
      0.0498308         622.774         602.834         603.057 
      0.0625568          525.47         512.341         511.986 
      0.0751274         451.609         435.293         434.392 
      0.0867833         360.257         350.462         350.383 
      0.0984825         289.837         277.347         277.994 
       0.111151         242.294         231.581         232.178 
       0.123864         217.556         208.701         209.035 
       0.135742         195.224         187.675         187.956 
        0.14762         165.894         160.472         161.293 
       0.160083          137.96         133.763         134.757 
       0.172465         121.009         116.749          117.92 
       0.184281         112.054         107.629         108.842 
       0.196406         102.408         99.3954         100.288 
       0.209011            91.8         88.4364         89.4812 
       0.221538         81.0323         77.2851         78.7781 
       0.233611          72.671         69.1502         70.8051 
       0.245665         67.9439          63.823         65.2818 
       0.258103         61.4494         59.4138         60.8577 
       0.270422         57.4953         54.5944         55.9807 
       0.282519          52.147         49.5474         51.0548 
       0.294636         48.8253         45.1432         46.7334 
       0.306978         43.6292         41.7651         43.4011 
       0.319417         41.4175         39.0479         40.6337 
        0.33169         38.5033         36.4471         37.9754 
       0.343948         36.2398         33.7703          35.298 
       0.356249         33.1612           31.26           32.99 
       0.368458         31.3853         29.1574         30.7052 
        0.38068         29.2891         27.3993         28.9386 
       0.392856         27.5054         25.7941         27.3482 
       0.405069         25.9744         24.2245         25.7023 
       0.417459         24.0348         22.7049         24.2408 
       0.429752         22.9071         21.3407         22.8595 
       0.441978         21.7562         20.1434         21.7411 
       0.454294         20.3118         19.0561         20.5669 
        0.46658         19.8023         18.0359         19.5199 
       0.478753         18.4986         17.0735         18.5534 
       0.490964         17.7714         16.1694         17.7164 
       0.503334         16.9496         15.3351         16.7995 
       0.515665         15.9678         14.5742         16.1099 
       0.527909         15.2999         13.8718         15.2887 
       0.540159          14.531         13.2072         14.6081 
        0.55248         13.6306         12.5766         13.9302 
       0.564743         13.3757         11.9928         13.4168 
        0.57686         12.8174         11.4562         12.8374 
       0.589077         12.0452         10.9497         12.3643 
       0.601441         11.5595          10.468         11.8565 
        0.61382         11.1048         10.0138         11.3534 
       0.626067         10.6264         9.59006         10.9239 
       0.638306           10.24           9.191         10.4949 
       0.650632         9.95178         8.81289         10.1303 
       0.662899         9.47665         8.45857         9.73708 
       0.675076         9.01074         8.12652         9.39231 
       0.687267         8.75105         7.81187         9.03251 
       0.699615         8.49029         7.50995         8.72149 
       0.711937         8.05451         7.22453         8.44455 
       0.724148         7.93191         6.95637         8.16036 
       0.736433         7.50526         6.70049         7.86603 
       0.748747         7.28811         6.45711         7.64088 
       0.761037         7.08287          6.2264         7.38712 
       0.773197         6.77074         6.00935         7.17519 
       0.785376         6.54226          5.8024         6.94284 
       0.797761         6.33627           5.602         6.71303 
       0.810096         6.16507         5.41185         6.54505 
       0.822371         6.00646         5.23146          6.3251 
       0.834626         5.79928         5.05962         6.14069 
       0.846916         5.58964         4.89509           5.979 
       0.859215         5.37184         4.73782         5.81759 
       0.871383         5.22371         4.58907          5.6559 
        0.88363         5.08601         4.44585         5.49745 
       0.895928         4.97104         4.30822         5.34048 
       0.908253         4.81748          4.1762         5.20076 
       0.920535         4.65322         4.05018          5.0546 
       0.932774         4.54011         3.92982         4.90673 
        0.94508         4.40276         3.81377          4.7951 
       0.957324         4.29081         3.70299         4.68757 
        0.96953         4.14243         3.59698         4.56632 
       0.981769         4.02973         3.49487         4.43823 
       0.994071         3.95354         3.39625         4.34511 
         1.0064         3.81975         3.30129         4.23733 
        1.01868         3.70513         3.21026         4.13312 
        1.03092         3.64463         3.12308         4.02809 
         1.0432         3.51245         3.03884         3.93864 
        1.05553         3.43798         2.95739         3.85544 
        1.06777         3.32816         2.87953         3.77195 
           1.08         3.27104         2.80456         3.68003 
        1.09227         3.16981         2.73203          3.5948 
         1.1046         3.09685         2.66181         3.51959 
         1.1169         3.00441         2.59419         3.44285 
        1.12915         2.95736         2.52926         3.37381 
        1.14142         2.87015         2.46643         3.29486 
        1.15365         2.80788         2.40592         3.23218 
        1.16585         2.75164         2.34762         3.16516 
        1.17807         2.69842         2.29118         3.09763 
        1.19037          2.5995         2.23624         3.03196 
        1.20276         2.54535         2.18273         2.96577 
        1.21504         2.49419          2.1314          2.9187 
        1.22728         2.43657         2.08193         2.85083 
        1.23954         2.39164         2.03393         2.80904 
        1.25184         2.33458         1.98735         2.74426 
        1.26414         2.28806         1.94222         2.68815 
        1.27632         2.21904          1.8989         2.64699 
         1.2886         2.19051         1.85659         2.59112 
        1.30093         2.12433         1.81544         2.55009 
        1.31316         2.06533         1.77583         2.49916 
        1.32541         2.04089          1.7374         2.45836 
        1.33772         2.00635         1.69989         2.41253 
        1.35005         1.96296         1.66347         2.37104 
        1.36225          1.9198          1.6285          2.3253 
        1.37447         1.87932         1.59446         2.29092 
        1.38676         1.83945         1.56124         2.24488 
        1.39907         1.79438         1.52892         2.21236 
        1.41133         1.76085         1.49765         2.17441 
        1.42358         1.73942         1.46729         2.13128 
        1.43591         1.70322         1.43757         2.10818 
        1.44818         1.66523         1.40883         2.07068 
        1.46037          1.6269         1.38105         2.03234 
        1.47263         1.59504         1.35387         2.00311 
        1.48494         1.56932         1.32732          1.9707 
        1.49724          1.5347          1.3015         1.93852 
        1.50952         1.51781         1.27642          1.9059 
        1.52178         1.47882         1.25204          1.8802 
        1.53409         1.45211          1.2282         1.84699 
        1.54637         1.41928         1.20504         1.81744 
        1.55858          1.4004          1.1826         1.78975 
        1.57081         1.37791          1.1607         1.76284 
        1.58313         1.34755         1.13922         1.74052 
        1.59544         1.32624          1.1183         1.71291 
        1.60767         1.30503         1.09804         1.68775 
        1.61994         1.27724         1.07821          1.6645 
        1.63225         1.26008         1.05883         1.64134 
        1.64452           1.237         1.03999         1.61559 
        1.65676         1.21076         1.02165         1.59366 
          1.669         1.19322         1.00375         1.56893 
        1.68133         1.16904        0.986168         1.55082 
        1.69363         1.15752        0.969056         1.52764 
        1.70585         1.13554        0.952459         1.50733 
        1.71809         1.11928        0.936219         1.48588 
        1.73038         1.09558        0.920306         1.46607 
        1.74268         1.07496        0.904753         1.44552 
        1.75493         1.06587        0.889632         1.42865 
        1.76714         1.04421        0.874896         1.40683 
        1.77942         1.02308        0.860419         1.38903 
        1.79173         1.01109        0.846232         1.37066 
        1.80402        0.994744        0.832395         1.35296 
         1.8163        0.978843        0.818876         1.33426 
         1.8286        0.957206        0.805634         1.32159 
         1.8409        0.953099        0.792696         1.30355 
        1.85315        0.938201        0.780086         1.28513 
        1.86537        0.916516        0.767776         1.27095 
        1.87765        0.905562        0.755685         1.25434 
        1.88995        0.892664        0.743827         1.23954 
        1.90221         0.87745        0.732264         1.22364 
        1.91445        0.864084        0.720966         1.21012 
        1.92674        0.851102        0.709868          1.1948 
        1.93902         0.83518        0.699003         1.17953 
        1.95124        0.824669        0.688424         1.16568 
         1.9635        0.812873        0.678036         1.15149 
        1.97583        0.799249        0.667798         1.13708 
        1.98812         0.78724         0.65781          1.1263 
        2.00039        0.775407        0.648046         1.11195 
        2.01264        0.764972        0.638489         1.09976 
        2.02492         0.75586        0.629112         1.08848 
        2.03717        0.748008        0.619939         1.07576 
        2.04942        0.733504         0.61096         1.06219 
        2.06171        0.723964        0.602129         1.05046 
        2.07397        0.713512        0.593492         1.03997 
        2.08629        0.705189        0.584989          1.0285 
        2.09857        0.693639        0.576672         1.01737 
        2.11081        0.682857        0.568552         1.00548 
        2.12309        0.674419        0.560568        0.995606 
        2.13538        0.667318        0.552727        0.983771 
        2.14763        0.658991        0.545061         0.97392 
        2.15986        0.650101        0.537559        0.964822 
        2.17214        0.637473        0.530168        0.952592 
        2.18443        0.631678        0.522909        0.943613 
        2.19671        0.624218        0.515794         0.93406 
        2.20898        0.615044         0.50882         0.92406 
        2.22126         0.60557        0.501968        0.914762 
        2.23354        0.597422        0.495245        0.905835 
         2.2458        0.592024        0.488656        0.895575 
        2.25807        0.582833        0.482181        0.886985 
        2.27035        0.577299        0.475819         0.87798 
        2.28263        0.567752        0.469574        0.869887 
         2.2949        0.561735        0.463444        0.860852 
        2.30718        0.555574        0.457422        0.852855 
        2.31946        0.547822        0.451504        0.844791 
        2.33169        0.539911        0.445716        0.836305 
        2.34393         0.53575        0.440021        0.828112 
        2.35622        0.528158        0.434408        0.819788 
        2.36847        0.522846        0.428907         0.81225 
        2.38076        0.515138        0.423486        0.804535 
        2.39305        0.510026         0.41816        0.797302 
        2.40534        0.502926        0.412925        0.789762 
        2.41762        0.497811        0.407781        0.781612 
        2.42989        0.490598        0.402732        0.774733 
        2.44216        0.486973        0.397769        0.768224 
         2.4544        0.482727        0.392901        0.761015 
        2.46667        0.476406        0.388103        0.753664 
        2.47897        0.470903        0.383374        0.747289 
        2.49124         0.46438        0.378737        0.740135 
        2.50349        0.460118        0.374184        0.733189 
        2.51578        0.454788        0.369691         0.72669 
        2.52805        0.450964        0.365281        0.720555 
        2.54029        0.445564        0.360953        0.714045 
        2.55257        0.440706        0.356682        0.708399 
        2.56487        0.436691        0.352473        0.701987 
        2.57716        0.432137        0.348337        0.695589 
        2.58942        0.428675        0.344277        0.690092 
        2.60167        0.424402        0.340285        0.683512 
        2.61395        0.418812        0.336351        0.677892 
        2.62624        0.415146        0.332474        0.672762 
        2.63849        0.410984         0.32867        0.666803 
        2.65073         0.40741        0.324929        0.661029 
        2.66302        0.403668        0.321234        0.655378 
         2.6753        0.400107        0.317598        0.650047 
        2.68756        0.396819        0.314026        0.644869 
        2.69983        0.392204        0.310506        0.639423 
        2.71213        0.387233        0.307033        0.634265 
        2.72441        0.385808        0.303619        0.629217 
        2.73665        0.382342        0.300266        0.624495 
         2.7489        0.380299        0.296965        0.619487 
        2.76118        0.375967        0.293703        0.614164 
        2.77349        0.373821        0.290483         0.60964 
        2.78576        0.370841        0.287324        0.604349 
        2.79802         0.36778        0.284213        0.599308 
        2.81031        0.364796        0.281141        0.595337 
        2.82259        0.362815        0.278116        0.590083 
        2.83483        0.359814        0.275146        0.585549 
         2.8471         0.35739        0.272215        0.581219 
         2.8594        0.355697        0.269317        0.577048 
         2.8717        0.352243        0.266462        0.572651 
        2.88396        0.350084         0.26366        0.568093 
        2.89619          0.3485        0.260902        0.564065 
        2.90847        0.346139        0.258174         0.56001 
        2.92072        0.344819        0.255489        0.555427 
        2.93299        0.342001        0.252841         0.55111 
        2.94526        0.340454        0.250229        0.547187 
        2.95753        0.339802        0.247654        0.543263 
        2.96982        0.337497        0.245111        0.539121 
        2.98209         0.33669        0.242609        0.535055 
        2.99436        0.333668        0.240139        0.531297 
        3.00666        0.333637          0.2377        0.527725 
        3.01894        0.332899        0.235299        0.523821 
        3.03119        0.331719        0.232935        0.519834 
        3.04345        0.330193        0.230604        0.516273 
        3.05573        0.330232        0.228299        0.512946 
          3.068        0.327716        0.226029        0.509233 
        3.08026        0.328099        0.223791        0.505187 
        3.09254        0.327127         0.22158        0.501617 
        3.10483         0.32634        0.219398        0.498423 
         3.1171         0.32709        0.217249        0.495116 
        3.12933        0.326417        0.215134        0.491687 
        3.14159        0.325531        0.213043        0.488264 
