# k  (h/Mpc)    Pcb(k)  (Mpc/h)^3    Pcb_linear(k) (Mpc/h)^3    Pcb_NL(k) (Mpc/h)^3   ShotnoiseSubtracted = false
      0.0156606           21604         21722.7         21551.8 
      0.0273761         18516.7         18780.5         18577.2 
      0.0384619         14001.2         14148.5         13968.4 
      0.0498308         10811.8         11128.5         10947.3 
      0.0625568         9133.83         9457.65         9296.39 
      0.0751274         8134.14         8035.19         7808.63 
      0.0867833         6300.46         6469.16         6399.11 
      0.0984825         5323.83         5119.48         5182.07 
       0.111151         4553.85         4274.65         4352.52 
       0.123864         4079.06         3852.31         3915.31 
       0.135742         3719.09         3464.17         3527.36 
        0.14762         3237.51         2962.03         3129.59 
       0.160083          2750.2         2469.02         2675.65 
       0.172465         2452.79         2154.98         2418.08 
       0.184281         2222.82         1986.63          2250.5 
       0.196406         2096.76         1834.64         2072.99 
       0.209011          1961.5         1632.36         1879.22 
       0.221538         1765.92         1426.53         1754.94 
       0.233611         1692.89         1276.37         1644.91 
       0.245665         1534.34         1178.04         1519.25 
       0.258103         1518.93         1096.66         1434.64 
       0.270422         1354.61          1007.7            1348 
       0.282519         1279.49         914.544         1276.45 
       0.294636         1256.35          833.25         1209.31 
       0.306978         1147.72         770.896         1159.08 
       0.319417         1124.92         720.743         1092.92 
        0.33169         1057.29         672.736         1035.21 
       0.343948         1014.82         623.329         1003.47 
       0.356249         961.831         576.994         966.436 
       0.368458         923.918         538.184         923.687 
        0.38068         908.925         505.728         888.676 
       0.392856         862.982         476.102         857.822 
       0.405069         818.671         447.132          830.23 
       0.417459         787.297         419.082         801.003 
       0.429752         783.105         393.902         773.119 
       0.441978         755.545         371.802         753.627 
       0.454294         722.104         351.733         723.054 
        0.46658         701.715         332.903         708.308 
       0.478753         688.187         315.139         686.947 
       0.490964         661.369         298.453         666.065 
       0.503334          632.92         283.052         651.329 
       0.515665         630.637         269.008         636.759 
       0.527909         604.477         256.043         623.364 
       0.540159         589.529         243.777         607.633 
        0.55248         577.691         232.138         591.935 
       0.564743          572.88         221.361         581.935 
        0.57686         553.526         211.457         566.632 
       0.589077         543.024         202.107         554.187 
       0.601441          530.87         193.216         543.422 
        0.61382           516.2         184.834         533.978 
       0.626067         510.452         177.011          524.02 
       0.638306         491.683         169.645         513.467 
       0.650632         486.994         162.667         501.209 
       0.662899         482.829         156.127          495.21 
       0.675076         466.778         149.998         488.371 
       0.687267         453.527          144.19         476.817 
       0.699615          451.48         138.617         469.319 
       0.711937          442.48         133.349         460.553 
       0.724148          427.91         128.399         454.366 
       0.736433         417.812         123.676         446.292 
       0.748747         412.458         119.184         438.421 
       0.761037         404.954         114.926         433.084 
       0.773197         398.996         110.919         426.058 
       0.785376         393.557           107.1         419.905 
       0.797761         381.855         103.401          413.58 
       0.810096         378.044         99.8908         408.386 
       0.822371         367.411         96.5612          401.75 
       0.834626         364.038         93.3894         397.015 
       0.846916         357.937         90.3526         390.817 
       0.859215         354.364         87.4498         385.148 
       0.871383         346.099         84.7041         380.064 
        0.88363         342.526         82.0605         376.217 
       0.895928         337.177         79.5203         370.346 
       0.908253         328.728         77.0834         364.318 
       0.920535         322.909         74.7573         360.282 
       0.932774         317.529         72.5357         354.888 
        0.94508         312.704         70.3937         351.299 
       0.957324         309.945         68.3491         346.605 
        0.96953         305.788         66.3923         342.403 
       0.981769          298.12         64.5075         338.636 
       0.994071         296.953         62.6874         334.499 
         1.0064         291.087         60.9346         329.636 
        1.01868         287.787         59.2543         325.432 
        1.03092         279.087         57.6451         322.574 
         1.0432         276.266         56.0902         318.673 
        1.05553         273.135         54.5868          314.31 
        1.06777         269.886         53.1497         310.822 
           1.08         263.587          51.766         307.368 
        1.09227         262.494         50.4273         303.672 
         1.1046         257.481         49.1311         300.768 
         1.1169         251.668         47.8829         296.758 
        1.12915         248.315         46.6845          293.84 
        1.14142         243.378         45.5248         290.318 
        1.15365         240.541          44.408         287.264 
        1.16585         236.215         43.3318             284 
        1.17807         233.857         42.2901         281.065 
        1.19037          230.12         41.2759         278.661 
        1.20276         227.002         40.2882         275.016 
        1.21504          222.16         39.3408         271.952 
        1.22728          218.83         38.4279          268.84 
        1.23954          217.59         37.5418         266.348 
        1.25184         212.659         36.6821         263.506 
        1.26414         208.338          35.849         260.991 
        1.27632         206.892         35.0494         258.662 
         1.2886         205.194         34.2686          255.67 
        1.30093         200.109         33.5089         252.492 
        1.31316         195.898         32.7778          249.96 
        1.32541         194.789         32.0684         247.447 
        1.33772         191.639         31.3762          245.13 
        1.35005         189.183          30.704         242.368 
        1.36225         185.506         30.0584         240.104 
        1.37447         182.668         29.4302         237.167 
        1.38676          180.81         28.8171         235.472 
        1.39907          178.13         28.2204         232.646 
        1.41133         174.736         27.6433         230.262 
        1.42358         172.649         27.0829         228.093 
        1.43591          170.44         26.5343         225.988 
        1.44818         167.159         26.0039         223.668 
        1.46037         165.648         25.4911         221.272 
        1.47263         162.436         24.9894         219.275 
        1.48494         160.808         24.4993         216.608 
        1.49724         158.194         24.0228         215.196 
        1.50952         155.257         23.5599         212.805 
        1.52178         153.901         23.1099         210.575 
        1.53409          150.88         22.6699         208.729 
        1.54637         148.695         22.2423         207.006 
        1.55858         146.921         21.8281         204.771 
        1.57081          144.34          21.424         202.866 
        1.58313         142.417         21.0275         200.798 
        1.59544         139.779         20.6414         199.003 
        1.60767         138.534         20.2674         197.229 
        1.61994         136.096         19.9014         195.325 
        1.63225         134.025         19.5437          193.31 
        1.64452         131.805         19.1958          191.59 
        1.65676         130.047         18.8575         189.938 
          1.669         128.633          18.527         188.124 
        1.68133         126.068         18.2025         186.408 
        1.69363         123.888         17.8866         184.812 
        1.70585         121.909         17.5803         183.135 
        1.71809         120.329         17.2805         181.156 
        1.73038         118.993         16.9868         179.679 
        1.74268         117.829         16.6997         177.924 
        1.75493         114.851         16.4206         176.466 
        1.76714         114.372         16.1486         174.951 
        1.77942         111.998         15.8814         173.266 
        1.79173         110.206         15.6195         171.706 
        1.80402         108.951         15.3641         170.177 
         1.8163         106.811         15.1146         168.789 
         1.8286         105.458         14.8702         167.155 
         1.8409         104.405         14.6314         165.602 
        1.85315         102.134         14.3986         164.249 
        1.86537          101.31         14.1714         162.879 
        1.87765         99.9941         13.9483         161.488 
        1.88995         98.1292         13.7294         159.957 
        1.90221         96.9366         13.5159         158.699 
        1.91445         95.5512         13.3074         157.166 
        1.92674         94.0339         13.1026         155.803 
        1.93902         92.8043          12.902           154.4 
        1.95124         91.5514         12.7067         153.098 
         1.9635         90.0437          12.515         151.761 
        1.97583         88.6491          12.326         150.454 
        1.98812         87.4069         12.1417         149.348 
        2.00039         86.4007         11.9615         147.928 
        2.01264         85.2958         11.7851         146.713 
        2.02492         84.2602          11.612         145.376 
        2.03717         82.8487         11.4427         144.228 
        2.04942         81.9143         11.2769         143.019 
        2.06171         80.3206         11.1139         141.764 
        2.07397         79.4526         10.9545         140.666 
        2.08629          78.303         10.7976          139.44 
        2.09857         77.2891         10.6441         138.318 
        2.11081         75.9806         10.4942         137.042 
        2.12309         74.9832         10.3468         136.021 
        2.13538         73.8355         10.2021         134.823 
        2.14763         72.8722         10.0606         133.739 
        2.15986         71.9429         9.92213          132.55 
        2.17214         71.0012          9.7857          131.51 
        2.18443         70.0469         9.65171         130.596 
        2.19671         69.1051         9.52039         129.463 
        2.20898          68.303         9.39167         128.305 
        2.22126         67.2529         9.26519         127.351 
        2.23354         66.4617         9.14109          126.33 
         2.2458         65.1696         9.01948          125.29 
        2.25807          64.485         8.89997         124.275 
        2.27035         63.5493         8.78253         123.261 
        2.28263         62.7407         8.66726         122.319 
         2.2949         61.6085         8.55412         121.354 
        2.30718         60.7739         8.44297         120.376 
        2.31946         60.2604         8.33374         119.343 
        2.33169         59.2471         8.22691         118.445 
        2.34393          58.796         8.12179         117.604 
        2.35622         57.6717         8.01817         116.616 
        2.36847          57.193         7.91665          115.82 
        2.38076         56.1781         7.81659         114.778 
        2.39305         55.5973         7.71828             114 
        2.40534          54.797         7.62166         113.052 
        2.41762         54.1643          7.5267          112.14 
        2.42989         53.3187         7.43351         111.337 
        2.44216          52.816          7.3419         110.404 
         2.4544         51.9539         7.25206           109.6 
        2.46667         51.2941          7.1635         108.762 
        2.47897         50.7568         7.07621         107.873 
        2.49124         50.2407         6.99062         107.081 
        2.50349         49.5033         6.90658         106.276 
        2.51578         48.9768         6.82365         105.564 
        2.52805         48.3067         6.74224         104.675 
        2.54029          47.819         6.66236         103.868 
        2.55257         47.1749         6.58354         103.155 
        2.56487         46.9172         6.50584         102.396 
        2.57716         46.2698          6.4295         101.626 
        2.58942         45.5716         6.35456         100.875 
        2.60167         45.0258         6.28088          100.14 
        2.61395         44.6763         6.20827         99.3894 
        2.62624         43.9239          6.1367         98.6002 
        2.63849         43.4708         6.06649         97.9035 
        2.65073         42.9487         5.99744          97.194 
        2.66302         42.5359         5.92923         96.4609 
         2.6753         42.0574         5.86212         95.7922 
        2.68756          41.682         5.79619         95.0624 
        2.69983         41.1409         5.73123         94.3972 
        2.71213         40.7142         5.66712          93.722 
        2.72441         40.3078         5.60411         93.0335 
        2.73665          39.853         5.54221         92.3955 
         2.7489         39.4121         5.48128          91.745 
        2.76118          39.048         5.42108          91.066 
        2.77349         38.5945         5.36164         90.4298 
        2.78576         38.2422         5.30333         89.7597 
        2.79802         37.9137         5.24591         89.1965 
        2.81031         37.3713         5.18921         88.5424 
        2.82259         37.0982         5.13337         87.8856 
        2.83483         36.6445         5.07857         87.3188 
         2.8471         36.3536         5.02445         86.6831 
         2.8594         35.9752         4.97097          86.063 
         2.8717         35.7453         4.91827         85.5085 
        2.88396         35.4304         4.86654         84.9078 
        2.89619         35.1457         4.81565          84.271 
        2.90847         34.8063         4.76529         83.6609 
        2.92072         34.5792         4.71574         83.1426 
        2.93299         34.4429         4.66687         82.5939 
        2.94526           34.06         4.61864         82.0126 
        2.95753         33.8369         4.57111         81.4348 
        2.96982         33.4962         4.52417         80.8932 
        2.98209         33.3741         4.47799          80.357 
        2.99436         33.0743         4.43241         79.7775 
        3.00666         32.9941         4.38739         79.2433 
        3.01894         32.7108         4.34308          78.716 
        3.03119         32.5686         4.29944         78.2088 
        3.04345         32.4085          4.2564          77.696 
        3.05573         32.1931         4.21387         77.1671 
          3.068         32.0625         4.17196          76.656 
        3.08026         31.8783         4.13066         76.1415 
        3.09254         31.7971         4.08985         75.6451 
        3.10483         31.8143         4.04958           75.15 
         3.1171         31.6359         4.00991         74.6477 
        3.12933         31.4602         3.97088         74.1521 
        3.14159         31.4086         3.93228         73.6521 
