# k  (h/Mpc)    P(k)  (Mpc/h)^3    P_linear(k)  (Mpc/h)^3     P_NL(k)  ShotnoiseSubtracted = false
      0.0156606         1192.04         1176.61         1171.11 
      0.0273761         1036.85         1017.28         1015.07 
      0.0384619          787.29         766.404         766.166 
      0.0498308         618.578         602.834         603.057 
      0.0625568         521.931         512.341         511.986 
      0.0751274         448.547         435.293         434.392 
      0.0867833         357.828         350.462         350.383 
      0.0984825         287.869         277.347         277.994 
       0.111151         240.647         231.581         232.178 
       0.123864         216.076         208.701         209.035 
       0.135742         193.895         187.675         187.956 
        0.14762         164.766         160.472         161.293 
       0.160083         137.023         133.763         134.757 
       0.172465         120.184         116.749          117.92 
       0.184281         111.288         107.629         108.842 
       0.196406          101.71         99.3954         100.288 
       0.209011         91.1714         88.4364         89.4812 
       0.221538         80.4743         77.2851         78.7781 
       0.233611         72.1688         69.1502         70.8051 
       0.245665         67.4715          63.823         65.2818 
       0.258103         61.0254         59.4138         60.8577 
       0.270422          57.096         54.5944         55.9807 
       0.282519         51.7848         49.5474         51.0548 
       0.294636         48.4806         45.1432         46.7334 
       0.306978         43.3247         41.7651         43.4011 
       0.319417         41.1267         39.0479         40.6337 
        0.33169         38.2333         36.4471         37.9754 
       0.343948         35.9832         33.7703          35.298 
       0.356249         32.9264           31.26           32.99 
       0.368458         31.1611         29.1574         30.7052 
        0.38068         29.0795         27.3993         28.9386 
       0.392856         27.3092         25.7941         27.3482 
       0.405069         25.7888         24.2245         25.7023 
       0.417459         23.8616         22.7049         24.2408 
       0.429752         22.7412         21.3407         22.8595 
       0.441978         21.5983         20.1434         21.7411 
       0.454294         20.1649         19.0561         20.5669 
        0.46658         19.6567         18.0359         19.5199 
       0.478753         18.3632         17.0735         18.5534 
       0.490964         17.6405         16.1694         17.7164 
       0.503334         16.8242         15.3351         16.7995 
       0.515665          15.849         14.5742         16.1099 
       0.527909         15.1863         13.8718         15.2887 
       0.540159         14.4223         13.2072         14.6081 
        0.55248         13.5294         12.5766         13.9302 
       0.564743         13.2754         11.9928         13.4168 
        0.57686         12.7205         11.4562         12.8374 
       0.589077         11.9542         10.9497         12.3643 
       0.601441          11.472          10.468         11.8565 
        0.61382         11.0203         10.0138         11.3534 
       0.626067         10.5452         9.59006         10.9239 
       0.638306         10.1616           9.191         10.4949 
       0.650632          9.8752         8.81289         10.1303 
       0.662899         9.40392         8.45857         9.73708 
       0.675076         8.94131         8.12652         9.39231 
       0.687267         8.68274         7.81187         9.03251 
       0.699615         8.42414         7.50995         8.72149 
       0.711937         7.99195         7.22453         8.44455 
       0.724148         7.86955         6.95637         8.16036 
       0.736433         7.44658         6.70049         7.86603 
       0.748747          7.2306         6.45711         7.64088 
       0.761037         7.02646          6.2264         7.38712 
       0.773197         6.71689         6.00935         7.17519 
       0.785376         6.49006          5.8024         6.94284 
       0.797761         6.28543           5.602         6.71303 
       0.810096         6.11573         5.41185         6.54505 
       0.822371         5.95824         5.23146          6.3251 
       0.834626         5.75258         5.05962         6.14069 
       0.846916         5.54452         4.89509           5.979 
       0.859215         5.32832         4.73782         5.81759 
       0.871383         5.18109         4.58907          5.6559 
        0.88363         5.04437         4.44585         5.49745 
       0.895928         4.93022         4.30822         5.34048 
       0.908253         4.77783          4.1762         5.20076 
       0.920535         4.61498         4.05018          5.0546 
       0.932774         4.50237         3.92982         4.90673 
        0.94508         4.36633         3.81377          4.7951 
       0.957324         4.25513         3.70299         4.68757 
        0.96953         4.10802         3.59698         4.56632 
       0.981769          3.9958         3.49487         4.43823 
       0.994071         3.92018         3.39625         4.34511 
         1.0064         3.78767         3.30129         4.23733 
        1.01868         3.67357         3.21026         4.13312 
        1.03092         3.61377         3.12308         4.02809 
         1.0432         3.48279         3.03884         3.93864 
        1.05553         3.40873         2.95739         3.85544 
        1.06777         3.29977         2.87953         3.77195 
           1.08         3.24307         2.80456         3.68003 
        1.09227         3.14249         2.73203          3.5948 
         1.1046         3.07014         2.66181         3.51959 
         1.1169         2.97865         2.59419         3.44285 
        1.12915         2.93152         2.52926         3.37381 
        1.14142         2.84532         2.46643         3.29486 
        1.15365         2.78354         2.40592         3.23218 
        1.16585         2.72753         2.34762         3.16516 
        1.17807         2.67492         2.29118         3.09763 
        1.19037         2.57666         2.23624         3.03196 
        1.20276          2.5229         2.18273         2.96577 
        1.21504         2.47228          2.1314          2.9187 
        1.22728         2.41512         2.08193         2.85083 
        1.23954         2.37046         2.03393         2.80904 
        1.25184         2.31396         1.98735         2.74426 
        1.26414         2.26761         1.94222         2.68815 
        1.27632         2.19925          1.8989         2.64699 
         1.2886         2.17086         1.85659         2.59112 
        1.30093         2.10518         1.81544         2.55009 
        1.31316         2.04668         1.77583         2.49916 
        1.32541          2.0224          1.7374         2.45836 
        1.33772         1.98818         1.69989         2.41253 
        1.35005         1.94517         1.66347         2.37104 
        1.36225         1.90231          1.6285          2.3253 
        1.37447         1.86223         1.59446         2.29092 
        1.38676         1.82267         1.56124         2.24488 
        1.39907         1.77802         1.52892         2.21236 
        1.41133         1.74464         1.49765         2.17441 
        1.42358         1.72347         1.46729         2.13128 
        1.43591          1.6875         1.43757         2.10818 
        1.44818         1.64991         1.40883         2.07068 
        1.46037         1.61189         1.38105         2.03234 
        1.47263         1.58025         1.35387         2.00311 
        1.48494         1.55472         1.32732          1.9707 
        1.49724          1.5204          1.3015         1.93852 
        1.50952          1.5035         1.27642          1.9059 
        1.52178         1.46489         1.25204          1.8802 
        1.53409          1.4385          1.2282         1.84699 
        1.54637         1.40585         1.20504         1.81744 
        1.55858          1.3872          1.1826         1.78975 
        1.57081         1.36494          1.1607         1.76284 
        1.58313         1.33479         1.13922         1.74052 
        1.59544         1.31365          1.1183         1.71291 
        1.60767         1.29259         1.09804         1.68775 
        1.61994         1.26507         1.07821          1.6645 
        1.63225         1.24801         1.05883         1.64134 
        1.64452         1.22513         1.03999         1.61559 
        1.65676         1.19916         1.02165         1.59366 
          1.669         1.18171         1.00375         1.56893 
        1.68133         1.15782        0.986168         1.55082 
        1.69363         1.14635        0.969056         1.52764 
        1.70585         1.12448        0.952459         1.50733 
        1.71809         1.10839        0.936219         1.48588 
        1.73038         1.08489        0.920306         1.46607 
        1.74268         1.06443        0.904753         1.44552 
        1.75493         1.05545        0.889632         1.42865 
        1.76714         1.03394        0.874896         1.40683 
        1.77942         1.01296        0.860419         1.38903 
        1.79173         1.00115        0.846232         1.37066 
        1.80402        0.984903        0.832395         1.35296 
         1.8163        0.969135        0.818876         1.33426 
         1.8286        0.947664        0.805634         1.32159 
         1.8409        0.943567        0.792696         1.30355 
        1.85315        0.928844        0.780086         1.28513 
        1.86537        0.907299        0.767776         1.27095 
        1.87765        0.896408        0.755685         1.25434 
        1.88995        0.883712        0.743827         1.23954 
        1.90221         0.86855        0.732264         1.22364 
        1.91445        0.855372        0.720966         1.21012 
        1.92674        0.842438        0.709868          1.1948 
        1.93902        0.826689        0.699003         1.17953 
        1.95124        0.816288        0.688424         1.16568 
         1.9635        0.804581        0.678036         1.15149 
        1.97583        0.791071        0.667798         1.13708 
        1.98812        0.779137         0.65781          1.1263 
        2.00039        0.767458        0.648046         1.11195 
        2.01264        0.757139        0.638489         1.09976 
        2.02492        0.748066        0.629112         1.08848 
        2.03717        0.740236        0.619939         1.07576 
        2.04942        0.725893         0.61096         1.06219 
        2.06171         0.71646        0.602129         1.05046 
        2.07397        0.706078        0.593492         1.03997 
        2.08629         0.69785        0.584989          1.0285 
        2.09857        0.686386        0.576672         1.01737 
        2.11081        0.675703        0.568552         1.00548 
        2.12309        0.667318        0.560568        0.995606 
        2.13538        0.660265        0.552727        0.983771 
        2.14763        0.652005        0.545061         0.97392 
        2.15986        0.643217        0.537559        0.964822 
        2.17214        0.630739        0.530168        0.952592 
        2.18443        0.625006        0.522909        0.943613 
        2.19671        0.617579        0.515794         0.93406 
        2.20898        0.608491         0.50882         0.92406 
        2.22126        0.599064        0.501968        0.914762 
        2.23354        0.591014        0.495245        0.905835 
         2.2458        0.585695        0.488656        0.895575 
        2.25807        0.576592        0.482181        0.886985 
        2.27035         0.57104        0.475819         0.87798 
        2.28263         0.56163        0.469574        0.869887 
         2.2949        0.555649        0.463444        0.860852 
        2.30718        0.549531        0.457422        0.852855 
        2.31946        0.541913        0.451504        0.844791 
        2.33169        0.534066        0.445716        0.836305 
        2.34393        0.529876        0.440021        0.828112 
        2.35622        0.522397        0.434408        0.819788 
        2.36847        0.517122        0.428907         0.81225 
        2.38076        0.509519        0.423486        0.804535 
        2.39305        0.504424         0.41816        0.797302 
        2.40534         0.49739        0.412925        0.789762 
        2.41762        0.492299        0.407781        0.781612 
        2.42989        0.485167        0.402732        0.774733 
        2.44216        0.481559        0.397769        0.768224 
         2.4544        0.477383        0.392901        0.761015 
        2.46667        0.471112        0.388103        0.753664 
        2.47897        0.465664        0.383374        0.747289 
        2.49124        0.459222        0.378737        0.740135 
        2.50349         0.45495        0.374184        0.733189 
        2.51578         0.44969        0.369691         0.72669 
        2.52805        0.445953        0.365281        0.720555 
        2.54029        0.440562        0.360953        0.714045 
        2.55257        0.435767        0.356682        0.708399 
        2.56487        0.431802        0.352473        0.701987 
        2.57716        0.427295        0.348337        0.695589 
        2.58942        0.423857        0.344277        0.690092 
        2.60167        0.419598        0.340285        0.683512 
        2.61395        0.414077        0.336351        0.677892 
        2.62624        0.410416        0.332474        0.672762 
        2.63849         0.40634         0.32867        0.666803 
        2.65073        0.402786        0.324929        0.661029 
        2.66302        0.399072        0.321234        0.655378 
         2.6753        0.395527        0.317598        0.650047 
        2.68756        0.392291        0.314026        0.644869 
        2.69983        0.387714        0.310506        0.639423 
        2.71213        0.382802        0.307033        0.634265 
        2.72441         0.38137        0.303619        0.629217 
        2.73665        0.377959        0.300266        0.624495 
         2.7489        0.375919        0.296965        0.619487 
        2.76118        0.371649        0.293703        0.614164 
        2.77349        0.369508        0.290483         0.60964 
        2.78576        0.366564        0.287324        0.604349 
        2.79802        0.363554        0.284213        0.599308 
        2.81031        0.360577        0.281141        0.595337 
        2.82259        0.358615        0.278116        0.590083 
        2.83483        0.355627        0.275146        0.585549 
         2.8471        0.353253        0.272215        0.581219 
         2.8594        0.351567        0.269317        0.577048 
         2.8717        0.348168        0.266462        0.572651 
        2.88396         0.34603         0.26366        0.568093 
        2.89619        0.344444        0.260902        0.564065 
        2.90847        0.342127        0.258174         0.56001 
        2.92072        0.340767        0.255489        0.555427 
        2.93299        0.338023        0.252841         0.55111 
        2.94526        0.336471        0.250229        0.547187 
        2.95753        0.335795        0.247654        0.543263 
        2.96982        0.333513        0.245111        0.539121 
        2.98209        0.332728        0.242609        0.535055 
        2.99436        0.329747        0.240139        0.531297 
        3.00666        0.329696          0.2377        0.527725 
        3.01894        0.328985        0.235299        0.523821 
        3.03119        0.327799        0.232935        0.519834 
        3.04345        0.326294        0.230604        0.516273 
        3.05573        0.326325        0.228299        0.512946 
          3.068        0.323831        0.226029        0.509233 
        3.08026        0.324217        0.223791        0.505187 
        3.09254        0.323244         0.22158        0.501617 
        3.10483         0.32249        0.219398        0.498423 
         3.1171        0.323204        0.217249        0.495116 
        3.12933        0.322542        0.215134        0.491687 
        3.14159        0.321645        0.213043        0.488264 
