# k  (h/Mpc)    P(k)  (Mpc/h)^3    P_linear(k)  (Mpc/h)^3     P_NL(k)  ShotnoiseSubtracted = false
      0.0156606           17799         17781.8         17652.7 
      0.0273761         15262.8         15349.5         15207.9 
      0.0384619         11546.1         11554.3         11433.1 
      0.0498308         8930.07         9083.34         8963.01 
      0.0625568          7538.9          7716.8         7608.26 
      0.0751274         6692.04         6554.66         6400.79 
      0.0867833         5195.93         5276.41         5230.42 
      0.0984825         4364.04         4175.12          4221.4 
       0.111151          3719.5         3485.83         3540.48 
       0.123864          3334.4         3141.22         3185.89 
       0.135742         3031.43          2824.6          2869.8 
        0.14762         2629.44         2415.08         2534.92 
       0.160083          2218.1         2013.04         2158.52 
       0.172465          1978.4         1756.95         1941.42 
       0.184281         1802.21         1619.67          1806.5 
       0.196406         1684.59         1495.73         1660.41 
       0.209011         1567.71          1330.8         1502.58 
       0.221538         1413.65         1162.97         1395.51 
       0.233611         1343.13         1040.55         1302.07 
       0.245665         1223.09         960.378         1200.37 
       0.258103         1195.53         894.022         1131.85 
       0.270422            1070         821.496         1060.49 
       0.282519          1002.9         745.548         998.532 
       0.294636         990.415         679.273         943.122 
       0.306978         896.815         628.439         901.387 
       0.319417         873.126         587.551         849.095 
        0.33169         822.277         548.414         802.077 
       0.343948         785.866         508.135          775.61 
       0.356249         741.351         470.362         745.182 
       0.368458         716.621         438.723         708.739 
        0.38068         698.144         412.267         680.041 
       0.392856         660.332         388.113         654.589 
       0.405069         629.747         364.495          634.34 
       0.417459         604.953          341.63         607.833 
       0.429752         594.647         321.103         586.236 
       0.441978         574.383         303.087         570.295 
       0.454294         546.133         286.727         546.179 
        0.46658         532.763         271.376         533.898 
       0.478753         519.443         256.894         516.677 
       0.490964         499.698         243.291         500.234 
       0.503334         474.869         230.738          487.88 
       0.515665         473.821         219.289          477.28 
       0.527909         455.489          208.72         465.244 
       0.540159          443.91          198.72         452.518 
        0.55248         435.149         189.232         440.433 
       0.564743         430.626         180.448         432.603 
        0.57686         414.158         172.374         420.493 
       0.589077         402.274         164.752          411.09 
       0.601441         396.763         157.504         402.269 
        0.61382         387.803         150.671         394.992 
       0.626067         382.295         144.295          386.78 
       0.638306         366.892          138.29         379.324 
       0.650632         362.067         132.601          368.99 
       0.662899         358.833          127.27         364.618 
       0.675076         345.185         122.273         358.357 
       0.687267         336.411         117.539         349.868 
       0.699615         332.317         112.996         344.151 
       0.711937         327.233         108.702         337.953 
       0.724148         316.379         104.667         332.961 
       0.736433         309.237         100.817         326.495 
       0.748747         304.882         97.1548         320.449 
       0.761037         299.061         93.6835         315.845 
       0.773197         295.408         90.4177         311.314 
       0.785376         290.807         87.3039         306.185 
       0.797761         283.298         84.2885         301.399 
       0.810096         280.613         81.4276         297.426 
       0.822371         270.531         78.7133         292.506 
       0.834626         269.462         76.1278         288.459 
       0.846916         263.574         73.6522         284.158 
       0.859215         263.397          71.286         280.093 
       0.871383           256.3         69.0477          276.01 
        0.88363         254.681         66.8928         273.165 
       0.895928         249.059         64.8221         268.818 
       0.908253         242.506         62.8356         264.495 
       0.920535         240.825         60.9394         261.026 
       0.932774         234.056         59.1285         257.407 
        0.94508         231.461         57.3824         254.724 
       0.957324          230.58         55.7157         251.061 
        0.96953         227.185         54.1206         247.676 
       0.981769         220.389         52.5842         245.243 
       0.994071         219.453         51.1004         242.101 
         1.0064          214.61         49.6716         238.495 
        1.01868         211.788         48.3019         235.616 
        1.03092         206.904         46.9901         233.295 
         1.0432         203.356         45.7226         230.437 
        1.05553          200.66         44.4971         227.473 
        1.06777         200.105         43.3256         225.142 
           1.08         195.076         42.1977         222.376 
        1.09227          192.75         41.1064         219.892 
         1.1046          189.85         40.0498         217.629 
         1.1169         186.022         39.0323         214.643 
        1.12915         183.402         38.0554         212.703 
        1.14142         180.447           37.11         209.953 
        1.15365         177.883         36.1997         207.744 
        1.16585         175.242         35.3224         205.097 
        1.17807         172.975         34.4733         203.459 
        1.19037         171.271         33.6465          201.48 
        1.20276         168.655         32.8414         198.939 
        1.21504         165.245         32.0691         196.796 
        1.22728         162.153         31.3249         194.279 
        1.23954         161.629         30.6026         192.881 
        1.25184         158.509         29.9018          190.68 
        1.26414         155.822         29.2227          188.71 
        1.27632         155.224         28.5709         187.438 
         1.2886         153.177         27.9344          184.96 
        1.30093         148.717         27.3151         182.914 
        1.31316         146.946         26.7192         180.846 
        1.32541         145.424         26.1409         179.439 
        1.33772         144.024         25.5766         177.525 
        1.35005         141.718         25.0287         175.532 
        1.36225         139.654         24.5024         173.944 
        1.37447         137.591         23.9903         171.885 
        1.38676         135.874         23.4905         170.363 
        1.39907         133.482         23.0042         168.606 
        1.41133         131.449         22.5337         167.123 
        1.42358         129.661         22.0769         165.555 
        1.43591         128.176         21.6297         163.744 
        1.44818         126.665         21.1973          162.31 
        1.46037         124.536         20.7794         160.618 
        1.47263           123.2         20.3704         159.381 
        1.48494         121.228         19.9709         157.489 
        1.49724         119.576         19.5824         156.116 
        1.50952         117.374         19.2051         154.643 
        1.52178         116.868         18.8383         153.022 
        1.53409         114.393         18.4796         151.762 
        1.54637         113.005          18.131         150.466 
        1.55858         110.953         17.7934         148.882 
        1.57081         109.487          17.464         147.626 
        1.58313         108.145         17.1408         146.152 
        1.59544         106.718          16.826         144.889 
        1.60767         105.496         16.5212         143.498 
        1.61994         103.638         16.2228         142.438 
        1.63225         102.348         15.9312         140.772 
        1.64452         100.449         15.6476         139.526 
        1.65676         98.9976         15.3718         138.391 
          1.669         98.4037         15.1025         137.249 
        1.68133         96.3136         14.8379         135.967 
        1.69363         95.3466         14.5804         134.777 
        1.70585         93.5737         14.3307         133.565 
        1.71809         92.4272         14.0864         132.248 
        1.73038         91.7127         13.8469         131.155 
        1.74268         90.4533         13.6129         129.947 
        1.75493         88.8391         13.3854         128.799 
        1.76714         87.6441         13.1637         127.767 
        1.77942         86.5568         12.9459         126.499 
        1.79173         85.2394         12.7324         125.517 
        1.80402         84.5664         12.5242         124.447 
         1.8163         82.8605         12.3208         123.246 
         1.8286         81.7041         12.1216         122.205 
         1.8409         81.0698         11.9269          121.13 
        1.85315         79.7301         11.7372         120.168 
        1.86537         78.7677          11.552         119.155 
        1.87765         78.0733         11.3701          118.09 
        1.88995         76.7448         11.1916         117.132 
        1.90221         75.7006         11.0177         116.124 
        1.91445         74.5824         10.8477         115.078 
        1.92674         73.3882         10.6807         114.147 
        1.93902         72.4983         10.5172         113.122 
        1.95124         71.8021          10.358         112.242 
         1.9635         70.6909         10.2017         111.168 
        1.97583         69.6393         10.0477         110.373 
        1.98812          68.728         9.89741         109.427 
        2.00039         67.7896          9.7505         108.495 
        2.01264         67.1682         9.60671         107.585 
        2.02492         66.2017         9.46562         106.686 
        2.03717         65.0964          9.3276         105.754 
        2.04942         64.7885         9.19251         105.003 
        2.06171          63.346         9.05964         104.085 
        2.07397         62.6563         8.92969         103.273 
        2.08629         61.9322         8.80174         102.371 
        2.09857          60.969         8.67661         101.562 
        2.11081         60.0324         8.55443         100.633 
        2.12309         59.4591         8.43431         99.9529 
        2.13538         58.6155         8.31632         99.0928 
        2.14763         57.8062         8.20099         98.2989 
        2.15986         56.7447         8.08811         97.4761 
        2.17214         56.3469          7.9769         96.6707 
        2.18443         55.6491         7.86768         96.0271 
        2.19671         54.6261         7.76063         95.2015 
        2.20898         54.3987         7.65571         94.4207 
        2.22126         53.5259         7.55261         93.6444 
        2.23354         52.8325         7.45145         92.9428 
         2.2458         52.1225         7.35231         92.2365 
        2.25807         51.4128         7.25489          91.452 
        2.27035          50.879         7.15916         90.7214 
        2.28263         50.0887          7.0652         90.0032 
         2.2949         49.6387         6.97297         89.3054 
        2.30718         48.6838         6.88236         88.6423 
        2.31946         48.2977         6.79332         87.9413 
        2.33169         47.5141         6.70624         87.2625 
        2.34393         46.9047         6.62055         86.6051 
        2.35622         46.4627         6.53609         85.9249 
        2.36847         45.9195         6.45333         85.3359 
        2.38076         45.1692         6.37176         84.5853 
        2.39305         44.6489         6.29163         83.9971 
        2.40534         44.1813         6.21286          83.307 
        2.41762         43.6787         6.13546         82.6297 
        2.42989         43.1648         6.05949         82.0831 
        2.44216         42.6737         5.98482         81.4214 
         2.4544         42.1202         5.91158         80.7989 
        2.46667         41.6494         5.83939         80.1625 
        2.47897         41.1777         5.76824         79.5719 
        2.49124         40.6166         5.69847         78.9987 
        2.50349         40.2336         5.62996         78.3746 
        2.51578         39.6513         5.56236         77.8672 
        2.52805         39.2499           5.496          77.241 
        2.54029         38.8081         5.43088         76.6232 
        2.55257         38.2251         5.36663         76.0984 
        2.56487         37.9066         5.30329         75.5714 
        2.57716         37.4128         5.24106         75.0266 
        2.58942         36.9054         5.17997           74.45 
        2.60167         36.6023         5.11992         73.9057 
        2.61395         36.0914         5.06072         73.3712 
        2.62624         35.8877         5.00238         72.8014 
        2.63849         35.4517         4.94515         72.2958 
        2.65073         35.0809         4.88887         71.7531 
        2.66302         34.5817         4.83327          71.229 
         2.6753          34.179         4.77856         70.7273 
        2.68756         33.7836         4.72482         70.1897 
        2.69983         33.5425         4.67186         69.7309 
        2.71213         33.1838         4.61961          69.247 
        2.72441         32.8183         4.56824         68.7335 
        2.73665         32.3926         4.51779         68.2352 
         2.7489           32.32         4.46812         67.7567 
        2.76118         31.8185         4.41904         67.2919 
        2.77349          31.624         4.37059         66.8091 
        2.78576         31.3675         4.32306          66.314 
        2.79802         30.9535         4.27625         65.9022 
        2.81031         30.6253         4.23003         65.4228 
        2.82259          30.547         4.18452         64.9407 
        2.83483         30.1215         4.13984         64.5156 
         2.8471         29.7965         4.09573         64.0712 
         2.8594         29.6466         4.05213         63.6121 
         2.8717         29.4351         4.00918         63.1808 
        2.88396         29.1219         3.96701          62.731 
        2.89619         28.9366         3.92552          62.274 
        2.90847         28.7027         3.88447         61.8587 
        2.92072         28.4738         3.84408         61.4464 
        2.93299         28.2963         3.80424         61.0243 
        2.94526         28.0391         3.76493         60.6212 
        2.95753         27.8789         3.72618         60.2105 
        2.96982         27.7776         3.68792         59.7979 
        2.98209         27.4892         3.65027            59.4 
        2.99436         27.3434         3.61312         58.9768 
        3.00666         27.2319         3.57642         58.5935 
        3.01894         27.0121          3.5403         58.1856 
        3.03119         26.8841         3.50473         57.8064 
        3.04345         26.7247         3.46965         57.4448 
        3.05573         26.6022         3.43497         57.0631 
          3.068         26.5651         3.40081         56.6789 
        3.08026         26.3807         3.36715         56.2973 
        3.09254         26.2702         3.33388         55.9256 
        3.10483         26.2805         3.30105         55.5659 
         3.1171           26.12         3.26872         55.2036 
        3.12933         26.1004          3.2369         54.8317 
        3.14159         25.9644         3.20544         54.4643 
