# k  (h/Mpc)    Pcb(k)  (Mpc/h)^3    Pcb_linear(k) (Mpc/h)^3    Pcb_NL(k) (Mpc/h)^3   ShotnoiseSubtracted = false
      0.0156606         2831.94         2834.03         2820.04 
      0.0273761         2460.15         2452.29         2445.41 
      0.0384619         1869.46         1848.19         1845.83 
      0.0498308         1465.15         1454.01         1452.78 
      0.0625568         1236.18         1235.88         1233.67 
      0.0751274         1070.18         1050.09         1045.99 
      0.0867833          848.68          845.48         844.949 
      0.0984825         688.115          669.11         671.762 
       0.111151         576.486         558.708         561.285 
       0.123864          517.85         503.518         505.465 
       0.135742         465.341         452.794         454.722 
        0.14762         395.454         387.165          391.75 
       0.160083         328.368         322.727         327.958 
       0.172465         289.435          281.68          287.96 
       0.184281         268.323         259.677         266.345 
       0.196406         244.726         239.812          244.94 
       0.209011         220.626         213.372         219.194 
       0.221538         196.016         186.468         194.617 
       0.233611         176.735         166.841         175.894 
       0.245665         165.985         153.988         162.038 
       0.258103         149.648          143.35         151.366 
       0.270422         140.469         131.722         139.505 
       0.282519         127.461         119.545         127.858 
       0.294636         121.578         108.919         117.685 
       0.306978         107.555         100.769         109.828 
       0.319417         102.633         94.2128         102.974 
        0.33169         95.4117         87.9377         96.4036 
       0.343948         90.5814         81.4794         90.0882 
       0.356249         83.1438         75.4227         84.8494 
       0.368458         79.3464         70.3497         79.0427 
        0.38068         74.4054         66.1072         74.7277 
       0.392856         69.5401         62.2345         70.9295 
       0.405069         65.8035         58.4478         66.8908 
       0.417459         61.6281         54.7812         63.2853 
       0.429752         59.0226         51.4897         59.9994 
       0.441978         56.2046         48.6009         57.4287 
       0.454294         52.2953         45.9776         54.3501 
        0.46658         51.8492         43.5162         51.8493 
       0.478753         48.2161         41.1942         49.5494 
       0.490964         46.5783         39.0131          47.503 
       0.503334         44.6273         36.9998         45.2528 
       0.515665         42.4039          35.164         43.7181 
       0.527909         40.5775         33.4693         41.4218 
       0.540159         38.8969         31.8659          39.827 
        0.55248         36.3759         30.3445         38.1437 
       0.564743         35.8757         28.9358         36.8757 
        0.57686         34.6721         27.6411         35.4618 
       0.589077         32.6573         26.4189         34.3052 
       0.601441          31.516         25.2568         33.0498 
        0.61382         30.4213          24.161         31.7377 
       0.626067         29.1934         23.1385         30.7487 
       0.638306         28.2293         22.1757         29.6171 
       0.650632         27.4423         21.2634         28.6674 
       0.662899         26.2845         20.4085          27.667 
       0.675076         25.0866         19.6074         26.7781 
       0.687267         24.7201         18.8482         25.8997 
       0.699615         23.8683         18.1197         25.1709 
       0.711937         22.6684         17.4311         24.3458 
       0.724148          22.546         16.7841         23.7183 
       0.736433         21.2371         16.1667          22.957 
       0.748747         20.8567         15.5795         22.3227 
       0.761037         20.3311         15.0228         21.7324 
       0.773197         19.6273         14.4991         21.1649 
       0.785376         18.8815         13.9998         20.5889 
       0.797761         18.4707         13.5163         20.0327 
       0.810096          18.042         13.0575         19.5468 
       0.822371         17.5427         12.6223         18.9717 
       0.834626         16.9887         12.2077         18.5592 
       0.846916         16.4705         11.8107         18.0742 
       0.859215         15.8744         11.4313         17.6469 
       0.871383         15.5847         11.0723         17.2665 
        0.88363         15.1756         10.7268         16.8481 
       0.895928         14.8779         10.3947         16.4157 
       0.908253         14.4941         10.0762         16.0785 
       0.920535         14.0621         9.77213         15.6946 
       0.932774         13.8398         9.48173         15.2961 
        0.94508         13.3855         9.20173         15.0069 
       0.957324         13.1376         8.93446         14.7113 
        0.96953         12.6804         8.67867         14.3771 
       0.981769         12.5738          8.4323         14.0794 
       0.994071         12.2259         8.19437         13.7805 
         1.0064          11.847         7.96525         13.5145 
        1.01868         11.6206         7.74561         13.2509 
        1.03092         11.4383         7.53526         12.9707 
         1.0432         11.0233           7.332         12.7101 
        1.05553         10.8499         7.13549         12.5115 
        1.06777         10.5328         6.94763         12.2406 
           1.08         10.3452         6.76675         12.0229 
        1.09227         10.1375         6.59176          11.804 
         1.1046         9.95243         6.42232         11.5648 
         1.1169         9.64659         6.25917         11.3572 
        1.12915         9.62129         6.10251         11.2011 
        1.14142         9.24936         5.95091         10.9736 
        1.15365         9.14998         5.80493          10.781 
        1.16585         9.03221         5.66425         10.6251 
        1.17807         8.76362         5.52808         10.4114 
        1.19037         8.61698         5.39551         10.2518 
        1.20276         8.41153          5.2664         10.0712 
        1.21504         8.29392         5.14256         9.92546 
        1.22728         8.07974         5.02322         9.74719 
        1.23954         7.95884          4.9074         9.61508 
        1.25184         7.79299         4.79502         9.45641 
        1.26414         7.69363         4.68612         9.29145 
        1.27632         7.48063         4.58159         9.15943 
         1.2886         7.39548         4.47953         9.02336 
        1.30093          7.2463         4.38022         8.91649 
        1.31316          7.0898         4.28465         8.76173 
        1.32541         6.98502         4.19193         8.65653 
        1.33772            6.85         4.10144         8.50815 
        1.35005         6.76361         4.01357          8.3987 
        1.36225         6.62744         3.92918         8.26305 
        1.37447         6.51295         3.84706         8.16422 
        1.38676         6.39299         3.76691         8.05446 
        1.39907         6.27612         3.68892         7.94302 
        1.41133         6.18652         3.61349         7.83362 
        1.42358         6.06183         3.54023         7.72296 
        1.43591         5.99766         3.46851         7.63733 
        1.44818         5.85276         3.39918          7.5324 
        1.46037         5.75901         3.33216         7.42998 
        1.47263         5.67616         3.26657          7.3441 
        1.48494         5.61551         3.20251         7.24083 
        1.49724         5.50631         3.14021         7.15479 
        1.50952         5.47621         3.07971         7.06961 
        1.52178         5.34927         3.02089         6.98092 
        1.53409         5.24744         2.96337         6.88607 
        1.54637         5.18856         2.90747         6.80358 
        1.55858         5.12283         2.85334         6.71745 
        1.57081         5.01116          2.8005         6.65651 
        1.58313         4.95746         2.74868         6.57044 
        1.59544          4.8634          2.6982         6.50219 
        1.60767         4.81242         2.64932         6.41841 
        1.61994         4.73486         2.60148         6.35642 
        1.63225         4.65446         2.55472         6.28068 
        1.64452         4.57679         2.50924         6.20743 
        1.65676          4.5138         2.46501         6.14164 
          1.669         4.47574         2.42182         6.07474 
        1.68133         4.36348         2.37939         6.00785 
        1.69363          4.3406          2.3381         5.95089 
        1.70585         4.27482         2.29806         5.87876 
        1.71809          4.2278         2.25888         5.82346 
        1.73038         4.16925         2.22048         5.75917 
        1.74268         4.10245         2.18296         5.70163 
        1.75493         4.04847         2.14647         5.63786 
        1.76714         4.01776         2.11092         5.58147 
        1.77942         3.95088         2.07599         5.52433 
        1.79173         3.89708         2.04176         5.46443 
        1.80402         3.85024         2.00837         5.41333 
         1.8163         3.81713         1.97575         5.36646 
         1.8286         3.75307         1.94381         5.31631 
         1.8409         3.69325         1.91259         5.26643 
        1.85315         3.65547         1.88216         5.20327 
        1.86537         3.62496         1.85246         5.16277 
        1.87765         3.56105         1.82329         5.10887 
        1.88995         3.51303         1.79468         5.06622 
        1.90221         3.47318         1.76678         5.01533 
        1.91445         3.43578         1.73952         4.98077 
        1.92674         3.40987         1.71274         4.92283 
        1.93902         3.35102         1.68653         4.87552 
        1.95124          3.3104           1.661         4.83449 
         1.9635         3.28988         1.63594         4.79446 
        1.97583         3.23431         1.61124         4.75303 
        1.98812         3.19234         1.58714         4.70747 
        2.00039         3.16038         1.56358         4.66724 
        2.01264         3.12149         1.54052         4.63389 
        2.02492         3.09043          1.5179         4.59176 
        2.03717         3.05096         1.49577         4.54946 
        2.04942         3.01171          1.4741         4.51296 
        2.06171         2.97785          1.4528         4.47216 
        2.07397         2.95155         1.43196         4.43507 
        2.08629         2.92372         1.41144         4.40352 
        2.09857         2.88799         1.39137         4.36411 
        2.11081         2.85021         1.37178         4.32912 
        2.12309           2.828         1.35252         4.29353 
        2.13538         2.79253          1.3336         4.26262 
        2.14763         2.77426          1.3151         4.22559 
        2.15986         2.74673           1.297         4.19552 
        2.17214         2.70233         1.27917         4.15491 
        2.18443         2.68936         1.26165         4.12422 
        2.19671         2.65082         1.24449         4.09307 
        2.20898         2.62771         1.22766         4.06455 
        2.22126         2.60699         1.21113         4.03298 
        2.23354         2.57356         1.19491          4.0009 
         2.2458         2.56059         1.17901         3.96631 
        2.25807         2.52621         1.16339         3.94093 
        2.27035         2.49952         1.14804          3.9139 
        2.28263         2.47408         1.13297         3.88365 
         2.2949         2.45756         1.11818         3.85697 
        2.30718         2.43237         1.10365         3.83159 
        2.31946         2.40664         1.08937         3.80307 
        2.33169         2.38608         1.07541          3.7739 
        2.34393         2.37418         1.06167         3.74699 
        2.35622         2.34832         1.04812         3.71973 
        2.36847         2.32139         1.03485         3.69225 
        2.38076         2.30477         1.02177         3.66555 
        2.39305         2.27996         1.00892         3.63783 
        2.40534          2.2609         0.99629         3.61591 
        2.41762         2.23436        0.983878         3.59389 
        2.42989         2.22222        0.971695          3.5664 
        2.44216          2.2083        0.959721          3.5441 
         2.4544          2.1852        0.947976         3.52122 
        2.46667         2.16812          0.9364         3.49722 
        2.47897         2.15112         0.92499         3.47268 
        2.49124         2.12946        0.913802         3.45035 
        2.50349         2.11736        0.902816         3.42701 
        2.51578         2.09502        0.891976         3.40156 
        2.52805         2.07704        0.881335         3.38101 
        2.54029         2.06685        0.870892         3.35929 
        2.55257         2.04798        0.860588         3.33778 
        2.56487         2.03362        0.850432         3.31545 
        2.57716         2.02618        0.840453          3.2944 
        2.58942         2.00401        0.830657         3.27396 
        2.60167         1.99145        0.821026         3.25176 
        2.61395         1.96779        0.811534         3.23423 
        2.62624         1.96409        0.802178         3.21362 
        2.63849         1.94896           0.793         3.19161 
        2.65073         1.93272        0.783975         3.17208 
        2.66302          1.9188        0.775059         3.15389 
         2.6753          1.9179        0.766287         3.13452 
        2.68756         1.89348        0.757668          3.1158 
        2.69983         1.88217        0.749176         3.09544 
        2.71213          1.8765        0.740796         3.07713 
        2.72441          1.8634         0.73256         3.05892 
        2.73665         1.84819        0.724469         3.04234 
         2.7489         1.83693        0.716504         3.02626 
        2.76118          1.8276        0.708635         3.00809 
        2.77349         1.82438        0.700865         2.98994 
        2.78576         1.81365        0.693242         2.97192 
        2.79802         1.80515        0.685737         2.95463 
        2.81031         1.78911        0.678325          2.9367 
        2.82259         1.78206        0.671026         2.91947 
        2.83483         1.77754        0.663861         2.90415 
         2.8471         1.76786        0.656788         2.88751 
         2.8594          1.7587        0.649796         2.87189 
         2.8717         1.75114        0.642908         2.85583 
        2.88396         1.74794        0.636146         2.83891 
        2.89619         1.73325        0.629493         2.82276 
        2.90847         1.73024        0.622911         2.80605 
        2.92072         1.72483        0.616433          2.7919 
        2.93299         1.72348        0.610045          2.7767 
        2.94526         1.71628        0.603741         2.76205 
        2.95753         1.70679        0.597528         2.74685 
        2.96982         1.70513        0.591392         2.73149 
        2.98209         1.70488        0.585355         2.71788 
        2.99436         1.69716        0.579397         2.70333 
        3.00666         1.70067        0.573512         2.68918 
        3.01894         1.69307         0.56772         2.67326 
        3.03119         1.69369        0.562016         2.65936 
        3.04345         1.69043         0.55639          2.6468 
        3.05573         1.68865         0.55083         2.63338 
          3.068         1.68937        0.545352         2.61952 
        3.08026         1.68589        0.539953         2.60463 
        3.09254         1.69009        0.534618         2.59074 
        3.10483         1.69022        0.529354          2.5784 
         3.1171         1.69011        0.524169         2.56571 
        3.12933         1.69134        0.519066         2.55178 
        3.14159         1.69147        0.514021         2.53803 
