# k  (h/Mpc)    Pcb(k)  (Mpc/h)^3    Pcb_linear(k) (Mpc/h)^3    Pcb_NL(k) (Mpc/h)^3   ShotnoiseSubtracted = false
      0.0156606         250.293         251.127         249.981 
      0.0273761         218.491         217.459         217.044 
      0.0384619         165.888         163.933         163.967 
      0.0498308         130.738         128.986         129.105 
      0.0625568         110.389         109.644         109.615 
      0.0751274         94.1823         93.1649         93.0527 
      0.0867833         75.6282         75.0134          75.003 
      0.0984825         60.3971         59.3664         59.4429 
       0.111151         50.4426         49.5717         49.6351 
       0.123864         45.2771         44.6752         44.6817 
       0.135742         40.6182         40.1749         40.1634 
        0.14762           34.63         34.3521         34.3886 
       0.160083         28.8738         28.6348         28.6996 
       0.172465         25.2367         24.9929         25.0652 
       0.184281         23.3015         23.0407         23.1048 
       0.196406         21.3807         21.2781         21.3159 
       0.209011         19.0897         18.9322         18.9829 
       0.221538         16.7715          16.545         16.6288 
       0.233611         15.0023         14.8036         14.8976 
       0.245665         13.9341         13.6632         13.7427 
       0.258103         12.7626         12.7193         12.7947 
       0.270422         11.8343         11.6876         11.7592 
       0.282519         10.7453         10.6071         10.6889 
       0.294636         9.89815          9.6643         9.75189 
       0.306978          8.9948         8.94111         9.03073 
       0.319417         8.48071         8.35943         8.44543 
        0.33169         7.89954         7.80265         7.88455 
       0.343948         7.36829         7.22961          7.3109 
       0.356249         6.76937         6.69221         6.78833 
       0.368458         6.35347         6.24209         6.32549 
        0.38068          5.9375         5.86566         5.94852 
       0.392856         5.59614         5.52203          5.6056 
       0.405069          5.2808         5.18604         5.26414 
       0.417459          4.8807          4.8607         4.94454 
       0.429752         4.62164         4.56866         4.65065 
       0.441978          4.3818         4.31234         4.40015 
       0.454294         4.12102         4.07957         4.16205 
        0.46658         3.93947         3.86118          3.9412 
       0.478753         3.71492         3.65514         3.73422 
       0.490964         3.54326         3.46161         3.54702 
       0.503334         3.37209         3.28298         3.36168 
       0.515665         3.17719         3.12009         3.20354 
       0.527909         3.04678         2.96972         3.04633 
       0.540159         2.88363         2.82745         2.90237 
        0.55248         2.73353         2.69246         2.76324 
       0.564743         2.64349         2.56746         2.64533 
        0.57686         2.52122         2.45259         2.52651 
       0.589077          2.3841         2.34414         2.42153 
       0.601441         2.29368         2.24102         2.31617 
        0.61382         2.19538          2.1438          2.2159 
       0.626067         2.09455         2.05308         2.12415 
       0.638306         2.01662         1.96764         2.03727 
       0.650632          1.9476          1.8867         1.95766 
       0.662899         1.86993         1.81084         1.87875 
       0.675076         1.77748         1.73975         1.80805 
       0.687267         1.70627         1.67239         1.73632 
       0.699615         1.66141         1.60776         1.67091 
       0.711937         1.59126         1.54666         1.61232 
       0.724148         1.54293         1.48925         1.55283 
       0.736433         1.47612         1.43447         1.49488 
       0.748747         1.42479         1.38236         1.44628 
       0.761037         1.36996         1.33297         1.39394 
       0.773197         1.32097         1.28651          1.3487 
       0.785376         1.27477          1.2422         1.30242 
       0.797761          1.2323          1.1993         1.25678 
       0.810096         1.20316         1.15859         1.21859 
       0.822371          1.1642         1.11997         1.17655 
       0.834626         1.12776         1.08318         1.13828 
       0.846916         1.09054         1.04796         1.10614 
       0.859215         1.04694         1.01429         1.07221 
       0.871383         1.01583        0.982446         1.03765 
        0.88363        0.985786        0.951785         1.00703 
       0.895928        0.959616        0.922322         0.97612 
       0.908253         0.93192        0.894058        0.947705 
       0.920535        0.904304        0.867079        0.918935 
       0.932774        0.875354        0.841311        0.891499 
        0.94508        0.852378        0.816467        0.866233 
       0.957324        0.830085        0.792753        0.843681 
        0.96953        0.801765        0.770056        0.819717 
       0.981769        0.778799        0.748196        0.795545 
       0.994071        0.758829        0.727085        0.776643 
         1.0064          0.7371        0.706755        0.754213 
        1.01868        0.718266        0.687266        0.734833 
        1.03092        0.702657        0.668602        0.714132 
         1.0432        0.684515        0.650567        0.695876 
        1.05553        0.663176         0.63313        0.678865 
        1.06777        0.645385        0.616461        0.661388 
           1.08        0.633271        0.600412        0.644547 
        1.09227        0.612994        0.584885        0.628071 
         1.1046         0.59839        0.569851        0.613178 
         1.1169        0.583736        0.555375        0.598316 
        1.12915        0.568244        0.541475        0.583599 
        1.14142        0.558004        0.528023        0.569873 
        1.15365        0.544433         0.51507        0.556271 
        1.16585        0.530387        0.502588        0.542817 
        1.17807        0.521086        0.490506        0.531167 
        1.19037         0.50337        0.478743        0.518182 
        1.20276        0.494606        0.467287        0.505488 
        1.21504        0.484762        0.456298        0.496019 
        1.22728        0.475454        0.445709        0.483329 
        1.23954        0.463323        0.435432        0.473653 
        1.25184        0.455307        0.425461        0.462606 
        1.26414        0.444749        0.415798        0.452651 
        1.27632         0.43171        0.406524        0.442476 
         1.2886        0.421246        0.397467        0.432677 
        1.30093        0.412544        0.388656        0.424795 
        1.31316         0.40212        0.380176        0.415265 
        1.32541         0.39478        0.371949        0.407191 
        1.33772        0.387368         0.36392        0.398675 
        1.35005        0.381569        0.356123        0.390574 
        1.36225        0.373124        0.348635        0.382337 
        1.37447        0.366076        0.341349         0.37524 
        1.38676        0.359341        0.334237        0.367255 
        1.39907         0.35174        0.327317        0.360062 
        1.41133        0.343347        0.320624        0.353284 
        1.42358        0.338643        0.314124        0.345713 
        1.43591        0.331987         0.30776         0.33966 
        1.44818        0.325257        0.301608        0.333516 
        1.46037        0.318961        0.295662        0.326516 
        1.47263        0.312688        0.289842        0.320701 
        1.48494        0.306911        0.284158         0.31511 
        1.49724        0.301217         0.27863        0.309312 
        1.50952        0.295091        0.273262        0.302569 
        1.52178        0.290414        0.268043        0.297306 
        1.53409        0.285726        0.262939        0.292248 
        1.54637        0.279329        0.257979        0.286669 
        1.55858        0.275248        0.253176         0.28156 
        1.57081        0.270421        0.248488        0.276483 
        1.58313        0.266357         0.24389        0.271785 
        1.59544        0.261965        0.239411        0.266933 
        1.60767        0.257403        0.235074        0.262362 
        1.61994        0.251588        0.230828        0.258216 
        1.63225        0.246992         0.22668        0.253715 
        1.64452        0.244396        0.222644         0.24918 
        1.65676        0.240908         0.21872        0.245117 
          1.669        0.236942        0.214888        0.240908 
        1.68133        0.232176        0.211123        0.236986 
        1.69363        0.228117        0.207459        0.233313 
        1.70585        0.224425        0.203906        0.229038 
        1.71809         0.22084         0.20043        0.225447 
        1.73038        0.217937        0.197023         0.22202 
        1.74268        0.213425        0.193693        0.218038 
        1.75493        0.212177        0.190456        0.215004 
        1.76714         0.20771        0.187301        0.211587 
        1.77942        0.205243        0.184202        0.208285 
        1.79173        0.202112        0.181165        0.204617 
        1.80402        0.198437        0.178203        0.201845 
         1.8163        0.195864        0.175308        0.198116 
         1.8286        0.192763        0.172473        0.195747 
         1.8409        0.189756        0.169704        0.192407 
        1.85315        0.187662        0.167004        0.189521 
        1.86537        0.183592        0.164369        0.186604 
        1.87765        0.181129         0.16178        0.184051 
        1.88995        0.179683        0.159241        0.181276 
        1.90221        0.177336        0.156766        0.178526 
        1.91445        0.173771        0.154347        0.176015 
        1.92674        0.171321        0.151971        0.173317 
        1.93902        0.168748        0.149645        0.170749 
        1.95124        0.166328        0.147381        0.168271 
         1.9635        0.164282        0.145157        0.165833 
        1.97583        0.162473        0.142965        0.163506 
        1.98812        0.159998        0.140827         0.16118 
        2.00039        0.158634        0.138736        0.158893 
        2.01264        0.156116         0.13669        0.156758 
        2.02492        0.154624        0.134683        0.154486 
        2.03717        0.151699        0.132719        0.152335 
        2.04942        0.150149        0.130797        0.150244 
        2.06171        0.148024        0.128906        0.148124 
        2.07397        0.145725        0.127057        0.146179 
        2.08629        0.144236        0.125237        0.144152 
        2.09857        0.142563        0.123456        0.142228 
        2.11081        0.140958        0.121718        0.140105 
        2.12309        0.138649        0.120009        0.138492 
        2.13538        0.137218         0.11833        0.136583 
        2.14763        0.135696        0.116689        0.134833 
        2.15986         0.13381        0.115083        0.133114 
        2.17214        0.132173          0.1135        0.131321 
        2.18443        0.131135        0.111946        0.129679 
        2.19671        0.129167        0.110423        0.128043 
        2.20898        0.127917         0.10893        0.126309 
        2.22126        0.126017        0.107463        0.124776 
        2.23354         0.12456        0.106024        0.123199 
         2.2458        0.123397        0.104613        0.121419 
        2.25807        0.122038        0.103227         0.12006 
        2.27035        0.120532        0.101865        0.118602 
        2.28263        0.119064        0.100528        0.117134 
         2.2949        0.118024       0.0992159         0.11547 
        2.30718          0.1164       0.0979267        0.114153 
        2.31946        0.115506       0.0966597        0.112794 
        2.33169        0.113701       0.0954207        0.111418 
        2.34393        0.113136       0.0942015        0.110142 
        2.35622        0.111879       0.0929996        0.108782 
        2.36847         0.11074       0.0918221        0.107499 
        2.38076        0.109377       0.0906615         0.10623 
        2.39305        0.108467       0.0895213        0.104918 
        2.40534        0.107138       0.0884006        0.103634 
        2.41762        0.106075       0.0872993        0.102417 
        2.42989        0.105033       0.0862183        0.101194 
        2.44216        0.104066       0.0851559        0.100092 
         2.4544        0.102921       0.0841137       0.0989457 
        2.46667         0.10185       0.0830866       0.0977621 
        2.47897        0.100482       0.0820742       0.0965797 
        2.49124       0.0999396       0.0810815       0.0955123 
        2.50349       0.0988242       0.0801067       0.0943592 
        2.51578       0.0977292       0.0791449       0.0932638 
        2.52805       0.0973314       0.0782006       0.0922747 
        2.54029       0.0962343       0.0772741       0.0912886 
        2.55257       0.0955022       0.0763598       0.0902628 
        2.56487        0.094568       0.0754587       0.0892446 
        2.57716       0.0938782       0.0745732       0.0882186 
        2.58942        0.092763        0.073704        0.087239 
        2.60167       0.0918545       0.0728495       0.0863045 
        2.61395       0.0911229       0.0720072       0.0853133 
        2.62624        0.090784       0.0711771       0.0844519 
        2.63849       0.0896208       0.0703628       0.0835119 
        2.65073       0.0888736        0.069562       0.0826385 
        2.66302       0.0883305       0.0687708       0.0816884 
         2.6753       0.0875722       0.0679925       0.0808223 
        2.68756       0.0871199       0.0672277       0.0799847 
        2.69983       0.0860863       0.0664743       0.0790624 
        2.71213       0.0854416       0.0657307       0.0782717 
        2.72441       0.0847828       0.0649999       0.0774697 
        2.73665       0.0840029        0.064282       0.0766749 
         2.7489       0.0837696       0.0635753       0.0758856 
        2.76118       0.0830289        0.062877         0.07506 
        2.77349       0.0823224       0.0621876       0.0743315 
        2.78576       0.0819714       0.0615112       0.0736009 
        2.79802       0.0811946       0.0608453       0.0727311 
        2.81031       0.0805317       0.0601876       0.0720175 
        2.82259       0.0800451         0.05954       0.0713233 
        2.83483       0.0796013       0.0589043       0.0705419 
         2.8471        0.079021       0.0582767          0.0699 
         2.8594       0.0789298       0.0576563       0.0692252 
         2.8717       0.0781022       0.0570451       0.0684669 
        2.88396       0.0777939       0.0564451        0.067802 
        2.89619        0.077188       0.0558548       0.0671494 
        2.90847        0.076769       0.0552707       0.0664566 
        2.92072       0.0761815        0.054696        0.065797 
        2.93299       0.0759072       0.0541291       0.0651638 
        2.94526        0.075575       0.0535698       0.0645294 
        2.95753       0.0750359       0.0530186        0.063881 
        2.96982       0.0747814       0.0524741       0.0632344 
        2.98209       0.0741152       0.0519384       0.0626449 
        2.99436       0.0740224       0.0514098       0.0620745 
        3.00666       0.0737281       0.0508876       0.0614193 
        3.01894       0.0734419       0.0503736       0.0608496 
        3.03119       0.0732118       0.0498676       0.0603026 
        3.04345        0.072726       0.0493684       0.0597293 
        3.05573       0.0728187        0.048875       0.0591538 
          3.068       0.0724539       0.0483889       0.0585956 
        3.08026       0.0721358         0.04791        0.058078 
        3.09254       0.0720424       0.0474366       0.0575265 
        3.10483       0.0717785       0.0469695       0.0569931 
         3.1171       0.0717125       0.0465094        0.056458 
        3.12933       0.0713604       0.0460567       0.0558927 
        3.14159       0.0710925        0.045609       0.0554146 
