# k  (h/Mpc)    P(k)  (Mpc/h)^3    P_linear(k)  (Mpc/h)^3     P_NL(k)  ShotnoiseSubtracted = false
      0.0156606         4097.85         4178.14         4156.61 
      0.0273761          3549.7         3609.59         3597.39 
      0.0384619         2695.51         2718.42         2712.63 
      0.0498308         2108.31         2137.77         2133.58 
      0.0625568         1778.41          1816.6         1811.41 
      0.0751274          1545.7         1543.27         1534.59 
      0.0867833         1221.59         1242.44         1241.01 
      0.0984825         995.116         983.199         988.232 
       0.111151         835.081         820.931         825.928 
       0.123864         750.216         739.809         743.849 
       0.135742         674.908         665.263         669.367 
        0.14762         574.306         568.827         578.472 
       0.160083          476.76         474.145         485.086 
       0.172465         421.457         413.835         427.104 
       0.184281          390.62         381.505         395.602 
       0.196406         356.245         352.317          363.34 
       0.209011         322.441         313.471         325.817 
       0.221538         287.585         273.943           291.2 
       0.233611         260.521         245.107         264.336 
       0.245665         244.748         226.224         243.365 
       0.258103          221.48         210.595         227.671 
       0.270422         207.487         193.512         210.217 
       0.282519         188.477         175.622         193.322 
       0.294636         181.743         160.011         178.686 
       0.306978         160.406         148.037          167.39 
       0.319417         153.355         138.406         157.071 
        0.33169          142.76         129.187         147.224 
       0.343948         135.992         119.699         138.264 
       0.356249         125.337         110.801         130.753 
       0.368458         120.095         103.348         122.064 
        0.38068         113.095         97.1165         115.639 
       0.392856         105.504         91.4268         110.072 
       0.405069         100.095         85.8634         104.237 
       0.417459         94.4532         80.4772         98.6662 
       0.429752         90.6349         75.6419         93.9369 
       0.441978         86.5509         71.3978         90.2356 
       0.454294          80.501         67.5439         85.4611 
        0.46658         80.3042         63.9279         81.8851 
       0.478753         74.7424         60.5166         78.5146 
       0.490964         72.3778         57.3122         75.3622 
       0.503334         69.3523         54.3549         72.1449 
       0.515665         66.3794          51.658         69.9456 
       0.527909         63.6878         49.1682         66.3445 
       0.540159         61.3171         46.8126         64.0767 
        0.55248         57.7275         44.5776         61.5519 
       0.564743         56.7532         42.5082         59.6099 
        0.57686         54.9694         40.6062         57.4966 
       0.589077          52.002         38.8107         55.7711 
       0.601441         50.4538         37.1035         53.9179 
        0.61382         48.8786         35.4938         51.9292 
       0.626067         46.8693         33.9917         50.4796 
       0.638306         45.4499         32.5772         48.7815 
       0.650632         44.0394          31.237         47.1611 
       0.662899         42.7329         29.9811         45.7049 
       0.675076         40.8956         28.8041         44.3847 
       0.687267          40.381         27.6889         43.0788 
       0.699615         38.9308         26.6187         42.0536 
       0.711937         37.2081         25.6071         40.6273 
       0.724148         37.0363         24.6566         39.8152 
       0.736433         34.9481         23.7496         38.6178 
       0.748747         34.4825          22.887         37.5986 
       0.761037         33.5334         22.0692          36.706 
       0.773197         32.6531         21.2999          35.891 
       0.785376         31.4224         20.5664         34.9636 
       0.797761         30.9468         19.8561         34.1859 
       0.810096         30.2298         19.1821         33.3411 
       0.822371         29.4581         18.5427         32.4736 
       0.834626          28.591         17.9336         31.8876 
       0.846916          27.838         17.3505         31.1119 
       0.859215         26.9117          16.793         30.4199 
       0.871383         26.5161         16.2658         29.8425 
        0.88363         25.8436         15.7581         29.2476 
       0.895928         25.2828         15.2703         28.5311 
       0.908253         24.7454         14.8024         28.0531 
       0.920535         24.1748         14.3557         27.4432 
       0.932774         23.7802         13.9291         26.8691 
        0.94508         23.1728         13.5177         26.3314 
       0.957324         22.7244         13.1251         25.8612 
        0.96953          22.098         12.7493         25.3334 
       0.981769         21.8187         12.3874          24.928 
       0.994071         21.2437         12.0379         24.4334 
         1.0064         20.7336         11.7013         24.0141 
        1.01868         20.3156         11.3786         23.6136 
        1.03092         20.1378         11.0696         23.1666 
         1.0432         19.5013          10.771         22.7194 
        1.05553         19.1727         10.4823         22.4677 
        1.06777         18.6348         10.2064         21.9753 
           1.08         18.2835         9.94064         21.6355 
        1.09227         17.9865         9.68357         21.3361 
         1.1046         17.7221         9.43466         20.9334 
         1.1169         17.3347         9.19498         20.6026 
        1.12915         17.2053         8.96485          20.317 
        1.14142         16.6061         8.74214         19.9749 
        1.15365         16.4879         8.52769          19.677 
        1.16585         16.2842         8.32103         19.4177 
        1.17807         15.8294         8.12099          19.052 
        1.19037         15.6606         7.92624          18.857 
        1.20276         15.3824         7.73657         18.5478 
        1.21504          15.127         7.55464         18.3199 
        1.22728         14.7781         7.37932         18.0342 
        1.23954         14.5825         7.20917         17.7811 
        1.25184         14.3153         7.04409         17.5506 
        1.26414         14.1216         6.88411         17.2821 
        1.27632         13.8551         6.73055         17.0496 
         1.2886         13.7074         6.58061         16.8433 
        1.30093         13.3946         6.43473         16.6724 
        1.31316         13.2224         6.29433         16.4069 
        1.32541         13.0365         6.15812         16.2465 
        1.33772         12.7927         6.02519         16.0156 
        1.35005         12.6419         5.89611         15.8352 
        1.36225         12.4379         5.77213         15.6177 
        1.37447         12.2112         5.65149         15.4289 
        1.38676         12.0407         5.53375         15.2598 
        1.39907         11.8405         5.41918         15.0696 
        1.41133         11.6769         5.30836         14.8958 
        1.42358         11.4921         5.20075         14.7045 
        1.43591         11.3464         5.09539         14.5731 
        1.44818         11.1441         4.99353         14.4067 
        1.46037         11.0601         4.89507         14.2139 
        1.47263         10.8551         4.79873         14.0923 
        1.48494         10.7694         4.70461          13.894 
        1.49724         10.5653          4.6131         13.7773 
        1.50952         10.4853         4.52422          13.633 
        1.52178         10.3024         4.43781         13.4673 
        1.53409         10.1111         4.35331         13.3258 
        1.54637          10.065          4.2712         13.1586 
        1.55858         9.93702         4.19167         13.0434 
        1.57081          9.7166         4.11405         12.9242 
        1.58313         9.65745         4.03793         12.7901 
        1.59544         9.47404         3.96377         12.6703 
        1.60767         9.37915         3.89196         12.5285 
        1.61994         9.22883         3.82167         12.4197 
        1.63225         9.14653         3.75298         12.3045 
        1.64452         9.02135         3.68618         12.1899 
        1.65676         8.89643         3.62121         12.0618 
          1.669         8.82997         3.55775         11.9396 
        1.68133         8.64729         3.49542         11.8247 
        1.69363          8.5529         3.43477         11.7125 
        1.70585         8.44773         3.37594         11.6205 
        1.71809         8.35494         3.31838         11.5111 
        1.73038         8.27919         3.26198         11.4163 
        1.74268         8.17189         3.20685         11.3071 
        1.75493         8.03973         3.15326         11.1883 
        1.76714         8.03061         3.10102         11.1078 
        1.77942         7.91215         3.04971         10.9916 
        1.79173         7.77818         2.99943         10.9058 
        1.80402         7.73355         2.95038         10.8139 
         1.8163          7.6332         2.90246         10.7276 
         1.8286         7.51285         2.85553         10.6365 
         1.8409         7.44176         2.80967         10.5519 
        1.85315         7.35382         2.76498         10.4514 
        1.86537         7.29746         2.72134         10.3704 
        1.87765         7.21755         2.67849         10.2844 
        1.88995         7.08557         2.63646          10.206 
        1.90221          7.0572         2.59547         10.1061 
        1.91445          6.9604         2.55543         10.0476 
        1.92674         6.88915         2.51609          9.9514 
        1.93902          6.8368         2.47758          9.8857 
        1.95124          6.7439         2.44008         9.79298 
         1.9635         6.68353         2.40327         9.72729 
        1.97583          6.6277         2.36698         9.64031 
        1.98812         6.55546         2.33157         9.55446 
        2.00039         6.47849         2.29696          9.5041 
        2.01264         6.42232         2.26309         9.43153 
        2.02492         6.36324         2.22986         9.35099 
        2.03717          6.2826         2.19734         9.28308 
        2.04942          6.1981         2.16552          9.2201 
        2.06171         6.17465         2.13422         9.15228 
        2.07397         6.10097          2.1036         9.08546 
        2.08629         6.03781         2.07346         9.02283 
        2.09857         5.97596         2.04399         8.95252 
        2.11081         5.93424          2.0152         8.90053 
        2.12309         5.85957         1.98691         8.81717 
        2.13538         5.80996         1.95911         8.76673 
        2.14763         5.74454         1.93194         8.70445 
        2.15986          5.7096         1.90535         8.64428 
        2.17214         5.65558         1.87915         8.57305 
        2.18443          5.5965         1.85342         8.52186 
        2.19671          5.5482         1.82821         8.46518 
        2.20898         5.48216         1.80349         8.40796 
        2.22126         5.44032          1.7792         8.34614 
        2.23354         5.39838         1.75537         8.28391 
         2.2458         5.34008         1.73202          8.2316 
        2.25807          5.3028         1.70907         8.17726 
        2.27035         5.25387         1.68651         8.12633 
        2.28263         5.21509         1.66438         8.06965 
         2.2949         5.16359         1.64265         8.02225 
        2.30718          5.1194         1.62131         7.98028 
        2.31946         5.08798         1.60033         7.92539 
        2.33169         5.03246         1.57982         7.87026 
        2.34393         5.00929         1.55963         7.81855 
        2.35622         4.96983         1.53973         7.76853 
        2.36847         4.92453         1.52024         7.71919 
        2.38076         4.88801         1.50102         7.67076 
        2.39305          4.8309         1.48215         7.61525 
        2.40534         4.80476         1.46359         7.56757 
        2.41762         4.75346         1.44536         7.53076 
        2.42989         4.73665         1.42746         7.48684 
        2.44216         4.70708         1.40987         7.43743 
         2.4544         4.65271         1.39262         7.38917 
        2.46667         4.64045         1.37561         7.34543 
        2.47897         4.59441         1.35885         7.29657 
        2.49124         4.55018         1.34241         7.25296 
        2.50349         4.53307         1.32627          7.2187 
        2.51578         4.47899         1.31035         7.17493 
        2.52805         4.46046         1.29472         7.13135 
        2.54029         4.42771         1.27938         7.08981 
        2.55257          4.4164         1.26424           7.051 
        2.56487         4.37074         1.24932         7.00166 
        2.57716         4.34794         1.23466          6.9641 
        2.58942         4.31278         1.22027         6.92463 
        2.60167          4.2888         1.20612         6.88254 
        2.61395         4.24178         1.19218         6.84607 
        2.62624         4.24804         1.17843         6.80864 
        2.63849         4.21575         1.16495         6.76711 
        2.65073         4.18244         1.15169         6.72574 
        2.66302         4.16655         1.13859         6.68762 
         2.6753         4.13427         1.12571         6.65134 
        2.68756         4.10884         1.11305         6.61876 
        2.69983         4.09068         1.10057          6.5762 
        2.71213         4.06692         1.08826         6.53979 
        2.72441           4.044         1.07616         6.50563 
        2.73665         4.02899         1.06428           6.467 
         2.7489         4.00003         1.05257         6.43508 
        2.76118         3.97525         1.04101         6.40732 
        2.77349         3.96986          1.0296          6.3651 
        2.78576         3.95006          1.0184         6.33107 
        2.79802          3.9363         1.00738         6.29931 
        2.81031         3.90878        0.996488         6.26688 
        2.82259         3.89489        0.985766         6.23336 
        2.83483         3.89061        0.975241         6.19952 
         2.8471         3.87135         0.96485         6.16792 
         2.8594         3.86002        0.954578         6.13703 
         2.8717          3.8348         0.94446         6.10053 
        2.88396          3.8317        0.934526         6.06911 
        2.89619         3.79949        0.924753         6.04155 
        2.90847         3.79748        0.915083         6.00526 
        2.92072         3.79957        0.905567         5.97504 
        2.93299         3.79268        0.896182         5.94647 
        2.94526         3.78535        0.886921          5.9143 
        2.95753         3.76736        0.877795         5.88355 
        2.96982         3.74585        0.868781         5.85504 
        2.98209         3.74973        0.859912         5.82368 
        2.99436         3.74268        0.851159         5.79431 
        3.00666         3.75052        0.842513          5.7672 
        3.01894         3.74044        0.834005         5.73302 
        3.03119         3.74096        0.825626         5.70621 
        3.04345         3.73028        0.817361         5.67984 
        3.05573         3.73354        0.809193         5.64898 
          3.068         3.72099        0.801145          5.6241 
        3.08026         3.73699        0.793215         5.59735 
        3.09254         3.73826        0.785378         5.56821 
        3.10483         3.74108        0.777645         5.54262 
         3.1171         3.74686        0.770027         5.51711 
        3.12933         3.75773        0.762531         5.48713 
        3.14159         3.74968         0.75512         5.45886 
