# k  (h/Mpc)    Pcb(k)  (Mpc/h)^3    Pcb_linear(k) (Mpc/h)^3    Pcb_NL(k) (Mpc/h)^3   ShotnoiseSubtracted = false
      0.0156606           85.09         86.1923         85.7967 
      0.0273761         74.3381         74.6654         74.5179 
      0.0384619         56.4271         56.2932          56.295 
      0.0498308         44.5023         44.2948         44.3283 
      0.0625568         37.5851         37.6534         37.6393 
      0.0751274         31.9898         31.9948         31.9473 
      0.0867833          25.745         25.7615         25.7575 
      0.0984825         20.5254         20.3881         20.4219 
       0.111151         17.1345         17.0243          17.054 
       0.123864         15.3852         15.3428         15.3528 
       0.135742         13.8016         13.7972         13.8019 
        0.14762         11.7867         11.7976         11.8268 
       0.160083         9.83547         9.83411         9.87399 
       0.172465         8.59723         8.58338         8.62938 
       0.184281         7.92794         7.91289         7.95823 
       0.196406         7.28262         7.30757         7.33876 
       0.209011         6.49598         6.50192         6.53992 
       0.221538         5.69449         5.68211           5.739 
       0.233611         5.10333         5.08404         5.14728 
       0.245665         4.72623         4.69238         4.74734 
       0.258103         4.35236         4.36821         4.42191 
       0.270422         4.02396         4.01389         4.06514 
       0.282519         3.65327         3.64284         3.69958 
       0.294636         3.35228         3.31904         3.37917 
       0.306978          3.0673         3.07068         3.13238 
       0.319417         2.88518         2.87091         2.93057 
        0.33169         2.69009         2.67969         2.73695 
       0.343948         2.50112         2.48289         2.53978 
       0.356249          2.3044         2.29833          2.3641 
       0.368458          2.1556         2.14374         2.20162 
        0.38068         2.02192         2.01446         2.07205 
       0.392856         1.90345         1.89645         1.95457 
       0.405069         1.79704         1.78106          1.8358 
       0.417459         1.66622         1.66933         1.72721 
       0.429752         1.57437         1.56903         1.62588 
       0.441978         1.49051           1.481         1.54136 
       0.454294         1.40679         1.40106         1.45799 
        0.46658         1.33815         1.32606         1.38158 
       0.478753         1.26706          1.2553         1.31039 
       0.490964         1.20413         1.18883         1.24744 
       0.503334         1.14467         1.12749         1.18214 
       0.515665         1.08232         1.07154         1.12918 
       0.527909           1.037          1.0199         1.07298 
       0.540159        0.983266        0.971042         1.02317 
        0.55248        0.932795        0.924681        0.974455 
       0.564743        0.898327        0.881754         0.93539 
        0.57686        0.856961          0.8423         0.89371 
       0.589077        0.813669        0.805057        0.858339 
       0.601441        0.784225        0.769644        0.821642 
        0.61382        0.749132        0.736253        0.786278 
       0.626067        0.715762        0.705095        0.754587 
       0.638306        0.688313        0.675754        0.724203 
       0.650632        0.662274        0.647955         0.69716 
       0.662899        0.637223        0.621904        0.669326 
       0.675076        0.606987         0.59749        0.644801 
       0.687267        0.583561        0.574357         0.61925 
       0.699615        0.566175        0.552158        0.596579 
       0.711937        0.543432        0.531174        0.576711 
       0.724148        0.526218        0.511458        0.555924 
       0.736433        0.504987        0.492645        0.535267 
       0.748747        0.486994         0.47475        0.518971 
       0.761037        0.468731        0.457788        0.500534 
       0.773197        0.453024        0.441829        0.485145 
       0.785376        0.436304        0.426614        0.468701 
       0.797761        0.422439        0.411879        0.452437 
       0.810096        0.411475        0.397899        0.439835 
       0.822371        0.397938        0.384636        0.424647 
       0.834626        0.385338        0.372002        0.411192 
       0.846916        0.373339        0.359905        0.400191 
       0.859215        0.358758        0.348343        0.388511 
       0.871383        0.349214        0.337405        0.376438 
        0.88363        0.338076        0.326875        0.365595 
       0.895928        0.329386        0.316757        0.354605 
       0.908253        0.319626         0.30705        0.344675 
       0.920535        0.310371        0.297784        0.334393 
       0.932774        0.301243        0.288935        0.324455 
        0.94508        0.292655        0.280403        0.315883 
       0.957324        0.284954        0.272258         0.30819 
        0.96953        0.275611        0.264464        0.299691 
       0.981769        0.268182        0.256956        0.290879 
       0.994071        0.261451        0.249706        0.284469 
         1.0064        0.253914        0.242724        0.276576 
        1.01868        0.247738         0.23603        0.269573 
        1.03092        0.242004        0.229621        0.262154 
         1.0432        0.236104        0.223427        0.255827 
        1.05553        0.229055        0.217438        0.249934 
        1.06777        0.222782        0.211714        0.243883 
           1.08        0.218364        0.206202        0.237695 
        1.09227        0.212172        0.200869        0.231813 
         1.1046        0.207003        0.195706        0.226702 
         1.1169        0.201916        0.190734        0.221294 
        1.12915        0.196554        0.185961        0.216151 
        1.14142        0.193209        0.181341        0.211148 
        1.15365        0.188562        0.176893        0.206521 
        1.16585        0.183757        0.172606        0.201669 
        1.17807        0.180369        0.168456        0.197491 
        1.19037        0.175231        0.164416        0.192808 
        1.20276        0.172144        0.160482        0.188236 
        1.21504        0.168142        0.156708        0.185038 
        1.22728        0.164877        0.153072         0.18034 
        1.23954         0.16132        0.149542        0.177202 
        1.25184        0.158017        0.146118        0.172974 
        1.26414        0.154554        0.142799        0.169314 
        1.27632        0.150467        0.139614        0.165956 
         1.2886        0.147092        0.136504        0.162251 
        1.30093        0.144148        0.133478         0.15956 
        1.31316        0.140754        0.130565        0.156122 
        1.32541          0.1382         0.12774        0.153231 
        1.33772        0.135534        0.124982        0.150194 
        1.35005        0.133438        0.122305        0.147344 
        1.36225        0.130627        0.119733        0.144277 
        1.37447        0.128114        0.117231        0.141815 
        1.38676        0.125975        0.114788        0.138827 
        1.39907        0.123606        0.112412        0.136414 
        1.41133        0.120725        0.110113        0.133848 
        1.42358        0.118717        0.107881        0.131057 
        1.43591        0.116774        0.105695        0.129189 
        1.44818        0.114474        0.103583         0.12685 
        1.46037        0.112242         0.10154        0.124236 
        1.47263         0.11024       0.0995417        0.122218 
        1.48494        0.108066       0.0975894         0.12015 
        1.49724         0.10601       0.0956912        0.118059 
        1.50952        0.104314       0.0938474        0.115583 
        1.52178         0.10264        0.092055        0.113749 
        1.53409        0.101152       0.0903023        0.111839 
        1.54637       0.0992028       0.0885989        0.109813 
        1.55858         0.09724       0.0869492        0.108006 
        1.57081       0.0957627       0.0853393        0.106096 
        1.58313       0.0943893       0.0837601        0.104559 
        1.59544       0.0930584       0.0822219        0.102683 
        1.60767       0.0915626       0.0807322        0.101031 
        1.61994       0.0895858       0.0792743        0.099532 
        1.63225       0.0878813       0.0778495       0.0979538 
        1.64452       0.0869163       0.0764637       0.0962411 
        1.65676       0.0858451       0.0751159       0.0947786 
          1.669       0.0844519       0.0737998        0.093185 
        1.68133       0.0828378       0.0725068       0.0918435 
        1.69363       0.0814146       0.0712486        0.090404 
        1.70585       0.0802423       0.0700284       0.0890106 
        1.71809       0.0790071       0.0688344       0.0876079 
        1.73038        0.077877       0.0676644       0.0863182 
        1.74268       0.0763513       0.0665209       0.0849023 
        1.75493       0.0758173       0.0654091       0.0838217 
        1.76714       0.0745091       0.0643256       0.0825072 
        1.77942       0.0736212       0.0632612       0.0813059 
        1.79173       0.0726326       0.0622182       0.0799721 
        1.80402       0.0714316       0.0612008       0.0788887 
         1.8163       0.0704188       0.0602068       0.0775683 
         1.8286       0.0693759       0.0592332       0.0767811 
         1.8409       0.0682576        0.058282       0.0755091 
        1.85315       0.0675956       0.0573549        0.074422 
        1.86537       0.0662723       0.0564498       0.0734028 
        1.87765       0.0655977       0.0555608       0.0723566 
        1.88995       0.0648108       0.0546889       0.0714284 
        1.90221       0.0640929       0.0538388       0.0703741 
        1.91445       0.0629406       0.0530082       0.0694496 
        1.92674       0.0622365       0.0521922       0.0685043 
        1.93902       0.0612856       0.0513933       0.0674946 
        1.95124       0.0605969       0.0506155       0.0665944 
         1.9635       0.0597204       0.0498518       0.0656769 
        1.97583       0.0591227        0.049099       0.0647676 
        1.98812       0.0582602       0.0483646       0.0640619 
        2.00039       0.0576055       0.0476468       0.0631053 
        2.01264         0.05688       0.0469441       0.0623294 
        2.02492       0.0563472       0.0462547       0.0615147 
        2.03717       0.0553794       0.0455802       0.0607238 
        2.04942       0.0549744       0.0449201       0.0599036 
        2.06171       0.0541176       0.0442708       0.0591364 
        2.07397       0.0533515       0.0436358       0.0584224 
        2.08629       0.0527741       0.0430106       0.0576493 
        2.09857       0.0522501       0.0423991       0.0569479 
        2.11081       0.0517097       0.0418021       0.0561497 
        2.12309       0.0509429       0.0412151       0.0555796 
        2.13538        0.050468       0.0406385       0.0548379 
        2.14763       0.0499053       0.0400749        0.054199 
        2.15986        0.049381       0.0395234       0.0535623 
        2.17214       0.0487058       0.0389799       0.0528802 
        2.18443       0.0483555       0.0384462       0.0522173 
        2.19671       0.0476714       0.0379231       0.0516509 
        2.20898       0.0472864       0.0374104       0.0509791 
        2.22126        0.046547       0.0369066       0.0504207 
        2.23354       0.0461413       0.0364122       0.0498571 
         2.2458       0.0456689       0.0359278       0.0491423 
        2.25807       0.0451387       0.0354518       0.0486741 
        2.27035       0.0447555       0.0349839       0.0480887 
        2.28263       0.0441597       0.0345248        0.047562 
         2.2949       0.0438198       0.0340741       0.0469679 
        2.30718       0.0433397       0.0336314       0.0464542 
        2.31946       0.0429698       0.0331962       0.0459439 
        2.33169       0.0422704       0.0327707       0.0454028 
        2.34393        0.042223        0.032352       0.0449465 
        2.35622       0.0416238       0.0319392       0.0443895 
        2.36847       0.0413517       0.0315349       0.0439128 
        2.38076        0.040784       0.0311363        0.043439 
        2.39305       0.0406039       0.0307447       0.0429591 
        2.40534       0.0401243       0.0303598       0.0424977 
        2.41762       0.0396809       0.0299815       0.0420272 
        2.42989       0.0393269       0.0296103       0.0415535 
        2.44216       0.0390185       0.0292454       0.0411287 
         2.4544       0.0386196       0.0288875       0.0407065 
        2.46667       0.0383621       0.0285348       0.0402341 
        2.47897       0.0378271       0.0281871       0.0398151 
        2.49124        0.037556       0.0278462       0.0394001 
        2.50349       0.0371785       0.0275114       0.0389718 
        2.51578       0.0368493       0.0271811       0.0385638 
        2.52805       0.0366774       0.0268568       0.0381762 
        2.54029       0.0362286       0.0265386       0.0377929 
        2.55257       0.0359486       0.0262246        0.037416 
        2.56487       0.0356838       0.0259151       0.0370257 
        2.57716       0.0354921        0.025611        0.036642 
        2.58942       0.0350566       0.0253125       0.0362551 
        2.60167        0.034747        0.025019        0.035894 
        2.61395       0.0345029       0.0247297       0.0355493 
        2.62624       0.0343874       0.0244447       0.0351973 
        2.63849       0.0340042        0.024165        0.034846 
        2.65073       0.0336265         0.02389       0.0344906 
        2.66302       0.0335137       0.0236183       0.0341449 
         2.6753       0.0332425       0.0233509       0.0338163 
        2.68756       0.0330779       0.0230883       0.0334934 
        2.69983       0.0327431       0.0228295       0.0331254 
        2.71213       0.0325052       0.0225742       0.0328355 
        2.72441       0.0322126       0.0223232        0.032541 
        2.73665       0.0320649       0.0220766       0.0322196 
         2.7489       0.0318243       0.0218339       0.0319092 
        2.76118       0.0316633       0.0215941       0.0316082 
        2.77349       0.0313402       0.0213573        0.031322 
        2.78576       0.0312416       0.0211251       0.0310401 
        2.79802       0.0310282       0.0208963       0.0306971 
        2.81031       0.0307943       0.0206705       0.0304438 
        2.82259       0.0305121       0.0204481       0.0301451 
        2.83483       0.0302722       0.0202298       0.0298548 
         2.8471       0.0302238       0.0200142       0.0296213 
         2.8594       0.0300198       0.0198011       0.0293524 
         2.8717       0.0297976       0.0195913       0.0290662 
        2.88396       0.0297408       0.0193852       0.0288166 
        2.89619       0.0294869       0.0191825       0.0285651 
        2.90847       0.0293709       0.0189819       0.0283052 
        2.92072       0.0291597       0.0187845       0.0280319 
        2.93299       0.0289957       0.0185898        0.027781 
        2.94526       0.0288971       0.0183977       0.0275498 
        2.95753       0.0286813       0.0182084       0.0273076 
        2.96982       0.0285488       0.0180214       0.0270504 
        2.98209       0.0283702       0.0178374       0.0268075 
        2.99436       0.0283073       0.0176559       0.0265742 
        3.00666       0.0281568       0.0174765       0.0263403 
        3.01894       0.0280903          0.0173       0.0261284 
        3.03119       0.0279675       0.0171262       0.0259024 
        3.04345        0.027825       0.0169548       0.0256814 
        3.05573       0.0277726       0.0167854       0.0254691 
          3.068        0.027599       0.0166184       0.0252368 
        3.08026       0.0274955       0.0164539       0.0250309 
        3.09254       0.0274494       0.0162914       0.0248235 
        3.10483       0.0273557       0.0161309       0.0246167 
         3.1171       0.0273135       0.0159729       0.0244007 
        3.12933       0.0271029       0.0158174       0.0241777 
        3.14159       0.0270154       0.0156637       0.0239992 
