# k  (h/Mpc)    P(k)  (Mpc/h)^3    P_linear(k)  (Mpc/h)^3     P_NL(k)  ShotnoiseSubtracted = false
      0.0156606         7486.73         7632.65         7589.38 
      0.0273761         6464.86         6591.69         6559.81 
      0.0384619         4906.22         4963.29         4942.22 
      0.0498308         3823.87         3902.66         3883.93 
      0.0625568         3225.98         3316.02         3297.31 
      0.0751274         2825.87         2816.93         2788.49 
      0.0867833         2218.98         2267.74         2261.33 
      0.0984825          1825.5         1794.51         1807.56 
       0.111151         1538.57         1498.31         1511.81 
       0.123864         1382.03         1350.23         1361.58 
       0.135742         1246.79         1214.16         1225.84 
        0.14762         1066.32         1038.15         1066.62 
       0.160083         886.611         865.341         898.042 
       0.172465         787.626         755.267         795.642 
       0.184281         728.014         696.259         738.713 
       0.196406          665.99         642.988         677.308 
       0.209011         608.147          572.09         609.536 
       0.221538          546.14         499.949         552.261 
       0.233611         501.252         447.322         505.924 
       0.245665         468.188         412.859         465.389 
       0.258103          431.85         384.335         436.606 
       0.270422         399.612         353.158          404.95 
       0.282519         364.947         320.509         374.921 
       0.294636         358.415         292.019         349.342 
       0.306978         317.085         270.166         329.756 
       0.319417         304.059         252.589         309.812 
        0.33169         284.579         235.764         290.999 
       0.343948         271.591         218.449           276.4 
       0.356249          252.66          202.21         262.937 
       0.368458          243.84         188.609         246.876 
        0.38068          231.57         177.236         234.799 
       0.392856         216.169         166.852         224.469 
       0.405069         206.736         156.699         214.846 
       0.417459         196.868         146.869         203.295 
       0.429752         189.461         138.045         194.958 
       0.441978          182.38         130.299          188.25 
       0.454294         169.889         123.266         178.868 
        0.46658           170.1         116.667         172.806 
       0.478753         160.032         110.441         166.351 
       0.490964         155.122         104.593         160.004 
       0.503334         147.458         99.1962         154.595 
       0.515665         143.636         94.2744          150.54 
       0.527909         139.117         89.7307         143.972 
       0.540159         134.442         85.4317         139.714 
        0.55248         129.962         81.3528         134.892 
       0.564743         126.284         77.5763         131.308 
        0.57686         122.295         74.1051         126.968 
       0.589077         116.802         70.8285         123.851 
       0.601441         114.223         67.7127         120.483 
        0.61382         112.201         64.7751          116.76 
       0.626067         107.796         62.0338         113.755 
       0.638306         104.087         59.4524         110.905 
       0.650632         100.386         57.0065         107.004 
       0.662899         100.024         54.7146         104.549 
       0.675076         96.4068         52.5667         101.991 
       0.687267         94.3028         50.5314          99.515 
       0.699615         91.3784         48.5784         97.4777 
       0.711937         88.5856         46.7321         94.6906 
       0.724148         87.8061         44.9975         93.3548 
       0.736433          84.178         43.3423         90.8187 
       0.748747         82.6554          41.768         88.8022 
       0.761037         80.7789         40.2756         86.6923 
       0.773197         79.0213         38.8716         85.6116 
       0.785376         77.0863          37.533         83.4143 
       0.797761         76.3477         36.2367         82.0975 
       0.810096         73.7014         35.0067         80.2226 
       0.822371         72.3171         33.8398         78.6438 
       0.834626         70.6355         32.7283         77.3217 
       0.846916          69.545          31.664         75.9121 
       0.859215         67.9877         30.6467         74.3516 
       0.871383         67.0813         29.6845         73.0991 
        0.88363         65.2376          28.758         72.0625 
       0.895928         63.8776         27.8678         70.7693 
       0.908253         62.3485         27.0138         69.5599 
       0.920535         61.9974         26.1986         68.4365 
       0.932774         60.7434         25.4201         67.2579 
        0.94508         59.8819         24.6694         66.0389 
       0.957324         58.3629         23.9529          65.169 
        0.96953         58.2816         23.2671         63.9873 
       0.981769         56.3597         22.6066         63.2242 
       0.994071         55.6976         21.9687           62.28 
         1.0064          54.486         21.3545         61.3123 
        1.01868         53.6424         20.7656         60.4799 
        1.03092         52.8244         20.2017         59.5744 
         1.0432         51.9207         19.6567         58.6082 
        1.05553         50.6481         19.1299         58.1428 
        1.06777         50.1523         18.6262         57.2271 
           1.08         48.9757         18.1413         56.3986 
        1.09227         48.4059         17.6722         55.6156 
         1.1046         47.6877         17.2179         54.8598 
         1.1169         47.1357         16.7805         54.0737 
        1.12915         46.3291         16.3605         53.4864 
        1.14142         45.4381         15.9541         52.8108 
        1.15365          44.776         15.5627         52.1991 
        1.16585         44.0977         15.1856         51.4511 
        1.17807          43.385         14.8205         50.7864 
        1.19037         43.2526         14.4651         50.3322 
        1.20276         42.4962          14.119         49.7052 
        1.21504         41.9043          13.787         49.1508 
        1.22728         41.1087          13.467         48.5661 
        1.23954         40.6499         13.1565         47.8903 
        1.25184         39.9583         12.8552         47.4545 
        1.26414         39.4027         12.5633         46.8401 
        1.27632         39.0835          12.283          46.361 
         1.2886         38.6691         12.0094         45.8593 
        1.30093         37.9924         11.7432         45.2686 
        1.31316         37.4205         11.4869         44.8975 
        1.32541         37.1644         11.2383         44.3878 
        1.33772         36.4492         10.9958         43.9216 
        1.35005         36.0334         10.7602         43.4904 
        1.36225          35.457         10.5339         43.0685 
        1.37447         34.6302         10.3138         42.5832 
        1.38676         34.7445         10.0989         42.2091 
        1.39907         34.1828         9.88982         41.8213 
        1.41133         33.4867         9.68757         41.3806 
        1.42358         33.1517         9.49118         40.9487 
        1.43591         32.7519          9.2989         40.5979 
        1.44818         32.4251         9.11302         40.1298 
        1.46037         32.0102         8.93334         39.7652 
        1.47263         31.7764         8.75751         39.4489 
        1.48494         31.1636         8.58575         39.0317 
        1.49724          31.083         8.41875         38.6697 
        1.50952         30.5907         8.25654         38.3583 
        1.52178          30.143         8.09884          37.988 
        1.53409         29.8946         7.94464         37.6538 
        1.54637         29.5086         7.79478         37.2732 
        1.55858         28.8334         7.64964         36.9549 
        1.57081         28.9218           7.508         36.6683 
        1.58313         28.5608         7.36907         36.3186 
        1.59544          28.027         7.23374          36.017 
        1.60767         27.7151         7.10268         35.6602 
        1.61994         27.3795         6.97442         35.3833 
        1.63225         27.2512         6.84906         35.1196 
        1.64452         26.8305         6.72714         34.8243 
        1.65676         26.5559         6.60857         34.5083 
          1.669         26.2994         6.49277         34.2604 
        1.68133         25.9565         6.37902         33.9479 
        1.69363         25.5983         6.26833         33.6172 
        1.70585          25.394         6.16098         33.4404 
        1.71809         24.9847         6.05593         33.0913 
        1.73038          24.856         5.95299         32.8843 
        1.74268         24.5501         5.85239         32.5537 
        1.75493         24.2349         5.75458         32.3272 
        1.76714         24.1084         5.65926          32.091 
        1.77942         23.8396         5.56561         31.8215 
        1.79173         23.3987         5.47385         31.5719 
        1.80402         23.1695         5.38434         31.4062 
         1.8163         23.0748         5.29689         31.0345 
         1.8286         22.6706         5.21124          30.856 
         1.8409         22.4745         5.12755         30.6247 
        1.85315         22.2558         5.04598         30.4094 
        1.86537         21.9549         4.96635         30.1786 
        1.87765         21.8284         4.88814         29.9433 
        1.88995         21.5314         4.81144         29.6798 
        1.90221         21.3217         4.73664         29.4685 
        1.91445         21.0587         4.66356         29.2544 
        1.92674         20.8726         4.59178          29.037 
        1.93902         20.6255          4.5215         28.8522 
        1.95124         20.3232         4.45306         28.6898 
         1.9635         20.2035         4.38587         28.4314 
        1.97583          19.995         4.31964         28.2313 
        1.98812         19.8271         4.25503         28.0474 
        2.00039         19.6152         4.19188         27.8378 
        2.01264         19.3901         4.13006         27.6575 
        2.02492         19.2339          4.0694         27.4253 
        2.03717         18.9451         4.01007          27.248 
        2.04942         18.7955         3.95199         27.0424 
        2.06171         18.6593         3.89487         26.8655 
        2.07397         18.4725           3.839         26.6557 
        2.08629         18.2978         3.78399         26.4661 
        2.09857         18.1207          3.7302         26.3016 
        2.11081         17.8877         3.67767         26.1181 
        2.12309         17.7623         3.62603         25.9357 
        2.13538         17.5422          3.5753         25.7629 
        2.14763         17.3711         3.52572          25.591 
        2.15986         17.2659         3.47719         25.4258 
        2.17214         17.0619         3.42938         25.2584 
        2.18443         16.8939         3.38243         25.0701 
        2.19671         16.7242         3.33641         24.8929 
        2.20898         16.5637          3.2913         24.7293 
        2.22126         16.4362         3.24697         24.5779 
        2.23354         16.3524         3.20348         24.4119 
         2.2458         16.1445         3.16086         24.2765 
        2.25807         15.9433         3.11898         24.0706 
        2.27035         15.8221         3.07782         23.9307 
        2.28263         15.6589         3.03743         23.7752 
         2.2949         15.5753         2.99778         23.6325 
        2.30718         15.4345         2.95883         23.4834 
        2.31946         15.3099         2.92055         23.3177 
        2.33169         15.1475         2.88311         23.1674 
        2.34393         15.0102         2.84627         23.0385 
        2.35622         14.8106         2.80996         22.8837 
        2.36847         14.7104         2.77438         22.7267 
        2.38076         14.5527         2.73931         22.5989 
        2.39305         14.4537         2.70486         22.4515 
        2.40534         14.3085           2.671         22.2823 
        2.41762          14.173         2.63772         22.1787 
        2.42989           14.06         2.60506         22.0159 
        2.44216         13.9297         2.57296         21.8825 
         2.4544         13.9095         2.54147         21.7326 
        2.46667         13.7277         2.51044         21.6113 
        2.47897         13.5595         2.47985         21.4661 
        2.49124         13.5056         2.44985         21.3347 
        2.50349         13.3492          2.4204         21.1921 
        2.51578         13.2539         2.39134         21.0901 
        2.52805         13.1518         2.36281         20.9513 
        2.54029         13.0683         2.33482          20.822 
        2.55257         12.9774         2.30719         20.6913 
        2.56487         12.7974         2.27996         20.5683 
        2.57716         12.7276         2.25321         20.4252 
        2.58942          12.653         2.22695         20.3251 
        2.60167         12.5011         2.20113         20.2006 
        2.61395         12.4929         2.17568         20.0758 
        2.62624         12.3837          2.1506         19.9522 
        2.63849         12.2555         2.12599         19.8505 
        2.65073         12.1632          2.1018          19.718 
        2.66302         12.0922         2.07789         19.6107 
         2.6753         12.0341         2.05437         19.4847 
        2.68756         11.9367         2.03127         19.3783 
        2.69983         11.8399          2.0085         19.2567 
        2.71213         11.7451         1.98604         19.1296 
        2.72441         11.7032         1.96395         19.0283 
        2.73665         11.6306         1.94226         18.9164 
         2.7489         11.5701         1.92091         18.7985 
        2.76118          11.448         1.89981         18.6953 
        2.77349         11.3887         1.87898         18.5856 
        2.78576         11.2971         1.85854         18.4849 
        2.79802         11.2621         1.83842         18.3698 
        2.81031          11.191         1.81855         18.2598 
        2.82259         11.1467         1.79898         18.1615 
        2.83483         11.0796         1.77978         18.0595 
         2.8471         11.0163         1.76081         17.9492 
         2.8594         10.9822         1.74207         17.8402 
         2.8717         10.9221          1.7236         17.7441 
        2.88396         10.8514         1.70547         17.6422 
        2.89619         10.8163         1.68764          17.539 
        2.90847         10.7705         1.66999         17.4478 
        2.92072          10.736         1.65262         17.3326 
        2.93299         10.6515          1.6355         17.2442 
        2.94526         10.6393          1.6186         17.1534 
        2.95753         10.5921         1.60194         17.0499 
        2.96982         10.5479         1.58549         16.9527 
        2.98209         10.5425         1.56931         16.8581 
        2.99436          10.519         1.55333         16.7578 
        3.00666         10.4876         1.53755         16.6653 
        3.01894         10.4645         1.52203          16.586 
        3.03119         10.4271         1.50673         16.4879 
        3.04345         10.3639         1.49165         16.3834 
        3.05573         10.3888         1.47674         16.2967 
          3.068         10.3687         1.46206         16.2147 
        3.08026         10.3461         1.44759         16.1115 
        3.09254         10.3493         1.43328         16.0303 
        3.10483         10.3405         1.41917         15.9519 
         3.1171         10.3621         1.40527         15.8584 
        3.12933         10.3366         1.39159         15.7694 
        3.14159         10.3026         1.37806         15.6794 
