# k  (h/Mpc)    Pcb(k)  (Mpc/h)^3    Pcb_linear(k) (Mpc/h)^3    Pcb_NL(k) (Mpc/h)^3   ShotnoiseSubtracted = false
      0.0156606         11527.7         11562.3         11489.7 
      0.0273761         9940.08         9999.28         9933.62 
      0.0384619         7541.86         7534.16         7483.51 
      0.0498308         5861.31         5926.47         5878.19 
      0.0625568         4947.96         5036.96         4991.69 
      0.0751274         4362.98         4279.54         4213.56 
      0.0867833          3408.2         3445.55            3428 
      0.0984825         2829.85         2726.74         2751.38 
       0.111151         2396.41         2276.79         2303.58 
       0.123864         2151.43         2051.86         2074.25 
       0.135742         1946.83         1845.14          1868.1 
        0.14762          1675.4         1577.69         1636.36 
       0.160083         1399.27          1315.1         1384.05 
       0.172465         1246.46         1147.83         1234.15 
       0.184281          1146.3         1058.17         1147.49 
       0.196406         1056.08         977.214         1052.14 
       0.209011         972.534         869.472         949.388 
       0.221538         876.649         759.837         870.581 
       0.233611         816.731         679.857         804.302 
       0.245665          754.58         627.483         740.029 
       0.258103         714.107         584.133         695.913 
       0.270422         650.072          536.75         648.411 
       0.282519         599.461         487.131          604.45 
       0.294636         593.684         443.831         566.976 
       0.306978         529.393         410.618         538.498 
       0.319417          510.11         383.904         506.463 
        0.33169         479.923         358.334         476.678 
       0.343948         457.395         332.017         457.193 
       0.356249         428.392         307.337         436.941 
       0.368458         415.448         286.665         412.434 
        0.38068         397.895         269.377         393.785 
       0.392856         373.225         253.596         377.531 
       0.405069         358.366         238.166         364.497 
       0.417459         342.602         223.225         345.789 
       0.429752          331.23         209.813         332.837 
       0.441978         320.367         198.041         322.552 
       0.454294         300.552         187.352         307.701 
        0.46658         298.515         177.322         299.089 
       0.478753         285.678          167.86         288.519 
       0.490964         276.143         158.972         278.344 
       0.503334         260.623         150.768         270.257 
       0.515665         257.771         143.288         263.995 
       0.527909         249.802         136.382         254.916 
       0.540159         242.706         129.849         247.592 
        0.55248         237.761         123.649          240.13 
       0.564743         231.723         117.909         234.887 
        0.57686         223.487         112.633          227.53 
       0.589077         214.577         107.653         222.582 
       0.601441         211.323         102.917         217.157 
        0.61382         209.036         98.4523         211.836 
       0.626067         203.488         94.2858         206.791 
       0.638306         194.277         90.3623         202.591 
       0.650632         189.121         86.6449         196.129 
       0.662899         188.956         83.1614         192.761 
       0.675076         182.093         79.8967         188.447 
       0.687267         177.425         76.8033         184.314 
       0.699615         173.882         73.8349         180.634 
       0.711937         169.734         71.0288         176.949 
       0.724148         166.654         68.3924         174.353 
       0.736433         162.573         65.8767         170.325 
       0.748747         159.002         63.4838         166.849 
       0.761037         156.595         61.2156         163.445 
       0.773197         153.365         59.0816         161.577 
       0.785376         151.513          57.047         157.922 
       0.797761         148.407         55.0767         155.905 
       0.810096         144.847         53.2072          152.89 
       0.822371         140.332         51.4337         150.316 
       0.834626         138.585         49.7442         147.748 
       0.846916         137.072         48.1267         145.522 
       0.859215         135.279         46.5805         143.111 
       0.871383         132.589          45.118         140.709 
        0.88363         130.083         43.7099         139.055 
       0.895928         127.547         42.3568          137.07 
       0.908253         124.157         41.0588         134.543 
       0.920535         123.583         39.8198         132.834 
       0.932774         120.024         38.6364          130.59 
        0.94508         119.076         37.4955         128.933 
       0.957324         117.636         36.4064         127.101 
        0.96953         117.075         35.3641         125.031 
       0.981769         113.332         34.3602         123.885 
       0.994071          112.57         33.3907         122.112 
         1.0064         109.873         32.4571         120.315 
        1.01868         108.878          31.562          118.94 
        1.03092         106.932         30.7049         117.466 
         1.0432         105.114         29.8767         115.909 
        1.05553         102.633         29.0759         114.764 
        1.06777         102.483         28.3104         113.434 
           1.08         100.478         27.5734         111.919 
        1.09227         99.0573         26.8603          110.59 
         1.1046         97.3392         26.1699         109.228 
         1.1169         96.2147         25.5051         107.734 
        1.12915         94.8716         24.8667         106.611 
        1.14142         93.2856          24.249         105.281 
        1.15365         91.4925         23.6541         104.104 
        1.16585         90.4272         23.0809         102.854 
        1.17807         89.0152          22.526         101.947 
        1.19037         88.8678         21.9858         100.879 
        1.20276         86.9233         21.4597         99.6785 
        1.21504         86.3273          20.955         98.4991 
        1.22728         84.4356         20.4688         97.5058 
        1.23954         83.7934         19.9968         96.3961 
        1.25184         82.1564         19.5389         95.4851 
        1.26414         81.0775         19.0951         94.5055 
        1.27632         80.2942         18.6692         93.8435 
         1.2886         79.0075         18.2533         92.5008 
        1.30093         77.9178         17.8486         91.4629 
        1.31316         77.1007         17.4592          90.776 
        1.32541         76.3817         17.0814         89.8831 
        1.33772         75.1764         16.7127         88.9525 
        1.35005         74.5003         16.3546         88.0709 
        1.36225          73.344         16.0107         87.2012 
        1.37447         71.7428         15.6761         86.2723 
        1.38676         71.8053         15.3495         85.3401 
        1.39907         70.4286         15.0317         84.7264 
        1.41133         69.2036         14.7243         84.0662 
        1.42358         68.4405         14.4258          83.025 
        1.43591         67.9605         14.1336         82.2909 
        1.44818         66.9879         13.8511         81.4583 
        1.46037         66.1803          13.578         80.8333 
        1.47263         65.1977         13.3107         80.1775 
        1.48494         64.4815         13.0497         79.3621 
        1.49724         63.4755         12.7958          78.557 
        1.50952          63.035         12.5493         77.8126 
        1.52178         62.2115         12.3096         77.2161 
        1.53409          61.666         12.0752         76.5497 
        1.54637         60.2092         11.8475         75.8011 
        1.55858         59.6102         11.6269         75.0757 
        1.57081         59.1679         11.4116         74.5356 
        1.58313         58.2187         11.2004         73.9192 
        1.59544         57.4654         10.9947         73.1839 
        1.60767         56.8994         10.7955         72.5793 
        1.61994         56.0316         10.6006         72.0517 
        1.63225          55.366           10.41         71.2632 
        1.64452         54.7758         10.2247         70.7631 
        1.65676         53.9636         10.0445         70.0878 
          1.669          53.599         9.86851         69.5623 
        1.68133         53.0476         9.69561         68.9212 
        1.69363         52.1306         9.52737         68.4363 
        1.70585          51.838          9.3642         67.8506 
        1.71809         50.7573         9.20453         67.3151 
        1.73038         50.4095         9.04808         66.7351 
        1.74268         49.6901         8.89518          66.171 
        1.75493         49.1804         8.74651         65.6174 
        1.76714         48.5749         8.60163         65.0642 
        1.77942         48.2909         8.45929         64.5663 
        1.79173         47.4568         8.31982         63.9692 
        1.80402         47.0315         8.18378         63.5518 
         1.8163         46.4202         8.05086         62.9473 
         1.8286          45.782         7.92067         62.5783 
         1.8409         45.2329         7.79347         61.9565 
        1.85315         44.7536         7.66949         61.6032 
        1.86537         44.2285         7.54846         61.0813 
        1.87765         43.8231          7.4296         60.5142 
        1.88995         43.2134         7.31301          60.026 
        1.90221         42.8665         7.19933         59.5581 
        1.91445         42.1853         7.08825         59.1661 
        1.92674          41.783         6.97914         58.6517 
        1.93902         41.3352         6.87232         58.1804 
        1.95124         40.9128         6.76831         57.8122 
         1.9635         40.2683         6.66618         57.3058 
        1.97583         39.9205         6.56552         56.9392 
        1.98812         39.2623         6.46732          56.444 
        2.00039         39.0242         6.37132         56.0001 
        2.01264         38.4161         6.27737         55.6274 
        2.02492         38.0996         6.18517         55.2076 
        2.03717         37.5532         6.09499         54.7422 
        2.04942           37.12         6.00671         54.3484 
        2.06171         36.7811         5.91989         53.8899 
        2.07397         36.2866         5.83498         53.5413 
        2.08629         35.9008         5.75137           53.11 
        2.09857         35.5773         5.66961         52.7584 
        2.11081          35.074         5.58977         52.3255 
        2.12309         34.7732         5.51128         51.9281 
        2.13538         34.2678         5.43418         51.5952 
        2.14763         33.9673         5.35882         51.1958 
        2.15986         33.7589         5.28506         50.7921 
        2.17214         33.1645          5.2124         50.4955 
        2.18443         32.8972         5.14102         50.0423 
        2.19671         32.4093         5.07108         49.6843 
        2.20898         31.9899         5.00251         49.3098 
        2.22126         31.8562         4.93515         48.9437 
        2.23354         31.4422         4.86904         48.6494 
         2.2458         31.1012         4.80427         48.2702 
        2.25807         30.5991         4.74061         47.9001 
        2.27035         30.3031         4.67805         47.5765 
        2.28263         29.9689         4.61666         47.2458 
         2.2949         29.7203         4.55639         46.9112 
        2.30718          29.404         4.49718         46.5575 
        2.31946         29.1021           4.439         46.2317 
        2.33169         28.8014          4.3821         45.8903 
        2.34393         28.4158         4.32611         45.5385 
        2.35622         28.0983         4.27092         45.2741 
        2.36847          27.783         4.21684         44.9044 
        2.38076         27.5447         4.16354         44.6371 
        2.39305         27.2159         4.11118         44.3274 
        2.40534         26.9723         4.05971         43.9521 
        2.41762         26.5976         4.00913         43.6749 
        2.42989         26.4347         3.95949         43.3697 
        2.44216         26.1061          3.9107         43.0757 
         2.4544         25.8501         3.86284         42.7881 
        2.46667         25.5123         3.81567         42.4734 
        2.47897          25.299         3.76918         42.1953 
        2.49124         25.0851         3.72359         41.8929 
        2.50349         24.7661         3.67882         41.6327 
        2.51578         24.4348         3.63465         41.3497 
        2.52805          24.276         3.59129         41.0458 
        2.54029         24.0727         3.54874         40.7685 
        2.55257         23.8304         3.50675         40.4889 
        2.56487         23.6033         3.46536         40.2155 
        2.57716         23.3503          3.4247          39.929 
        2.58942         23.1109         3.38478         39.6906 
        2.60167         22.8932         3.34554          39.398 
        2.61395         22.6773         3.30686         39.1325 
        2.62624         22.5004         3.26874         38.8846 
        2.63849         22.3208         3.23134         38.6195 
        2.65073         22.0389         3.19456          38.343 
        2.66302          21.772         3.15823         38.1099 
         2.6753           21.67         3.12249         37.8592 
        2.68756         21.5131         3.08737         37.6265 
        2.69983         21.3118         3.05276          37.348 
        2.71213         21.1111         3.01862         37.1088 
        2.72441          20.953         2.98506         36.8458 
        2.73665         20.7427         2.95208         36.6038 
         2.7489         20.5288         2.91963         36.3691 
        2.76118         20.4082         2.88756         36.1061 
        2.77349         20.3013          2.8559         35.8936 
        2.78576         20.0578         2.82484         35.6681 
        2.79802         19.8783         2.79426         35.4275 
        2.81031         19.7725         2.76406         35.2147 
        2.82259         19.6746         2.73431         34.9801 
        2.83483         19.4214         2.70512         34.7373 
         2.8471          19.373          2.6763         34.5046 
         2.8594         19.2118         2.64781          34.293 
         2.8717         19.0407         2.61974         34.0633 
        2.88396         18.8701         2.59219         33.8351 
        2.89619         18.8408         2.56508         33.6282 
        2.90847         18.7003         2.53825         33.4104 
        2.92072         18.5514         2.51186         33.2092 
        2.93299         18.4905         2.48583         33.0038 
        2.94526         18.4055         2.46014         32.7881 
        2.95753         18.3166         2.43482         32.5767 
        2.96982         18.2427         2.40982         32.3756 
        2.98209         18.0982         2.38522         32.1751 
        2.99436         18.0641         2.36094         31.9714 
        3.00666          17.943         2.33696         31.7635 
        3.01894         17.8883         2.31336         31.5545 
        3.03119         17.7379         2.29012         31.3565 
        3.04345         17.7826         2.26719         31.1688 
        3.05573         17.7028         2.24454         30.9746 
          3.068          17.618         2.22221         30.7687 
        3.08026         17.6077         2.20022         30.5802 
        3.09254         17.5335         2.17848         30.3973 
        3.10483         17.5009         2.15703         30.2122 
         3.1171         17.5197          2.1359         30.0275 
        3.12933         17.4562         2.11511          29.841 
        3.14159         17.3848         2.09455         29.6505 
