# k  (h/Mpc)    P(k)  (Mpc/h)^3    P_linear(k)  (Mpc/h)^3     P_NL(k)  ShotnoiseSubtracted = false
      0.0156606         14564.9         14739.2         14639.4 
      0.0273761         12514.3         12724.4         12623.6 
      0.0384619         9477.87         9578.81         9496.08 
      0.0498308         7346.21         7530.69         7449.78 
      0.0625568          6200.8         6397.97         6323.89 
      0.0751274         5487.15         5434.58         5328.42 
      0.0867833         4272.25         4374.83          4344.5 
      0.0984825         3568.42         3461.77         3496.84 
       0.111151         3031.84         2890.28            2930 
       0.123864         2720.14         2604.57         2637.38 
       0.135742         2467.04         2342.05         2375.49 
        0.14762         2132.05          2002.5         2090.09 
       0.160083         1788.91         1669.15         1773.88 
       0.172465         1595.12         1456.82          1588.9 
       0.184281         1460.18         1342.99         1478.08 
       0.196406         1354.54         1240.23          1356.6 
       0.209011         1254.34         1103.47         1225.98 
       0.221538         1131.67         964.315         1132.27 
       0.233611         1065.26         862.804         1051.74 
       0.245665          976.41         796.329         968.466 
       0.258103         940.464         741.309         912.051 
       0.270422         847.659         681.172         852.355 
       0.282519         788.205         618.198         798.658 
       0.294636         780.807         563.244         752.049 
       0.306978         701.462         521.093         716.797 
       0.319417         679.157          487.19         674.678 
        0.33169         640.027         454.738         636.086 
       0.343948         610.223          421.34         613.142 
       0.356249         573.642         390.019         587.704 
       0.368458         556.394         363.784         556.812 
        0.38068         537.137         341.847          533.04 
       0.392856         506.085          321.82         512.029 
       0.405069         484.864         302.236         495.911 
       0.417459         464.805         283.276         472.594 
       0.429752         452.469         266.256          455.45 
       0.441978          437.66         251.317          442.27 
       0.454294         413.577         237.751         422.883 
        0.46658         406.714         225.023         412.377 
       0.478753         393.468         213.015         398.429 
       0.490964         379.401         201.735         385.157 
       0.503334         358.524         191.326         374.835 
       0.515665         356.967         181.833          366.62 
       0.527909         344.571         173.069         355.886 
       0.540159         335.798         164.777         345.815 
        0.55248         329.277          156.91         336.178 
       0.564743         323.619         149.626         329.661 
        0.57686         311.226         142.931         319.919 
       0.589077         300.121         136.611         312.909 
       0.601441         296.858         130.601          305.69 
        0.61382         292.167         124.935         299.456 
       0.626067         286.753         119.648         292.785 
       0.638306         273.897         114.669         287.179 
       0.650632         268.719         109.952         278.691 
       0.662899         267.052         105.531         274.928 
       0.675076         256.871         101.388         269.414 
       0.687267         250.497         97.4626         263.285 
       0.699615         246.488         93.6957          258.56 
       0.711937         242.152         90.1348         253.852 
       0.724148         235.585         86.7891         250.025 
       0.736433         230.546         83.5967         244.767 
       0.748747         226.396         80.5602         240.033 
       0.761037         222.639         77.6818         235.938 
       0.773197          219.25         74.9738         232.924 
       0.785376         216.482         72.3918          228.42 
       0.797761         211.348         69.8915         225.236 
       0.810096          208.26         67.5192         221.708 
       0.822371         200.465         65.2686         218.023 
       0.834626         199.724         63.1247         214.601 
       0.846916         196.064          61.072         211.485 
       0.859215         195.458         59.1099         208.352 
       0.871383         190.383          57.254         205.015 
        0.88363         188.462         55.4671         202.854 
       0.895928         184.194         53.7501         199.767 
       0.908253         179.156         52.1029         196.351 
       0.920535         178.612         50.5306         193.729 
       0.932774          172.67          49.029         190.942 
        0.94508         171.257         47.5811           188.9 
       0.957324         170.763         46.1991         186.033 
        0.96953         168.618         44.8764         183.237 
       0.981769         163.403         43.6025         181.591 
       0.994071          162.67         42.3722         179.166 
         1.0064         158.802         41.1874         176.434 
        1.01868         156.791         40.0516         174.492 
        1.03092         154.273          38.964         172.554 
         1.0432         151.303         37.9129         170.376 
        1.05553         148.744         36.8968         168.411 
        1.06777          148.58         35.9254         166.685 
           1.08         145.056         34.9901         164.469 
        1.09227         143.481         34.0852         162.824 
         1.1046         141.137         33.2091          160.92 
         1.1169          139.28         32.3654         158.739 
        1.12915         137.073         31.5554         157.168 
        1.14142         134.953         30.7714         155.127 
        1.15365         133.153         30.0166         153.494 
        1.16585         131.291         29.2892         151.513 
        1.17807         129.398          28.585          150.43 
        1.19037         128.787         27.8995         148.837 
        1.20276         126.167         27.2319         147.023 
        1.21504         124.654         26.5915         145.428 
        1.22728         122.188         25.9744           143.7 
        1.23954         121.488         25.3755         142.466 
        1.25184         118.983         24.7944         140.886 
        1.26414         117.431         24.2313         139.424 
        1.27632          116.81         23.6908         138.697 
         1.2886         114.641         23.1631         136.666 
        1.30093         111.937         22.6496         135.211 
        1.31316         111.602         22.1554         133.834 
        1.32541         109.965         21.6759         132.801 
        1.33772         108.786          21.208         131.376 
        1.35005         107.433         20.7537         129.933 
        1.36225         106.111         20.3173          128.77 
        1.37447         104.036         19.8926         127.361 
        1.38676          103.51         19.4782         126.018 
        1.39907         101.179         19.0749         124.946 
        1.41133         99.8534         18.6849         123.932 
        1.42358         98.5692         18.3061         122.678 
        1.43591         97.9456         17.9352         121.328 
        1.44818         96.8692         17.5767          120.33 
        1.46037         95.0686         17.2301         119.144 
        1.47263         93.7496          16.891         118.239 
        1.48494         92.9775         16.5597         116.976 
        1.49724         91.4703         16.2376         115.757 
        1.50952         90.0561         15.9248         114.753 
        1.52178         89.2705         15.6206         113.725 
        1.53409         88.3042         15.3232         112.732 
        1.54637         86.4828         15.0342         111.703 
        1.55858         85.5397         14.7542         110.638 
        1.57081         84.3441          14.481         109.687 
        1.58313         83.3293         14.2131         108.694 
        1.59544         82.4465         13.9521         107.715 
        1.60767         81.2257         13.6993         106.708 
        1.61994         80.1682         13.4519         106.025 
        1.63225         78.9851         13.2101         104.741 
        1.64452         77.9449         12.9749         103.924 
        1.65676          76.856         12.7463         103.034 
          1.669         76.3249         12.5229         102.203 
        1.68133         75.3533         12.3035         101.239 
        1.69363         74.3808           12.09         100.454 
        1.70585         73.4815          11.883         99.5101 
        1.71809          72.202         11.6803         98.7578 
        1.73038         71.4532         11.4818         97.8009 
        1.74268         70.3461         11.2878         97.0089 
        1.75493         69.7883         11.0991         96.1328 
        1.76714         68.6293         10.9153         95.3381 
        1.77942         68.2144         10.7346         94.5016 
        1.79173         67.0377         10.5577         93.7007 
        1.80402         66.3175          10.385         92.9944 
         1.8163         65.4992         10.2164         92.0572 
         1.8286         64.5515         10.0512          91.423 
         1.8409         63.6446         9.88974         90.6095 
        1.85315         62.7511         9.73241         89.9621 
        1.86537          62.143         9.57883         89.1549 
        1.87765         61.4053         9.42799         88.3009 
        1.88995         60.5723         9.28004         87.6744 
        1.90221         59.9423         9.13578         86.9301 
        1.91445         58.8617         8.99483          86.248 
        1.92674           58.36         8.85637          85.549 
        1.93902         57.6408         8.72081          84.786 
        1.95124         57.2075         8.58882         84.2193 
         1.9635         56.1213         8.45923         83.3879 
        1.97583         55.5977         8.33149          82.845 
        1.98812         54.9112         8.20688         82.1026 
        2.00039         54.1374         8.08506           81.45 
        2.01264         53.5064         7.96584         80.7875 
        2.02492         52.7989         7.84884         80.1734 
        2.03717         52.1008          7.7344         79.4603 
        2.04942         51.4629         7.62238         78.9181 
        2.06171         50.7824          7.5122          78.225 
        2.07397         50.1514         7.40445         77.6727 
        2.08629         49.6343         7.29836         76.9904 
        2.09857         49.1265          7.1946         76.4303 
        2.11081         48.0596         7.09329         75.7581 
        2.12309         47.7829         6.99369         75.2196 
        2.13538         47.1704         6.89585         74.6187 
        2.14763         46.6826         6.80022         74.0466 
        2.15986         46.0341         6.70662         73.4552 
        2.17214         45.3923         6.61441         72.9356 
        2.18443         45.1159         6.52384         72.3528 
        2.19671         44.2719         6.43508          71.749 
        2.20898         43.9604         6.34807         71.2015 
        2.22126         43.3751         6.26258         70.6303 
        2.23354         42.7989          6.1787         70.1426 
         2.2458         42.3977          6.0965         69.6183 
        2.25807          41.972         6.01572         69.0342 
        2.27035          41.392         5.93634         68.5163 
        2.28263         40.8284         5.85843         67.9856 
         2.2949         40.3163         5.78195         67.4904 
        2.30718         39.9075         5.70682         67.0004 
        2.31946         39.3354         5.63299         66.5162 
        2.33169         38.9196         5.56078         65.9934 
        2.34393         38.3164         5.48973         65.4914 
        2.35622         38.0454         5.41969         65.0003 
        2.36847         37.5617         5.35107         64.5275 
        2.38076          37.242         5.28343         64.0458 
        2.39305         36.7654         5.21698         63.5802 
        2.40534         36.3844         5.15167         63.0496 
        2.41762         35.9683         5.08749         62.5776 
        2.42989         35.4049          5.0245         62.1703 
        2.44216         35.1835         4.96258         61.6929 
         2.4544         34.8289         4.90185         61.2485 
        2.46667         34.2721         4.84199         60.7595 
        2.47897         33.9666         4.78299         60.3378 
        2.49124          33.528         4.72514          59.899 
        2.50349         33.1206         4.66833         59.4717 
        2.51578         32.7749         4.61228         59.0621 
        2.52805          32.645         4.55726         58.6095 
        2.54029         32.2141         4.50326          58.187 
        2.55257         31.7876         4.44998         57.7822 
        2.56487         31.4609         4.39746         57.3757 
        2.57716         31.1468         4.34586         56.9935 
        2.58942         30.7621         4.29521         56.5625 
        2.60167         30.3675         4.24541         56.1298 
        2.61395          30.145         4.19633         55.7518 
        2.62624          29.903         4.14795         55.3549 
        2.63849         29.5985         4.10049         54.9673 
        2.65073         29.2563         4.05383         54.5519 
        2.66302         28.9716         4.00772         54.1897 
         2.6753         28.6428         3.96236         53.8122 
        2.68756         28.2943         3.91779         53.4177 
        2.69983         28.0765         3.87388         53.0614 
        2.71213         27.7251         3.83055         52.7067 
        2.72441         27.6118         3.78796         52.3147 
        2.73665         27.3213         3.74612         51.9505 
         2.7489         27.1264         3.70494         51.5989 
        2.76118         26.8181         3.66425         51.2323 
        2.77349         26.6061         3.62407         50.8969 
        2.78576         26.4199         3.58466         50.5318 
        2.79802         26.0957         3.54585         50.1905 
        2.81031         25.8798         3.50752         49.8591 
        2.82259         25.6646         3.46978         49.4995 
        2.83483         25.4221         3.43273         49.1603 
         2.8471         25.2102         3.39616         48.8358 
         2.8594         25.0071            3.36         48.5219 
         2.8717         24.7396         3.32439         48.1836 
        2.88396         24.6371         3.28942         47.8386 
        2.89619         24.4473         3.25502         47.5207 
        2.90847         24.2453         3.22098         47.2052 
        2.92072         24.1432         3.18749         46.8908 
        2.93299         24.0181         3.15445         46.5655 
        2.94526         23.7891         3.12186         46.2699 
        2.95753         23.6259         3.08973         45.9778 
        2.96982         23.6038         3.05801         45.6671 
        2.98209         23.3863         3.02679         45.3654 
        2.99436         23.2063         2.99598         45.0615 
        3.00666         23.1669         2.96555         44.7648 
        3.01894         23.0402          2.9356         44.4531 
        3.03119         22.8714          2.9061         44.1623 
        3.04345         22.7736         2.87701         43.8877 
        3.05573         22.7052         2.84826         43.6046 
          3.068         22.6452         2.81994         43.3162 
        3.08026         22.5694         2.79202         43.0307 
        3.09254         22.4492         2.76444         42.7581 
        3.10483         22.4708         2.73722         42.4869 
         3.1171         22.3606          2.7104         42.2111 
        3.12933         22.3857         2.68402         41.9389 
        3.14159         22.2971         2.65793         41.6656 
