# k  (h/Mpc)    Pcb(k)  (Mpc/h)^3    Pcb_linear(k) (Mpc/h)^3    Pcb_NL(k) (Mpc/h)^3   ShotnoiseSubtracted = false
      0.0156606         1167.53         1168.14         1162.68 
      0.0273761         1016.77          1011.1          1008.9 
      0.0384619         772.428         762.114         761.878 
      0.0498308         607.091          599.61         599.831 
      0.0625568         512.323         509.677         509.324 
      0.0751274          440.25         433.068         432.172 
      0.0867833         351.281         348.688          348.61 
      0.0984825         282.561         275.953         276.597 
       0.111151         236.205         230.423         231.017 
       0.123864          212.09         207.662         207.995 
       0.135742         190.315         186.743         187.023 
        0.14762         161.731         159.677         160.494 
       0.160083         134.506         133.101         134.091 
       0.172465         117.965         116.173         117.337 
       0.184281         109.227         107.098         108.305 
       0.196406          99.834         98.9053         99.7938 
       0.209011         89.4782         88.0009         89.0404 
       0.221538         78.9678         76.9048         78.3905 
       0.233611         70.8114           68.81         70.4568 
       0.245665          66.191         63.5092         64.9609 
       0.258103         59.8802         59.1217         60.5586 
       0.270422         56.0143         54.3261         55.7056 
       0.282519         50.8039         49.3041         50.8041 
       0.294636         47.5404         44.9216          46.504 
       0.306978         42.4987           41.56          43.188 
       0.319417         40.3355         38.8563         40.4342 
        0.33169         37.4992         36.2682         37.7891 
       0.343948          35.283         33.6046         35.1248 
       0.356249         32.2855         31.1067         32.8281 
       0.368458         30.5473         29.0144         30.5546 
        0.38068          28.505         27.2647         28.7965 
       0.392856          26.772         25.6675          27.214 
       0.405069         25.2806         24.1057         25.5763 
       0.417459         23.3857         22.5935         24.1218 
       0.429752         22.2848          21.236         22.7473 
       0.441978         21.1633         20.0446         21.6345 
       0.454294         19.7612         18.9626          20.466 
        0.46658         19.2531         17.9475         19.4241 
       0.478753         17.9893         16.9898         18.4624 
       0.490964         17.2778         16.0902         17.6296 
       0.503334         16.4764         15.2599         16.7171 
       0.515665         15.5189         14.5027         16.0309 
       0.527909         14.8708         13.8038         15.2137 
       0.540159         14.1195         13.1425         14.5365 
        0.55248         13.2483         12.5151          13.862 
       0.564743         12.9956         11.9341         13.3511 
        0.57686         12.4495         11.4001         12.7745 
       0.589077         11.6996          10.896         12.3037 
       0.601441         11.2272         10.4167         11.7984 
        0.61382         10.7836         9.96478         11.2978 
       0.626067         10.3169         9.54307         10.8704 
       0.638306         9.94118         9.14596         10.4435 
       0.650632         9.65954         8.76971         10.0807 
       0.662899         9.19931         8.41713         9.68937 
       0.675076         8.74577          8.0867         9.34629 
       0.687267         8.48945          7.7736         8.98826 
       0.699615          8.2371         7.47316         8.67876 
       0.711937         7.81532         7.18914         8.40318 
       0.724148         7.69261         6.92229         8.12039 
       0.736433         7.28049         6.66767         7.82749 
       0.748747         7.06728         6.42548         7.60346 
       0.761037         6.86575          6.1959         7.35093 
       0.773197         6.56358         5.97991         7.14004 
       0.785376         6.34123         5.77398         6.90883 
       0.797761         6.14024         5.57456         6.68015 
       0.810096         5.97497         5.38534         6.51299 
       0.822371         5.82048         5.20583         6.29412 
       0.834626         5.61905         5.03484         6.11061 
       0.846916         5.41534         4.87111         5.94972 
       0.859215         5.20368         4.71462          5.7891 
       0.871383         5.05866         4.56659          5.6282 
        0.88363         4.92468         4.42407         5.47053 
       0.895928         4.81271         4.28712         5.31433 
       0.908253         4.66358         4.15574         5.17529 
       0.920535          4.5049         4.03034         5.02985 
       0.932774         4.39338         3.91057          4.8827 
        0.94508         4.26118         3.79509         4.77162 
       0.957324         4.15202         3.68486         4.66461 
        0.96953         4.00857         3.57936         4.54396 
       0.981769         3.89742         3.47775          4.4165 
       0.994071         3.82328         3.37962         4.32384 
         1.0064         3.69467         3.28513         4.21658 
        1.01868          3.5817         3.19454         4.11288 
        1.03092         3.52409         3.10778         4.00837 
         1.0432         3.39671         3.02395         3.91935 
        1.05553         3.32362          2.9429         3.83656 
        1.06777         3.21711         2.86542         3.75347 
           1.08         3.16151         2.79083         3.66201 
        1.09227          3.0627         2.71865         3.57719 
         1.1046         2.99214         2.64877         3.50235 
         1.1169         2.90354         2.58148         3.42598 
        1.12915         2.85574         2.51687         3.35729 
        1.14142         2.77267         2.45435         3.27873 
        1.15365         2.71235         2.39414         3.21634 
        1.16585         2.65674         2.33612         3.14965 
        1.17807          2.6061         2.27996         3.08246 
        1.19037         2.50961         2.22528         3.01711 
        1.20276         2.45692         2.17203         2.95124 
        1.21504         2.40792         2.12096         2.90441 
        1.22728         2.35214         2.07174         2.83686 
        1.23954         2.30807         2.02397         2.79528 
        1.25184         2.25335         1.97762         2.73082 
        1.26414          2.2073         1.93271         2.67498 
        1.27632         2.14091          1.8896         2.63403 
         1.2886          2.1128          1.8475         2.57843 
        1.30093         2.04856         1.80654          2.5376 
        1.31316          1.9915         1.76713         2.48692 
        1.32541         1.96764         1.72889         2.44632 
        1.33772         1.93432         1.69157         2.40071 
        1.35005         1.89243         1.65533         2.35943 
        1.36225         1.85037         1.62052         2.31391 
        1.37447         1.81159         1.58665         2.27969 
        1.38676         1.77285          1.5536         2.23388 
        1.39907         1.72949         1.52143         2.20153 
        1.41133         1.69636         1.49032         2.16376 
        1.42358         1.67608         1.46011         2.12084 
        1.43591         1.64068         1.43053         2.09785 
        1.44818         1.60432         1.40193         2.06053 
        1.46037         1.56714         1.37429         2.02238 
        1.47263         1.53614         1.34724          1.9933 
        1.48494         1.51113         1.32082         1.96105 
        1.49724         1.47777         1.29513         1.92903 
        1.50952         1.46065         1.27017         1.89657 
        1.52178         1.42316         1.24591         1.87099 
        1.53409         1.39781         1.22219         1.83794 
        1.54637         1.36563         1.19914         1.80854 
        1.55858         1.34763         1.17681         1.78098 
        1.57081         1.32614         1.15502         1.75421 
        1.58313         1.29657         1.13365           1.732 
        1.59544         1.27591         1.11283         1.70452 
        1.60767         1.25525         1.09266         1.67949 
        1.61994         1.22846         1.07293         1.65634 
        1.63225         1.21166         1.05365         1.63331 
        1.64452         1.18939         1.03489         1.60768 
        1.65676          1.1643         1.01665         1.58586 
          1.669         1.14707        0.998837         1.56124 
        1.68133         1.12403        0.981338         1.54323 
        1.69363         1.11268        0.964309         1.52016 
        1.70585         1.09111        0.947794         1.49995 
        1.71809         1.07553        0.931633          1.4786 
        1.73038          1.0526        0.915798         1.45889 
        1.74268         1.03261        0.900322         1.43844 
        1.75493         1.02395        0.885275         1.42165 
        1.76714         1.00285         0.87061         1.39994 
        1.77942        0.982313        0.856204         1.38222 
        1.79173        0.971042        0.842087         1.36395 
        1.80402        0.955064        0.828318         1.34633 
         1.8163        0.939658        0.814865         1.32772 
         1.8286        0.918718        0.801688         1.31512 
         1.8409        0.914565        0.788813         1.29717 
        1.85315        0.900376        0.776265         1.27884 
        1.86537        0.879255        0.764015         1.26473 
        1.87765        0.868489        0.751984          1.2482 
        1.88995        0.856434        0.740183         1.23347 
        1.90221        0.841401        0.728677         1.21765 
        1.91445        0.828836        0.717435         1.20419 
        1.92674        0.815982        0.706391         1.18895 
        1.93902        0.800785        0.695579         1.17375 
        1.95124        0.790685        0.685052         1.15997 
         1.9635        0.779256        0.674715         1.14585 
        1.97583        0.766053        0.664527         1.13151 
        1.98812        0.754346        0.654587         1.12078 
        2.00039        0.743181        0.644871          1.1065 
        2.01264        0.733181        0.635362         1.09437 
        2.02492        0.724201         0.62603         1.08315 
        2.03717        0.716391        0.616902         1.07049 
        2.04942        0.702561        0.607967         1.05699 
        2.06171        0.693471         0.59918         1.04531 
        2.07397         0.68324        0.590585         1.03488 
        2.08629         0.67533        0.582123         1.02347 
        2.09857        0.664118        0.573847         1.01239 
        2.11081        0.653711        0.565767         1.00056 
        2.12309        0.645472        0.557822        0.990728 
        2.13538        0.638516        0.550019        0.978952 
        2.14763        0.630455        0.542391        0.969149 
        2.15986        0.622015        0.534926        0.960095 
        2.17214        0.609998        0.527571        0.947925 
        2.18443        0.604457        0.520347         0.93899 
        2.19671        0.597109        0.513267        0.929484 
        2.20898        0.588246        0.506328        0.919533 
        2.22126        0.578962        0.499509        0.910281 
        2.23354        0.571239        0.492818        0.901398 
         2.2458        0.566175        0.486262        0.891187 
        2.25807        0.557321        0.479819        0.882639 
        2.27035        0.551686        0.473487        0.873678 
        2.28263        0.542699        0.467273        0.865625 
         2.2949        0.536827        0.461173        0.856634 
        2.30718         0.53082        0.455181        0.848676 
        2.31946        0.523676        0.449292        0.840652 
        2.33169        0.515973        0.443533        0.832207 
        2.34393        0.511691        0.437865        0.824054 
        2.35622        0.504551        0.432279        0.815771 
        2.36847         0.49939        0.426806         0.80827 
        2.38076        0.492115        0.421411        0.800593 
        2.39305        0.487028        0.416111        0.793395 
        2.40534        0.480216        0.410902        0.785893 
        2.41762        0.475169        0.405783        0.777782 
        2.42989        0.468278        0.400758        0.770937 
        2.44216        0.464764         0.39582         0.76446 
         2.4544        0.460755        0.390976        0.757286 
        2.46667        0.454651        0.386202        0.749971 
        2.47897        0.449361        0.381496        0.743628 
        2.49124        0.443172        0.376881        0.736508 
        2.50349        0.438837         0.37235        0.729597 
        2.51578        0.433835         0.36788        0.723129 
        2.52805        0.430378        0.363491        0.717024 
        2.54029        0.424982        0.359184        0.710546 
        2.55257        0.420369        0.354934        0.704928 
        2.56487        0.416566        0.350745        0.698547 
        2.57716        0.412205         0.34663        0.692181 
        2.58942        0.408846         0.34259         0.68671 
        2.60167        0.404575        0.338618        0.680162 
        2.61395        0.399333        0.334703         0.67457 
        2.62624         0.39565        0.330844        0.669465 
        2.63849        0.391857        0.327059        0.663535 
        2.65073        0.388325        0.323337         0.65779 
        2.66302        0.384766        0.319659        0.652166 
         2.6753        0.381201        0.316041        0.646861 
        2.68756        0.378137        0.312487        0.641709 
        2.69983        0.373672        0.308984        0.636289 
        2.71213        0.368967        0.305528        0.631157 
        2.72441        0.367477        0.302131        0.626133 
        2.73665        0.364273        0.298794        0.621434 
         2.7489        0.362226        0.295509        0.616451 
        2.76118        0.358177        0.292264        0.611154 
        2.77349        0.355976        0.289059        0.606652 
        2.78576        0.353184        0.285915        0.601386 
        2.79802        0.350311         0.28282         0.59637 
        2.81031        0.347361        0.279763        0.592419 
        2.82259        0.345451        0.276753        0.587191 
        2.83483        0.342486        0.273798        0.582679 
         2.8471        0.340305        0.270881         0.57837 
         2.8594        0.338607        0.267997         0.57422 
         2.8717        0.335442        0.265156        0.569844 
        2.88396        0.333323        0.262367        0.565308 
        2.89619        0.331735        0.259623          0.5613 
        2.90847        0.329554        0.256908        0.557265 
        2.92072        0.328041        0.254237        0.552704 
        2.93299        0.325535        0.251602        0.548408 
        2.94526        0.323958        0.249002        0.544505 
        2.95753        0.323197         0.24644          0.5406 
        2.96982        0.320998        0.243909        0.536478 
        2.98209        0.320319        0.241419        0.532432 
        2.99436         0.31745        0.238962        0.528692 
        3.00666        0.317322        0.236535        0.525138 
        3.01894        0.316717        0.234146        0.521253 
        3.03119        0.315493        0.231793        0.517285 
        3.04345        0.314044        0.229473        0.513742 
        3.05573        0.314044         0.22718        0.510431 
          3.068        0.311626        0.224921        0.506737 
        3.08026        0.311984        0.222694         0.50271 
        3.09254        0.311035        0.220494        0.499158 
        3.10483        0.310381        0.218323         0.49598 
         3.1171        0.310943        0.216184        0.492688 
        3.12933        0.310347         0.21408        0.489276 
        3.14159        0.309406        0.211999         0.48587 
