# k  (h/Mpc)    Pcb(k)  (Mpc/h)^3    Pcb_linear(k) (Mpc/h)^3    Pcb_NL(k) (Mpc/h)^3   ShotnoiseSubtracted = false
      0.0156606         2813.39         2815.45         2801.56 
      0.0273761          2444.1         2436.23         2429.39 
      0.0384619         1857.26         1836.09         1833.74 
      0.0498308         1455.63         1444.49         1443.27 
      0.0625568         1228.15         1227.79         1225.59 
      0.0751274         1063.16         1043.22         1039.15 
      0.0867833         843.157         839.946         839.418 
      0.0984825         683.588         664.731         667.365 
       0.111151         572.679         555.051         557.611 
       0.123864          514.43         500.222         502.157 
       0.135742         462.258          449.83         451.746 
        0.14762         392.829         384.631         389.186 
       0.160083         326.191         320.614         325.812 
       0.172465         287.503         279.837         286.075 
       0.184281         266.531         257.978         264.601 
       0.196406         243.093         238.242         243.336 
       0.209011          219.14         211.976          217.76 
       0.221538         194.684         185.247         193.343 
       0.233611         175.523         165.749         174.743 
       0.245665         164.842          152.98         160.978 
       0.258103         148.614         142.412         150.375 
       0.270422         139.499          130.86         138.592 
       0.282519         126.579         118.763         127.021 
       0.294636         120.716         108.206         116.915 
       0.306978         106.798         100.109         109.109 
       0.319417         101.906         93.5962           102.3 
        0.33169         94.7351         87.3621         95.7727 
       0.343948         89.9328         80.9461         89.4986 
       0.356249         82.5436         74.9291         84.2941 
       0.368458         78.7682         69.8893         78.5254 
        0.38068         73.8582         65.6746         74.2386 
       0.392856         69.0311         61.8272         70.4653 
       0.405069         65.3201         58.0652          66.453 
       0.417459          61.167         54.4226         62.8711 
       0.429752         58.5787         51.1528         59.6067 
       0.441978         55.7799         48.2829         57.0529 
       0.454294         51.9007         45.6767         53.9944 
        0.46658         51.4516         43.2314           51.51 
       0.478753         47.8467         40.9246         49.2251 
       0.490964         46.2191         38.7577         47.1921 
       0.503334         44.2819         36.7577         44.9566 
       0.515665         42.0711         34.9339          43.432 
       0.527909         40.2582         33.2502         41.1507 
       0.540159         38.5873         31.6574         39.5663 
        0.55248         36.0846          30.146          37.894 
       0.564743          35.589         28.7464         36.6343 
        0.57686         34.3929         27.4602         35.2298 
       0.589077         32.3922          26.246         34.0806 
       0.601441         31.2578         25.0915         32.8335 
        0.61382         30.1704         24.0029           31.53 
       0.626067         28.9525         22.9871         30.5474 
       0.638306         27.9947         22.0306         29.4232 
       0.650632          27.215         21.1243         28.4798 
       0.662899         26.0627          20.275         27.4859 
       0.675076          24.874          19.479         26.6029 
       0.687267         24.5083         18.7248         25.7302 
       0.699615         23.6646         18.0011         25.0061 
       0.711937         22.4732          17.317         24.1864 
       0.724148          22.351         16.6742         23.5631 
       0.736433         21.0533         16.0609         22.8067 
       0.748747         20.6739         15.4775         22.1766 
       0.761037         20.1535         14.9245         21.5901 
       0.773197         19.4528         14.4043         21.0264 
       0.785376         18.7141         13.9082         20.4542 
       0.797761          18.305         13.4278         19.9016 
       0.810096         17.8793         12.9721         19.4188 
       0.822371         17.3843         12.5397         18.8475 
       0.834626         16.8346         12.1278         18.4377 
       0.846916           16.32         11.7334         17.9559 
       0.859215         15.7287         11.3565         17.5314 
       0.871383         15.4404         10.9999         17.1535 
        0.88363          15.035         10.6566         16.7379 
       0.895928         14.7399         10.3267         16.3083 
       0.908253         14.3585         10.0102         15.9733 
       0.920535         13.9294         9.70818         15.5919 
       0.932774         13.7088         9.41968          15.196 
        0.94508         13.2578         9.14151         14.9087 
       0.957324         13.0117         8.87599          14.615 
        0.96953         12.5581         8.62188          14.283 
       0.981769         12.4519         8.37712         13.9872 
       0.994071          12.108         8.14074         13.6903 
         1.0064         11.7313         7.91312          13.426 
        1.01868         11.5069         7.69491         13.1641 
        1.03092          11.325         7.48594         12.8858 
         1.0432         10.9136         7.28402         12.6269 
        1.05553         10.7417         7.08879         12.4296 
        1.06777         10.4276         6.90216         12.1605 
           1.08          10.242         6.72246         11.9442 
        1.09227         10.0357         6.54862         11.7267 
         1.1046         9.85157         6.38029         11.4891 
         1.1169         9.54784         6.21821         11.2828 
        1.12915         9.52295         6.06257         11.1278 
        1.14142         9.15477         5.91197         10.9018 
        1.15365         9.05513         5.76694         10.7105 
        1.16585         8.93836         5.62718         10.5556 
        1.17807         8.67278          5.4919         10.3433 
        1.19037          8.5265          5.3602         10.1847 
        1.20276         8.32273         5.23194         10.0053 
        1.21504         8.20592          5.1089          9.8605 
        1.22728         7.99406         4.99034          9.6834 
        1.23954          7.8741         4.87528         9.55216 
        1.25184         7.70954         4.76364         9.39453 
        1.26414         7.61144         4.65545         9.23064 
        1.27632         7.39983         4.55161         9.09949 
         1.2886         7.31526         4.45021          8.9643 
        1.30093         7.16775         4.35155         8.85813 
        1.31316         7.01171         4.25661         8.70439 
        1.32541         6.90829         4.16449         8.59988 
        1.33772         6.77476          4.0746         8.45247 
        1.35005          6.6888         3.98731         8.34374 
        1.36225         6.55401         3.90346         8.20897 
        1.37447         6.44034         3.82188         8.11079 
        1.38676         6.32131         3.74226         8.00175 
        1.39907         6.20556         3.66478         7.89104 
        1.41133         6.11686         3.58984         7.78235 
        1.42358         5.99365         3.51706         7.67242 
        1.43591          5.9298         3.44581         7.58735 
        1.44818         5.78616         3.37693         7.48311 
        1.46037         5.69279         3.31035         7.38135 
        1.47263         5.61107         3.24519         7.29603 
        1.48494         5.55076         3.18155         7.19344 
        1.49724         5.44268         3.11966         7.10796 
        1.50952         5.41283         3.05955         7.02334 
        1.52178         5.28702         3.00112         6.93523 
        1.53409          5.1861         2.94398           6.841 
        1.54637         5.12759         2.88844         6.75905 
        1.55858         5.06221         2.83466         6.67349 
        1.57081         4.95221         2.78218         6.61294 
        1.58313         4.89829         2.73069         6.52744 
        1.59544         4.80579         2.68055         6.45964 
        1.60767          4.7552         2.63198          6.3764 
        1.61994         4.67808         2.58445         6.31482 
        1.63225         4.59833           2.538         6.23957 
        1.64452         4.52171         2.49282          6.1668 
        1.65676         4.45916         2.44888         6.10145 
          1.669         4.42122         2.40597         6.03498 
        1.68133         4.31006         2.36382         5.96853 
        1.69363           4.288          2.3228         5.91194 
        1.70585         4.22275         2.28302         5.84029 
        1.71809         4.17634         2.24409         5.78535 
        1.73038         4.11787         2.20595         5.72147 
        1.74268         4.05159         2.16867         5.66431 
        1.75493         3.99856         2.13243         5.60096 
        1.76714         3.96779          2.0971         5.54494 
        1.77942         3.90169          2.0624         5.48818 
        1.79173         3.84857          2.0284         5.42866 
        1.80402         3.80188         1.99523          5.3779 
         1.8163         3.76933         1.96282         5.33134 
         1.8286         3.70584         1.93108         5.28152 
         1.8409         3.64664         1.90007         5.23197 
        1.85315         3.60932         1.86985         5.16922 
        1.86537         3.57887         1.84034         5.12898 
        1.87765         3.51576         1.81136         5.07544 
        1.88995         3.46835         1.78293         5.03306 
        1.90221         3.42873         1.75522         4.98251 
        1.91445         3.39194         1.72814         4.94818 
        1.92674         3.36619         1.70154         4.89061 
        1.93902         3.30773         1.67549         4.84361 
        1.95124         3.26746         1.65013         4.80285 
         1.9635         3.24741         1.62523         4.76308 
        1.97583         3.19207         1.60069         4.72193 
        1.98812          3.1507         1.57675         4.67667 
        2.00039         3.11906         1.55335         4.63669 
        2.01264          3.0804         1.53044         4.60356 
        2.02492         3.04971         1.50796         4.56171 
        2.03717         3.01077         1.48598         4.51969 
        2.04942         2.97216         1.46446         4.48343 
        2.06171         2.93842         1.44329         4.44289 
        2.07397         2.91232         1.42258         4.40604 
        2.08629         2.88489          1.4022          4.3747 
        2.09857         2.84967         1.38227         4.33555 
        2.11081         2.81209          1.3628         4.30078 
        2.12309         2.79033         1.34367         4.26543 
        2.13538         2.75504         1.32487         4.23472 
        2.14763         2.73722          1.3065         4.19794 
        2.15986         2.70974         1.28851         4.16806 
        2.17214          2.6657          1.2708         4.12772 
        2.18443         2.65305          1.2534         4.09723 
        2.19671         2.61509         1.23634         4.06628 
        2.20898         2.59204         1.21963         4.03795 
        2.22126         2.57149          1.2032         4.00659 
        2.23354          2.5386         1.18709         3.97472 
         2.2458         2.52575         1.17129         3.94035 
        2.25807         2.49158         1.15578         3.91514 
        2.27035         2.46515         1.14052         3.88829 
        2.28263         2.43988         1.12555         3.85823 
         2.2949         2.42377         1.11086         3.83173 
        2.30718         2.39875         1.09643         3.80651 
        2.31946         2.37311         1.08224         3.77818 
        2.33169         2.35304         1.06837          3.7492 
        2.34393         2.34126         1.05472         3.72247 
        2.35622         2.31546         1.04126         3.69539 
        2.36847         2.28896         1.02808         3.66808 
        2.38076         2.27227         1.01508         3.64156 
        2.39305         2.24794         1.00232         3.61402 
        2.40534         2.22903         0.98977         3.59225 
        2.41762         2.20299        0.977438         3.57037 
        2.42989          2.1908        0.965336         3.54306 
        2.44216         2.17686         0.95344          3.5209 
         2.4544          2.1544        0.941772         3.49817 
        2.46667         2.13722        0.930272         3.47434 
        2.47897          2.1206        0.918937         3.44995 
        2.49124         2.09908        0.907822         3.42777 
        2.50349         2.08699        0.896907         3.40458 
        2.51578         2.06506        0.886139          3.3793 
        2.52805         2.04707        0.875567         3.35888 
        2.54029         2.03717        0.865193         3.33731 
        2.55257         2.01833        0.854956         3.31593 
        2.56487         2.00414        0.844866         3.29375 
        2.57716         1.99671        0.834952         3.27284 
        2.58942         1.97503         0.82522         3.25253 
        2.60167         1.96258        0.815653         3.23048 
        2.61395         1.93908        0.806223         3.21306 
        2.62624         1.93532        0.796929         3.19259 
        2.63849         1.92055        0.787811         3.17072 
        2.65073         1.90438        0.778845         3.15132 
        2.66302         1.89062        0.769986         3.13325 
         2.6753         1.88982        0.761272           3.114 
        2.68756         1.86568        0.752709         3.09541 
        2.69983         1.85443        0.744273         3.07518 
        2.71213          1.8486        0.735948         3.05699 
        2.72441         1.83571        0.727766          3.0389 
        2.73665         1.82068        0.719727         3.02243 
         2.7489         1.80969        0.711815         3.00646 
        2.76118         1.80034        0.703997          2.9884 
        2.77349         1.79717        0.696278         2.97038 
        2.78576         1.78661        0.688705         2.95247 
        2.79802         1.77818        0.681249         2.93529 
        2.81031         1.76219        0.673886         2.91748 
        2.82259         1.75519        0.666634         2.90037 
        2.83483         1.75072        0.659517         2.88514 
         2.8471         1.74125         0.65249         2.86862 
         2.8594         1.73212        0.645543         2.85309 
         2.8717         1.72462        0.638701         2.83714 
        2.88396         1.72139        0.631983         2.82033 
        2.89619         1.70709        0.625374         2.80428 
        2.90847         1.70389        0.618834         2.78768 
        2.92072         1.69855        0.612399         2.77363 
        2.93299         1.69728        0.606052         2.75853 
        2.94526         1.69004         0.59979         2.74397 
        2.95753         1.68078        0.593617         2.72887 
        2.96982         1.67911        0.587522         2.71361 
        2.98209         1.67874        0.581524         2.70009 
        2.99436         1.67121        0.575605         2.68564 
        3.00666         1.67454        0.569758         2.67158 
        3.01894         1.66709        0.564004         2.65576 
        3.03119         1.66758        0.558338         2.64196 
        3.04345         1.66436        0.552749         2.62948 
        3.05573         1.66258        0.547225         2.61614 
          3.068         1.66324        0.541782         2.60238 
        3.08026         1.65961         0.53642         2.58758 
        3.09254         1.66402         0.53112         2.57379 
        3.10483         1.66415         0.52589         2.56152 
         3.1171         1.66404        0.520738         2.54892 
        3.12933         1.66513        0.515669         2.53508 
        3.14159         1.66526        0.510657         2.52141 
