# k  (h/Mpc)    P(k)  (Mpc/h)^3    P_linear(k)  (Mpc/h)^3     P_NL(k)  ShotnoiseSubtracted = false
      0.0156606         14775.9         14739.2         14639.4 
      0.0273761         12693.5         12724.4         12623.6 
      0.0384619         9612.53         9578.81         9496.08 
      0.0498308         7448.98         7530.69         7449.78 
      0.0625568         6287.22         6397.97         6323.89 
      0.0751274         5564.55         5434.58         5328.42 
      0.0867833         4331.49         4374.83          4344.5 
      0.0984825         3618.87         3461.77         3496.84 
       0.111151         3075.11         2890.28            2930 
       0.123864         2758.58         2604.57         2637.38 
       0.135742          2502.2         2342.05         2375.49 
        0.14762         2162.83          2002.5         2090.09 
       0.160083         1815.06         1669.15         1773.88 
       0.172465         1618.44         1456.82          1588.9 
       0.184281         1480.94         1342.99         1478.08 
       0.196406          1374.3         1240.23          1356.6 
       0.209011         1272.89         1103.47         1225.98 
       0.221538          1148.3         964.315         1132.27 
       0.233611         1081.49         862.804         1051.74 
       0.245665         990.774         796.329         968.466 
       0.258103         955.188         741.309         912.051 
       0.270422         860.309         681.172         852.355 
       0.282519         800.334         618.198         798.658 
       0.294636         792.643         563.244         752.049 
       0.306978         712.394         521.093         716.797 
       0.319417         689.856          487.19         674.678 
        0.33169          650.05         454.738         636.086 
       0.343948         619.788          421.34         613.142 
       0.356249         582.662         390.019         587.704 
       0.368458         565.026         363.784         556.812 
        0.38068          545.69         341.847          533.04 
       0.392856         514.245          321.82         512.029 
       0.405069         492.477         302.236         495.911 
       0.417459         472.103         283.276         472.594 
       0.429752         459.755         266.256          455.45 
       0.441978         444.653         251.317          442.27 
       0.454294         420.291         237.751         422.883 
        0.46658         413.033         225.023         412.377 
       0.478753         399.741         213.015         398.429 
       0.490964         385.322         201.735         385.157 
       0.503334         364.172         191.326         374.835 
       0.515665         362.656         181.833          366.62 
       0.527909         349.886         173.069         355.886 
       0.540159         340.957         164.777         345.815 
        0.55248         334.281          156.91         336.178 
       0.564743         328.651         149.626         329.661 
        0.57686         315.992         142.931         319.919 
       0.589077         304.792         136.611         312.909 
       0.601441         301.411         130.601          305.69 
        0.61382         296.502         124.935         299.456 
       0.626067         291.046         119.648         292.785 
       0.638306         278.033         114.669         287.179 
       0.650632         272.853         109.952         278.691 
       0.662899         271.032         105.531         274.928 
       0.675076         260.643         101.388         269.414 
       0.687267         254.128         97.4626         263.285 
       0.699615         250.071         93.6957          258.56 
       0.711937         245.701         90.1348         253.852 
       0.724148         238.875         86.7891         250.025 
       0.736433         233.718         83.5967         244.767 
       0.748747         229.543         80.5602         240.033 
       0.761037         225.647         77.6818         235.938 
       0.773197         222.238         74.9738         232.924 
       0.785376         219.353         72.3918          228.42 
       0.797761         214.101         69.8915         225.236 
       0.810096         211.019         67.5192         221.708 
       0.822371         203.063         65.2686         218.023 
       0.834626         202.321         63.1247         214.601 
       0.846916         198.491          61.072         211.485 
       0.859215         197.939         59.1099         208.352 
       0.871383          192.71          57.254         205.015 
        0.88363         190.802         55.4671         202.854 
       0.895928         186.435         53.7501         199.767 
       0.908253         181.291         52.1029         196.351 
       0.920535         180.709         50.5306         193.729 
       0.932774          174.67          49.029         190.942 
        0.94508         173.177         47.5811           188.9 
       0.957324         172.684         46.1991         186.033 
        0.96953         170.428         44.8764         183.237 
       0.981769         165.122         43.6025         181.591 
       0.994071         164.343         42.3722         179.166 
         1.0064         160.435         41.1874         176.434 
        1.01868         158.354         40.0516         174.492 
        1.03092         155.729          38.964         172.554 
         1.0432         152.698         37.9129         170.376 
        1.05553         150.134         36.8968         168.411 
        1.06777         149.945         35.9254         166.685 
           1.08         146.317         34.9901         164.469 
        1.09227         144.705         34.0852         162.824 
         1.1046         142.322         33.2091          160.92 
         1.1169         140.373         32.3654         158.739 
        1.12915         138.135         31.5554         157.168 
        1.14142          135.96         30.7714         155.127 
        1.15365         134.142         30.0166         153.494 
        1.16585         132.233         29.2892         151.513 
        1.17807          130.31          28.585          150.43 
        1.19037         129.627         27.8995         148.837 
        1.20276         127.009         27.2319         147.023 
        1.21504         125.391         26.5915         145.428 
        1.22728         122.888         25.9744           143.7 
        1.23954         122.188         25.3755         142.466 
        1.25184         119.664         24.7944         140.886 
        1.26414         118.041         24.2313         139.424 
        1.27632         117.439         23.6908         138.697 
         1.2886         115.228         23.1631         136.666 
        1.30093          112.42         22.6496         135.211 
        1.31316          112.07         22.1554         133.834 
        1.32541         110.386         21.6759         132.801 
        1.33772         109.213          21.208         131.376 
        1.35005         107.803         20.7537         129.933 
        1.36225         106.467         20.3173          128.77 
        1.37447         104.385         19.8926         127.361 
        1.38676         103.775         19.4782         126.018 
        1.39907         101.439         19.0749         124.946 
        1.41133         100.088         18.6849         123.932 
        1.42358         98.7567         18.3061         122.678 
        1.43591            98.1         17.9352         121.328 
        1.44818         97.0229         17.5767          120.33 
        1.46037         95.1814         17.2301         119.144 
        1.47263         93.8836          16.891         118.239 
        1.48494         93.0418         16.5597         116.976 
        1.49724         91.5353         16.2376         115.757 
        1.50952         90.0685         15.9248         114.753 
        1.52178         89.2947         15.6206         113.725 
        1.53409         88.2527         15.3232         112.732 
        1.54637         86.4744         15.0342         111.703 
        1.55858         85.4758         14.7542         110.638 
        1.57081           84.25          14.481         109.687 
        1.58313         83.2372         14.2131         108.694 
        1.59544         82.3361         13.9521         107.715 
        1.60767         81.0926         13.6993         106.708 
        1.61994         79.9943         13.4519         106.025 
        1.63225         78.8083         13.2101         104.741 
        1.64452         77.7273         12.9749         103.924 
        1.65676         76.6455         12.7463         103.034 
          1.669         76.0976         12.5229         102.203 
        1.68133         75.0779         12.3035         101.239 
        1.69363         74.1247           12.09         100.454 
        1.70585         73.1747          11.883         99.5101 
        1.71809         71.9163         11.6803         98.7578 
        1.73038         71.1665         11.4818         97.8009 
        1.74268          70.033         11.2878         97.0089 
        1.75493         69.4661         11.0991         96.1328 
        1.76714         68.2866         10.9153         95.3381 
        1.77942         67.8395         10.7346         94.5016 
        1.79173          66.659         10.5577         93.7007 
        1.80402         65.9411          10.385         92.9944 
         1.8163         65.0893         10.2164         92.0572 
         1.8286         64.1419         10.0512          91.423 
         1.8409         63.2604         9.88974         90.6095 
        1.85315         62.3411         9.73241         89.9621 
        1.86537         61.7159         9.57883         89.1549 
        1.87765         60.9945         9.42799         88.3009 
        1.88995         60.1318         9.28004         87.6744 
        1.90221         59.4699         9.13578         86.9301 
        1.91445          58.379         8.99483          86.248 
        1.92674         57.8647         8.85637          85.549 
        1.93902         57.1378         8.72081          84.786 
        1.95124         56.7007         8.58882         84.2193 
         1.9635          55.625         8.45923         83.3879 
        1.97583         55.0917         8.33149          82.845 
        1.98812         54.4066         8.20688         82.1026 
        2.00039         53.5974         8.08506           81.45 
        2.01264         53.0009         7.96584         80.7875 
        2.02492         52.2708         7.84884         80.1734 
        2.03717          51.564          7.7344         79.4603 
        2.04942         50.9401         7.62238         78.9181 
        2.06171         50.2348          7.5122          78.225 
        2.07397         49.6195         7.40445         77.6727 
        2.08629          49.108         7.29836         76.9904 
        2.09857         48.5609          7.1946         76.4303 
        2.11081         47.4986         7.09329         75.7581 
        2.12309         47.2335         6.99369         75.2196 
        2.13538         46.6082         6.89585         74.6187 
        2.14763         46.1114         6.80022         74.0466 
        2.15986         45.4242         6.70662         73.4552 
        2.17214         44.8165         6.61441         72.9356 
        2.18443         44.5123         6.52384         72.3528 
        2.19671         43.6739         6.43508          71.749 
        2.20898         43.3853         6.34807         71.2015 
        2.22126         42.7796         6.26258         70.6303 
        2.23354         42.1991          6.1787         70.1426 
         2.2458         41.7861          6.0965         69.6183 
        2.25807          41.379         6.01572         69.0342 
        2.27035         40.7959         5.93634         68.5163 
        2.28263         40.2214         5.85843         67.9856 
         2.2949         39.7275         5.78195         67.4904 
        2.30718         39.2983         5.70682         67.0004 
        2.31946         38.7277         5.63299         66.5162 
        2.33169          38.303         5.56078         65.9934 
        2.34393         37.7034         5.48973         65.4914 
        2.35622         37.4382         5.41969         65.0003 
        2.36847         36.9593         5.35107         64.5275 
        2.38076         36.6218         5.28343         64.0458 
        2.39305         36.1376         5.21698         63.5802 
        2.40534         35.7679         5.15167         63.0496 
        2.41762         35.3603         5.08749         62.5776 
        2.42989          34.794          5.0245         62.1703 
        2.44216         34.5748         4.96258         61.6929 
         2.4544         34.2101         4.90185         61.2485 
        2.46667         33.6848         4.84199         60.7595 
        2.47897         33.3612         4.78299         60.3378 
        2.49124         32.9197         4.72514          59.899 
        2.50349         32.5064         4.66833         59.4717 
        2.51578         32.1693         4.61228         59.0621 
        2.52805         32.0496         4.55726         58.6095 
        2.54029         31.6011         4.50326          58.187 
        2.55257          31.173         4.44998         57.7822 
        2.56487         30.8546         4.39746         57.3757 
        2.57716          30.534         4.34586         56.9935 
        2.58942         30.1584         4.29521         56.5625 
        2.60167          29.759         4.24541         56.1298 
        2.61395         29.5398         4.19633         55.7518 
        2.62624         29.3065         4.14795         55.3549 
        2.63849         28.9995         4.10049         54.9673 
        2.65073         28.6659         4.05383         54.5519 
        2.66302         28.3852         4.00772         54.1897 
         2.6753         28.0487         3.96236         53.8122 
        2.68756         27.6989         3.91779         53.4177 
        2.69983         27.4838         3.87388         53.0614 
        2.71213         27.1531         3.83055         52.7067 
        2.72441         27.0279         3.78796         52.3147 
        2.73665         26.7438         3.74612         51.9505 
         2.7489         26.5473         3.70494         51.5989 
        2.76118         26.2311         3.66425         51.2323 
        2.77349         26.0363         3.62407         50.8969 
        2.78576         25.8514         3.58466         50.5318 
        2.79802         25.5321         3.54585         50.1905 
        2.81031         25.3152         3.50752         49.8591 
        2.82259          25.097         3.46978         49.4995 
        2.83483         24.8601         3.43273         49.1603 
         2.8471         24.6283         3.39616         48.8358 
         2.8594         24.4495            3.36         48.5219 
         2.8717         24.1796         3.32439         48.1836 
        2.88396         24.0709         3.28942         47.8386 
        2.89619         23.8782         3.25502         47.5207 
        2.90847         23.6787         3.22098         47.2052 
        2.92072         23.5853         3.18749         46.8908 
        2.93299         23.4552         3.15445         46.5655 
        2.94526         23.2239         3.12186         46.2699 
        2.95753         23.0697         3.08973         45.9778 
        2.96982         23.0415         3.05801         45.6671 
        2.98209         22.8277         3.02679         45.3654 
        2.99436         22.6409         2.99598         45.0615 
        3.00666         22.6211         2.96555         44.7648 
        3.01894         22.4807          2.9356         44.4531 
        3.03119         22.3217          2.9061         44.1623 
        3.04345           22.23         2.87701         43.8877 
        3.05573         22.1646         2.84826         43.6046 
          3.068         22.0976         2.81994         43.3162 
        3.08026         22.0043         2.79202         43.0307 
        3.09254         21.8983         2.76444         42.7581 
        3.10483         21.9157         2.73722         42.4869 
         3.1171         21.8158          2.7104         42.2111 
        3.12933         21.8319         2.68402         41.9389 
        3.14159         21.7339         2.65793         41.6656 
