# k  (h/Mpc)    Pcb(k)  (Mpc/h)^3    Pcb_linear(k) (Mpc/h)^3    Pcb_NL(k) (Mpc/h)^3   ShotnoiseSubtracted = false
      0.0156606         3397.15         3400.11         3382.98 
      0.0273761         2949.23         2941.96          2932.9 
      0.0384619         2241.15         2217.18         2213.45 
      0.0498308         1755.13         1744.29         1741.88 
      0.0625568         1480.84          1482.6          1479.2 
      0.0751274         1284.45         1259.72         1253.78 
      0.0867833         1017.01         1014.26         1013.38 
      0.0984825         826.409          802.68         806.325 
       0.111151          692.87         670.239         673.821 
       0.123864         622.446         604.031         606.849 
       0.135742         559.615          543.18         546.016 
        0.14762          475.81         464.451         471.121 
       0.160083         395.021         387.149         394.726 
       0.172465         348.665         337.909         347.053 
       0.184281         323.227         311.514         321.232 
       0.196406         294.757         287.683         295.221 
       0.209011         266.209         255.965         264.466 
       0.221538         236.942          223.69         235.575 
       0.233611         214.071         200.145         213.368 
       0.245665          201.13         184.727           196.5 
       0.258103         181.552         171.965         183.693 
       0.270422         170.324         158.016         169.447 
       0.282519         154.612         143.409         155.564 
       0.294636         148.234         130.661         143.485 
       0.306978         130.951         120.884         134.155 
       0.319417         125.077         113.019         125.837 
        0.33169         116.335         105.492         117.879 
       0.343948         110.642         97.7442         110.418 
       0.356249         101.736         90.4785          104.22 
       0.368458         97.2777         84.3928         97.1795 
        0.38068         91.3935         79.3034           91.97 
       0.392856         85.3269         74.6577         87.4226 
       0.405069         80.8266          70.115         82.6023 
       0.417459         75.9774         65.7165         78.1796 
       0.429752         72.8354          61.768         74.2752 
       0.441978         69.4358         58.3026         71.2272 
       0.454294           64.59         55.1556         67.4291 
        0.46658          64.244         52.2029         64.4643 
       0.478753         59.7437         49.4173         61.7136 
       0.490964         57.7855         46.8008         59.2056 
       0.503334         55.3876         44.3856         56.5338 
       0.515665         52.7969         42.1834         54.7223 
       0.527909         50.5661         40.1504         51.8616 
       0.540159         48.5839         38.2269         49.9813 
        0.55248         45.5336         36.4019         47.9425 
       0.564743          44.863         34.7119         46.3874 
        0.57686          43.414         33.1588         44.6826 
       0.589077         40.9681         31.6926         43.2825 
       0.601441         39.6325         30.2985         41.7704 
        0.61382         38.3124          28.984         40.1686 
       0.626067         36.7584         27.7574         38.9918 
       0.638306         35.5958         26.6023         37.6106 
       0.650632         34.5601          25.508         36.3918 
       0.662899         33.2791         24.4824         35.1905 
       0.675076         31.7959         23.5213          34.116 
       0.687267         31.3904         22.6106         33.0586 
       0.699615         30.2798         21.7368          32.204 
       0.711937         28.8307         20.9107         31.1241 
       0.724148         28.6966         20.1345         30.4144 
       0.736433         27.0368         19.3939         29.4736 
       0.748747         26.6238         18.6894         28.6728 
       0.761037         25.9226         18.0217         27.9636 
       0.773197         25.1343         17.3934         27.2777 
       0.785376         24.1649         16.7945          26.563 
       0.797761         23.7172         16.2144         25.9104 
       0.810096         23.1816          15.664         25.2731 
       0.822371         22.5528         15.1419         24.5726 
       0.834626         21.8606         14.6445         24.0899 
       0.846916         21.2348         14.1683         23.4773 
       0.859215         20.4926         13.7131         22.9418 
       0.871383         20.1573         13.2826         22.4802 
        0.88363         19.6344          12.868         21.9826 
       0.895928         19.2358         12.4697         21.4295 
       0.908253         18.7863         12.0876         21.0355 
       0.920535          18.275         11.7228         20.5563 
       0.932774         17.9872         11.3745         20.0796 
        0.94508         17.4501         11.0386         19.6913 
       0.957324         17.1295         10.7179         19.3191 
        0.96953         16.5754         10.4111         18.9033 
       0.981769         16.4325         10.1155         18.5624 
       0.994071          15.967         9.83012         18.1745 
         1.0064          15.527         9.55526         17.8478 
        1.01868         15.2279         9.29177         17.5272 
        1.03092          15.042         9.03943         17.1772 
         1.0432         14.5163          8.7956         16.8394 
        1.05553         14.2886         8.55986         16.6153 
        1.06777          13.874          8.3345         16.2479 
           1.08         13.6258         8.11752         15.9853 
        1.09227         13.3698         7.90759         15.7298 
         1.1046         13.1562         7.70433         15.4215 
         1.1169         12.8011         7.50861         15.1582 
        1.12915         12.7472         7.32068         14.9547 
        1.14142         12.2631         7.13882         14.6783 
        1.15365         12.1684          6.9637         14.4384 
        1.16585         12.0177         6.79494         14.2416 
        1.17807         11.6574         6.63159         13.9655 
        1.19037         11.4995         6.47255         13.7866 
        1.20276         11.2519         6.31767         13.5545 
        1.21504         11.0964         6.16911          13.371 
        1.22728         10.8139         6.02594         13.1491 
        1.23954          10.664           5.887         12.9693 
        1.25184         10.4573         5.75219         12.7803 
        1.26414         10.3167         5.62156         12.5707 
        1.27632         10.0672         5.49616         12.3953 
         1.2886         9.96165         5.37372         12.2309 
        1.30093         9.75331         5.25459          12.101 
        1.31316         9.58577         5.13995         11.8961 
        1.32541         9.44122         5.02871          11.771 
        1.33772         9.25942         4.92016         11.5836 
        1.35005         9.15379         4.81475         11.4451 
        1.36225         8.97807         4.71351         11.2737 
        1.37447         8.82897           4.615         11.1406 
        1.38676         8.68615         4.51886         11.0074 
        1.39907         8.53241          4.4253         10.8593 
        1.41133         8.41375          4.3348         10.7262 
        1.42358         8.25024         4.24693         10.5804 
        1.43591         8.16461         4.16089         10.4757 
        1.44818         7.98947         4.07772         10.3436 
        1.46037          7.8923         3.99731         10.2054 
        1.47263         7.76433         3.91864         10.1041 
        1.48494         7.69235         3.84178         9.95926 
        1.49724         7.54145         3.76706         9.86238 
        1.50952         7.50519         3.69447         9.75187 
        1.52178         7.34362         3.62391         9.63121 
        1.53409         7.21092         3.55491         9.51754 
        1.54637         7.14723         3.48786         9.39926 
        1.55858         7.06666         3.42291         9.30361 
        1.57081         6.90108         3.35954         9.21716 
        1.58313         6.85332         3.29737         9.11141 
        1.59544         6.71199         3.23681         9.02165 
        1.60767         6.64423         3.17817         8.91356 
        1.61994         6.54878         3.12078         8.83319 
        1.63225         6.45665         3.06469         8.73877 
        1.64452         6.35237         3.01013         8.64798 
        1.65676           6.269         2.95707         8.55873 
          1.669         6.22285         2.90526         8.46823 
        1.68133          6.0821         2.85436         8.38021 
        1.69363         6.02848         2.80483         8.30745 
        1.70585         5.94593         2.75679         8.21987 
        1.71809         5.87828         2.70979          8.1441 
        1.73038         5.81913         2.66373         8.06736 
        1.74268         5.73411         2.61871         7.99044 
        1.75493         5.64854         2.57495         7.89992 
        1.76714         5.62357         2.53229         7.83774 
        1.77942         5.53191         2.49039         7.75456 
        1.79173         5.45401         2.44933         7.68232 
        1.80402         5.40653         2.40928         7.61415 
         1.8163         5.34813         2.37015          7.5534 
         1.8286         5.26133         2.33182         7.48467 
         1.8409         5.19297         2.29438          7.4229 
        1.85315         5.13507         2.25788         7.34395 
        1.86537         5.09867         2.22225         7.28485 
        1.87765         5.02195         2.18725         7.21681 
        1.88995         4.94232         2.15293         7.16064 
        1.90221         4.90494         2.11946         7.09071 
        1.91445         4.84218         2.08676         7.04642 
        1.92674          4.8061         2.05464         6.97154 
        1.93902         4.74474         2.02319           6.917 
        1.95124         4.68659         1.99257         6.85078 
         1.9635         4.64844          1.9625         6.80597 
        1.97583         4.59368         1.93287         6.74657 
        1.98812          4.5331         1.90396         6.68148 
        2.00039         4.48511          1.8757         6.63975 
        2.01264         4.44286         1.84804         6.58774 
        2.02492          4.3998          1.8209         6.53101 
        2.03717          4.3459         1.79435         6.47851 
        2.04942          4.2837         1.76836         6.43364 
        2.06171         4.25041          1.7428         6.38047 
        2.07397          4.2133          1.7178         6.32972 
        2.08629          4.1692         1.69319         6.28457 
        2.09857         4.11939         1.66912         6.23437 
        2.11081         4.07881         1.64561         6.19247 
        2.12309          4.0362         1.62251         6.13643 
        2.13538         3.99635         1.59981         6.09978 
        2.14763         3.96135         1.57762         6.05169 
        2.15986         3.92975         1.55591         6.00805 
        2.17214         3.88131         1.53451         5.95666 
        2.18443         3.85258          1.5135         5.91648 
        2.19671         3.80186         1.49291         5.87451 
        2.20898         3.76991         1.47273         5.83515 
        2.22126         3.74043         1.45289         5.79041 
        2.23354          3.6981         1.43343         5.74593 
         2.2458         3.67364         1.41436         5.70309 
        2.25807          3.6361         1.39562         5.66875 
        2.27035         3.60027         1.37721          5.6321 
        2.28263         3.56921         1.35913         5.59064 
         2.2949         3.53923         1.34139         5.55653 
        2.30718         3.50699         1.32396         5.52521 
        2.31946         3.48172         1.30683         5.48612 
        2.33169         3.44468         1.29008         5.44393 
        2.34393         3.42871         1.27359         5.40814 
        2.35622         3.40058         1.25735         5.36997 
        2.36847         3.36295         1.24143         5.33518 
        2.38076          3.3444         1.22573         5.29864 
        2.39305         3.30381         1.21032         5.26117 
        2.40534         3.28136         1.19517         5.22873 
        2.41762         3.24145         1.18028         5.20105 
        2.42989          3.2308         1.16566          5.1649 
        2.44216         3.21256          1.1513         5.13418 
         2.4544         3.17418         1.13721         5.09944 
        2.46667         3.15763         1.12332          5.0682 
        2.47897         3.12677         1.10964         5.03549 
        2.49124         3.09896         1.09621         5.00368 
        2.50349         3.08658         1.08303         4.97647 
        2.51578         3.05041         1.07003         4.94274 
        2.52805         3.03521         1.05726         4.91244 
        2.54029         3.01547         1.04474         4.88322 
        2.55257         2.99794         1.03238         4.85567 
        2.56487         2.97224         1.02019         4.82155 
        2.57716         2.96457         1.00822         4.79341 
        2.58942         2.92898        0.996471         4.76617 
        2.60167         2.91369        0.984917         4.73582 
        2.61395         2.88517        0.973531         4.71013 
        2.62624         2.88459        0.962308         4.68438 
        2.63849         2.85526        0.951298           4.653 
        2.65073          2.8363        0.940471         4.62531 
        2.66302         2.82172        0.929775         4.59966 
         2.6753         2.81106        0.919251         4.57323 
        2.68756         2.78189        0.908912         4.54874 
        2.69983          2.7696        0.898725         4.51954 
        2.71213         2.76336        0.888673         4.49377 
        2.72441         2.74582        0.878792         4.46929 
        2.73665         2.72806        0.869086         4.44351 
         2.7489         2.70754        0.859531         4.42173 
        2.76118         2.69464        0.850091         4.40135 
        2.77349         2.69156         0.84077         4.37239 
        2.78576         2.67568        0.831626         4.34767 
        2.79802         2.66849        0.822622          4.3258 
        2.81031         2.64917        0.813731         4.30095 
        2.82259         2.63714        0.804974         4.27711 
        2.83483         2.63368         0.79638         4.25493 
         2.8471         2.61769        0.787895         4.23194 
         2.8594         2.61044        0.779507          4.2111 
         2.8717         2.59856        0.771244         4.18636 
        2.88396         2.59235        0.763132         4.16269 
        2.89619         2.57012        0.755152         4.14256 
        2.90847         2.56935        0.747255         4.11738 
        2.92072         2.56715        0.739484         4.09767 
        2.93299         2.55984         0.73182         4.07646 
        2.94526         2.55946        0.724258          4.0557 
        2.95753         2.54084        0.716805         4.03477 
        2.96982         2.53312        0.709445         4.01362 
        2.98209         2.53619        0.702202          3.9939 
        2.99436         2.52632        0.695055           3.973 
        3.00666         2.53309        0.687995         3.95349 
        3.01894         2.52328        0.681046         3.92997 
        3.03119          2.5266        0.674204         3.91095 
        3.04345         2.51928        0.667455         3.89367 
        3.05573         2.51971        0.660785         3.87388 
          3.068         2.51978        0.654213         3.85506 
        3.08026         2.52536        0.647738         3.83516 
        3.09254         2.52168        0.641338         3.81496 
        3.10483         2.52479        0.635023         3.79711 
         3.1171         2.52535        0.628802         3.77974 
        3.12933         2.53186        0.622681         3.75981 
        3.14159         2.52794        0.616629         3.73922 
