# k  (h/Mpc)    Pcb(k)  (Mpc/h)^3    Pcb_linear(k) (Mpc/h)^3    Pcb_NL(k) (Mpc/h)^3   ShotnoiseSubtracted = false
      0.0156606         1646.01         1646.86         1639.03 
      0.0273761         1432.27          1425.3         1421.95 
      0.0384619         1088.23         1074.28         1073.64 
      0.0498308         854.481          845.19          845.21 
      0.0625568         721.022         718.415         717.699 
      0.0751274          621.15         610.425         608.848 
      0.0867833         494.575         491.486         491.329 
      0.0984825         398.874         388.963         390.068 
       0.111151         333.637         324.786         325.828 
       0.123864         299.626         292.704          293.38 
       0.135742         268.965         263.218         263.841 
        0.14762         228.485         225.067          226.68 
       0.160083         189.894         187.608           189.5 
       0.172465          166.81         163.747         165.991 
       0.184281         154.553         150.956         153.314 
       0.196406         141.121         139.408         141.179 
       0.209011          126.71         124.038         126.084 
       0.221538         112.067         108.398         111.287 
       0.233611         100.639         96.9885         100.191 
       0.245665          94.269         89.5169         92.3524 
       0.258103         85.0666         83.3327         86.1488 
       0.270422         79.7394         76.5732         79.2869 
       0.282519         72.3203         69.4946         72.4243 
       0.294636         68.1035         63.3174          66.406 
       0.306978         60.6106         58.5793         61.7615 
       0.319417         57.6498         54.7683         57.8522 
        0.33169         53.5756         51.1204         54.0967 
       0.343948         50.5755          47.366         50.3568 
       0.356249         46.2935         43.8451         47.1921 
       0.368458         43.9365         40.8961          43.922 
        0.38068         41.0389         38.4298         41.4368 
       0.392856         38.4825         36.1785         39.2142 
       0.405069         36.3547         33.9772          36.883 
       0.417459         33.7476         31.8457         34.8331 
       0.429752         32.2165         29.9323         32.8994 
       0.441978         30.6188          28.253         31.3584 
       0.454294         28.5434          26.728         29.6675 
        0.46658         27.9948         25.2971         28.1978 
       0.478753         26.0957         23.9472         26.8473 
       0.490964         25.1165         22.6793         25.6796 
       0.503334         23.9949          21.509         24.3758 
       0.515665         22.6509         20.4417          23.437 
       0.527909         21.6831         19.4566         22.2246 
       0.540159         20.6506         18.5245         21.2737 
        0.55248         19.3241         17.6401         20.3125 
       0.564743         19.0134         16.8211         19.5956 
        0.57686         18.2779         16.0685         18.7773 
       0.589077         17.1737          15.358         18.1144 
       0.601441         16.4978         14.6824         17.3955 
        0.61382         15.8689         14.0454         16.6689 
       0.626067         15.2115          13.451         16.0738 
       0.638306         14.6633         12.8913         15.4535 
       0.650632         14.2659          12.361         14.9386 
       0.662899         13.5751          11.864         14.3743 
       0.675076         12.9235         11.3983         13.8775 
       0.687267         12.6165          10.957         13.3682 
       0.699615         12.2206         10.5335         12.9326 
       0.711937         11.5821         10.1332         12.5241 
       0.724148         11.4577         9.75703         12.1311 
       0.736433         10.8143         9.39813         11.7081 
       0.748747         10.5343         9.05676         11.3789 
       0.761037         10.2687         8.73317         11.0257 
       0.773197         9.82087         8.42874         10.7193 
       0.785376         9.48454         8.13847           10.39 
       0.797761         9.21001         7.85738         10.0635 
       0.810096         8.95981         7.59068         9.82064 
       0.822371         8.72847         7.33766         9.50169 
       0.834626          8.4318         7.09664         9.24729 
       0.846916         8.13707         6.86588         9.00243 
       0.859215         7.83008         6.64529         8.77061 
       0.871383         7.63142         6.43665         8.54762 
        0.88363         7.43692         6.23576         8.31499 
       0.895928         7.27472         6.04273         8.08726 
       0.908253          7.0552         5.85755         7.88811 
       0.920535         6.81537          5.6808          7.6781 
       0.932774         6.67575         5.51198         7.45918 
        0.94508         6.45806         5.34921          7.3056 
       0.957324         6.30443         5.19384         7.14949 
        0.96953         6.08417         5.04514         6.97226 
       0.981769         5.95928         4.90192          6.7895 
       0.994071         5.83568          4.7636         6.64774 
         1.0064         5.63194         4.63041         6.49608 
        1.01868         5.48915         4.50272         6.34519 
        1.03092          5.3871         4.38045         6.19363 
         1.0432         5.18674         4.26229         6.06188 
        1.05553         5.09036         4.14805         5.94282 
        1.06777         4.93396         4.03884         5.81876 
           1.08         4.85084         3.93369         5.68753 
        1.09227         4.71673         3.83196         5.56343 
         1.1046         4.60718         3.73347          5.4473 
         1.1169         4.45903         3.63862         5.33849 
        1.12915         4.42346         3.54755         5.24462 
        1.14142         4.26984         3.45942         5.12312 
        1.15365         4.18395         3.37456         5.02952 
        1.16585         4.11596         3.29278         4.93846 
        1.17807         4.02171         3.21362         4.83142 
        1.19037         3.89371         3.13655         4.73884 
        1.20276         3.81355          3.0615         4.64202 
        1.21504         3.73226          2.9895         4.57022 
        1.22728         3.64592         2.92013         4.47244 
        1.23954         3.58276          2.8528         4.41027 
        1.25184         3.49805         2.78747         4.31686 
        1.26414         3.44336         2.72417         4.23242 
        1.27632         3.33381          2.6634         4.17281 
         1.2886         3.29462         2.60407         4.09305 
        1.30093         3.20674         2.54634         4.03151 
        1.31316         3.11907         2.49078         3.95555 
        1.32541         3.07923         2.43688         3.89673 
        1.33772         3.02475         2.38428         3.82559 
        1.35005         2.96394          2.3332         3.76503 
        1.36225         2.90349         2.28413         3.69697 
        1.37447         2.84209          2.2364         3.64691 
        1.38676         2.78074         2.18981         3.58005 
        1.39907         2.71841         2.14447         3.53147 
        1.41133         2.67241         2.10061         3.47452 
        1.42358         2.63389         2.05803         3.41264 
        1.43591         2.58782         2.01634         3.37529 
        1.44818         2.52201         1.97603         3.31999 
        1.46037         2.46831         1.93707         3.26492 
        1.47263         2.42423         1.89894         3.21988 
        1.48494         2.38888          1.8617         3.17178 
        1.49724         2.33761         1.82549         3.12264 
        1.50952         2.32298         1.79032         3.07755 
        1.52178         2.26018         1.75612         3.03845 
        1.53409         2.21483         1.72269         2.98638 
        1.54637         2.17597         1.69019         2.94491 
        1.55858         2.14146         1.65872         2.89888 
        1.57081          2.1045         1.62801          2.8652 
        1.58313         2.06129         1.59788         2.82638 
        1.59544         2.03055         1.56854         2.78897 
        1.60767         2.00137         1.54012         2.74956 
        1.61994          1.9567         1.51231         2.71469 
        1.63225         1.93112         1.48512         2.67905 
        1.64452         1.89795         1.45869         2.64078 
        1.65676         1.85736         1.43298         2.60792 
          1.669         1.83422         1.40787         2.57221 
        1.68133         1.79072          1.3832         2.54385 
        1.69363         1.78274          1.3592         2.50979 
        1.70585         1.75111         1.33592         2.47765 
        1.71809         1.72516         1.31314         2.44634 
        1.73038         1.69021         1.29082         2.41528 
        1.74268          1.6598         1.26901         2.38594 
        1.75493         1.64181          1.2478         2.35909 
        1.76714         1.61597         1.22713         2.32503 
        1.77942         1.58725         1.20683         2.29997 
        1.79173         1.56451         1.18693         2.27078 
        1.80402         1.54072         1.16752         2.24454 
         1.8163         1.52024         1.14856         2.21793 
         1.8286         1.48919         1.12999         2.19707 
         1.8409         1.47645         1.11184         2.17064 
        1.85315         1.45447         1.09415         2.14071 
        1.86537         1.42901         1.07688         2.12052 
        1.87765         1.41177         1.05993         2.09685 
        1.88995         1.38858         1.04329         2.07245 
        1.90221         1.36941         1.02708         2.04856 
        1.91445         1.34814         1.01123         2.02918 
        1.92674          1.3313        0.995664         2.00344 
        1.93902         1.30714        0.980424         1.97994 
        1.95124         1.28914        0.965586         1.96116 
         1.9635         1.27275        0.951016         1.93841 
        1.97583         1.25067        0.936655         1.91705 
        1.98812         1.23608        0.922646         1.89927 
        2.00039         1.21696        0.908951          1.8775 
        2.01264         1.19762        0.895547         1.86073 
        2.02492         1.18744        0.882394         1.84241 
        2.03717         1.17688        0.869528         1.82214 
        2.04942         1.15262        0.856935         1.80133 
        2.06171         1.13752        0.844548         1.78291 
        2.07397          1.1227        0.832434         1.76698 
        2.08629         1.11094        0.820507         1.75051 
        2.09857         1.09363        0.808842         1.73281 
        2.11081          1.0795        0.797452          1.7145 
        2.12309         1.06784        0.786255         1.70002 
        2.13538         1.05417        0.775256          1.6813 
        2.14763         1.04493        0.764505         1.66554 
        2.15986         1.03058        0.753982         1.65169 
        2.17214         1.00963        0.743615         1.63188 
        2.18443         1.00111        0.733433         1.61956 
        2.19671        0.990971        0.723454         1.60445 
        2.20898        0.976563        0.713673         1.58929 
        2.22126        0.963944        0.704062         1.57469 
        2.23354        0.951591        0.694631         1.55987 
         2.2458        0.942962         0.68539         1.54469 
        2.25807        0.928589        0.676309         1.53023 
        2.27035        0.920896        0.667384          1.5176 
        2.28263         0.90446        0.658625         1.50486 
         2.2949        0.896534        0.650028         1.49086 
        2.30718        0.888022        0.641581         1.47834 
        2.31946        0.874453         0.63328         1.46518 
        2.33169        0.864678        0.625163         1.45264 
        2.34393        0.860848        0.617175         1.44011 
        2.35622        0.845073        0.609301         1.42761 
        2.36847        0.838876        0.601586         1.41529 
        2.38076        0.824349        0.593982         1.40301 
        2.39305        0.820583        0.586512         1.39088 
        2.40534        0.809002         0.57917         1.37966 
        2.41762        0.800696        0.571954         1.36719 
        2.42989        0.790711        0.564872         1.35766 
        2.44216        0.785148        0.557911         1.34597 
         2.4544        0.777552        0.551084          1.3351 
        2.46667        0.767581        0.544354         1.32407 
        2.47897        0.759649        0.537721         1.31291 
        2.49124        0.748951        0.531217         1.30231 
        2.50349        0.743365        0.524831         1.29146 
        2.51578        0.736277        0.518529         1.28051 
        2.52805        0.726699        0.512343         1.27107 
        2.54029         0.72105        0.506273         1.26081 
        2.55257         0.71248        0.500283         1.25136 
        2.56487        0.704755        0.494378         1.24218 
        2.57716        0.700311        0.488577         1.23151 
        2.58942        0.695432        0.482883         1.22295 
        2.60167         0.68862        0.477284         1.21315 
        2.61395        0.680521        0.471766         1.20385 
        2.62624        0.675139        0.466328         1.19538 
        2.63849        0.667387        0.460992          1.1859 
        2.65073        0.661383        0.455746         1.17682 
        2.66302        0.656939        0.450562          1.1676 
         2.6753        0.652945        0.445463         1.15951 
        2.68756        0.645579        0.440452          1.1518 
        2.69983        0.640225        0.435516         1.14312 
        2.71213        0.632141        0.430645         1.13491 
        2.72441        0.629683        0.425856         1.12645 
        2.73665        0.625674        0.421153         1.11931 
         2.7489        0.619588        0.416523         1.11173 
        2.76118         0.61451        0.411948         1.10237 
        2.77349        0.610861        0.407431         1.09509 
        2.78576        0.607749           0.403         1.08722 
        2.79802        0.601862        0.398637         1.07907 
        2.81031        0.598001        0.394328         1.07275 
        2.82259        0.593934        0.390085         1.06426 
        2.83483        0.590492         0.38592         1.05719 
         2.8471        0.585781        0.381808         1.04966 
         2.8594        0.583385        0.377744         1.04286 
         2.8717        0.578308         0.37374         1.03648 
        2.88396        0.574542        0.369809          1.0292 
        2.89619        0.571949        0.365941         1.02231 
        2.90847        0.568697        0.362114         1.01572 
        2.92072        0.567715        0.358349         1.00887 
        2.93299         0.56136        0.354635         1.00162 
        2.94526        0.561108        0.350971         0.99535 
        2.95753        0.558979        0.347359        0.989191 
        2.96982        0.556523        0.343792        0.982304 
        2.98209        0.554505        0.340282        0.975838 
        2.99436        0.551721        0.336819        0.969709 
        3.00666        0.551129        0.333397        0.963691 
        3.01894        0.550049         0.33003        0.957953 
        3.03119        0.546704        0.326715        0.951365 
        3.04345        0.544799        0.323444        0.945324 
        3.05573        0.544548        0.320212        0.940233 
          3.068        0.542948        0.317027        0.934357 
        3.08026        0.543329        0.313889        0.928097 
        3.09254         0.54163        0.310788        0.921921 
        3.10483        0.540004        0.307728        0.916551 
         3.1171         0.54119        0.304713         0.91141 
        3.12933        0.540737        0.301747         0.90573 
        3.14159        0.540869        0.298814        0.900176 
