# k  (h/Mpc)    Pcb(k)  (Mpc/h)^3    Pcb_linear(k) (Mpc/h)^3    Pcb_NL(k) (Mpc/h)^3   ShotnoiseSubtracted = false
      0.0156606         12572.5         12613.6         12532.4 
      0.0273761         10833.4           10908         10831.5 
      0.0384619         8217.19         8218.71         8158.21 
      0.0498308         6381.26         6464.89         6406.61 
      0.0625568         5387.34         5494.52         5440.38 
      0.0751274         4756.92         4668.28         4589.87 
      0.0867833          3711.7         3758.52         3737.08 
      0.0984825         3088.37         2974.41         3002.44 
       0.111151         2618.37         2483.59         2514.47 
       0.123864         2350.23         2238.23         2263.93 
       0.135742         2128.38         2012.73         2039.04 
        0.14762         1834.38         1720.99         1788.88 
       0.160083          1534.3         1434.54          1514.8 
       0.172465         1367.31         1252.08         1352.83 
       0.184281         1255.52         1154.27         1258.11 
       0.196406         1159.28         1065.97         1153.87 
       0.209011         1069.65         948.442         1041.75 
       0.221538         964.632         828.849         957.735 
       0.233611         901.948         741.605         886.508 
       0.245665         830.975         684.474         815.844 
       0.258103         791.333         637.186         767.603 
       0.270422          717.71           585.5         715.962 
       0.282519         663.684         531.375         668.572 
       0.294636         657.642         484.141         627.999 
       0.306978         587.863         447.912         597.217 
       0.319417         567.305         418.772         561.833 
        0.33169         534.167         390.879          529.08 
       0.343948         509.038         362.172         508.415 
       0.356249          477.39          335.25           486.4 
       0.368458         463.155         312.701         459.687 
        0.38068         444.704         293.843         439.305 
       0.392856         417.751         276.629          421.44 
       0.405069         400.982         259.797         407.457 
       0.417459         383.699         243.499         387.053 
       0.429752         371.681         228.869          372.74 
       0.441978         359.586         216.028          361.48 
       0.454294         338.174         204.368         345.135 
        0.46658         334.761         193.427         335.872 
       0.478753         321.659         183.105         324.171 
       0.490964         310.634          173.41         312.965 
       0.503334         293.127         164.462          304.12 
       0.515665         290.713         156.302         297.239 
       0.527909          281.39         148.769          287.57 
       0.540159         273.767         141.642         279.341 
        0.55248         268.375         134.879         271.172 
       0.564743         262.258         128.618         265.497 
        0.57686         252.644         122.863         257.339 
       0.589077         242.868          117.43         251.762 
       0.601441         239.643         112.265         245.733 
        0.61382         236.808         107.394         240.087 
       0.626067         231.257         102.849         234.498 
       0.638306         220.628         98.5692         229.866 
       0.650632         215.385         94.5142         222.728 
       0.662899         214.794         90.7144         219.211 
       0.675076         206.855         87.1532         214.453 
       0.687267         201.596         83.7788         209.719 
       0.699615         197.918         80.5408         205.658 
       0.711937         193.607         77.4799         201.683 
       0.724148         189.506         74.6039         198.685 
       0.736433         185.214         71.8598         194.249 
       0.748747         181.322         69.2496         190.356 
       0.761037         178.595         66.7753         186.691 
       0.773197         175.167         64.4476         184.487 
       0.785376         173.203         62.2281         180.509 
       0.797761         169.321         60.0789         178.182 
       0.810096         165.931         58.0397          174.96 
       0.822371         160.234          56.105         172.035 
       0.834626         158.793         54.2621         169.156 
       0.846916         156.727         52.4977          166.66 
       0.859215         155.212         50.8111         164.029 
       0.871383         151.735         49.2157         161.296 
        0.88363         149.354         47.6797         159.485 
       0.895928         146.288         46.2038         157.185 
       0.908253         142.347         44.7878         154.335 
       0.920535         141.777         43.4363         152.355 
       0.932774         137.358         42.1455         149.918 
        0.94508         136.346          40.901         148.155 
       0.957324         135.252          39.713         145.969 
        0.96953         134.165          38.576          143.65 
       0.981769         129.964         37.4809         142.364 
       0.994071         129.259         36.4233         140.376 
         1.0064         126.099         35.4049         138.275 
        1.01868         124.807         34.4286         136.744 
        1.03092         122.739         33.4936         135.114 
         1.0432         120.564         32.5902         133.356 
        1.05553         118.014         31.7167         131.968 
        1.06777         117.802         30.8816         130.516 
           1.08         115.377         30.0776         128.766 
        1.09227         113.962         29.2998         127.381 
         1.1046         111.984         28.5467         125.803 
         1.1169         110.677         27.8215         124.105 
        1.12915         108.972         27.1252         122.809 
        1.14142         107.292         26.4513         121.254 
        1.15365         105.406         25.8024         119.932 
        1.16585         104.106         25.1771         118.467 
        1.17807         102.466         24.5719         117.522 
        1.19037         102.232         23.9826         116.273 
        1.20276         99.9778         23.4087         114.871 
        1.21504         99.1875         22.8582         113.555 
        1.22728         97.0823         22.3278          112.35 
        1.23954         96.3848          21.813         111.171 
        1.25184         94.3727         21.3135          110.05 
        1.26414         93.2768         20.8294          108.94 
        1.27632         92.4285         20.3648         108.285 
         1.2886         90.8152         19.9111         106.685 
        1.30093         89.3456         19.4697         105.523 
        1.31316         88.6501         19.0449         104.633 
        1.32541         87.6347         18.6328         103.695 
        1.33772         86.3937         18.2306         102.615 
        1.35005          85.547           17.84         101.553 
        1.36225         84.3187         17.4649         100.593 
        1.37447         82.5247         17.0998         99.5131 
        1.38676         82.4714         16.7436         98.4241 
        1.39907         80.7479          16.397         97.6956 
        1.41133         79.4603         16.0616          96.926 
        1.42358         78.6129          15.736         95.7917 
        1.43591         78.0481         15.4172         94.8655 
        1.44818          76.991         15.1091         93.9913 
        1.46037         75.8943         14.8112         93.1941 
        1.47263          74.678         14.5196         92.4512 
        1.48494         74.1092         14.2349         91.5162 
        1.49724          72.835          13.958         90.5535 
        1.50952         72.1314          13.689         89.7265 
        1.52178         71.2418         13.4276         89.0105 
        1.53409         70.6734         13.1719         88.2349 
        1.54637         68.9345         12.9235         87.3831 
        1.55858         68.3369         12.6828         86.5629 
        1.57081         67.6689          12.448         85.8858 
        1.58313         66.6091         12.2177         85.1558 
        1.59544         65.8419         11.9933         84.3349 
        1.60767         65.1506          11.776         83.6166 
        1.61994         64.2362         11.5633         83.0441 
        1.63225         63.3088         11.3555         82.0899 
        1.64452         62.6288         11.1534         81.5033 
        1.65676         61.6844         10.9568         80.7442 
          1.669         61.2764         10.7648         80.1052 
        1.68133         60.6204         10.5762         79.3755 
        1.69363         59.5821         10.3927         78.8087 
        1.70585         59.1884         10.2147         78.0906 
        1.71809         57.9307         10.0405         77.5301 
        1.73038         57.4117         9.86985         76.7901 
        1.74268         56.6585         9.70306         76.1826 
        1.75493         56.0795         9.54089          75.515 
        1.76714         55.3664         9.38285          74.869 
        1.77942          55.052         9.22759         74.2764 
        1.79173         54.0738         9.07545         73.5952 
        1.80402         53.5465         8.92705         73.0901 
         1.8163         52.8767         8.78206         72.3948 
         1.8286          52.086         8.64005         71.9516 
         1.8409         51.3903          8.5013          71.257 
        1.85315         50.8016         8.36606         70.8242 
        1.86537         50.2576         8.23403          70.196 
        1.87765         49.7133         8.10437         69.5281 
        1.88995         49.0864         7.97719         69.0048 
        1.90221          48.688         7.85319         68.4486 
        1.91445         47.9234         7.73203         67.9717 
        1.92674         47.4392           7.613         67.3943 
        1.93902         46.8788         7.49648         66.8245 
        1.95124         46.4881         7.38302         66.4046 
         1.9635         45.6439         7.27162         65.7925 
        1.97583         45.2256         7.16182         65.3636 
        1.98812         44.5228          7.0547         64.7891 
        2.00039         44.2525         6.94998         64.2748 
        2.01264         43.5048          6.8475         63.8154 
        2.02492         43.1253         6.74693         63.3366 
        2.03717         42.5031         6.64855         62.7879 
        2.04942         41.9979         6.55226          62.353 
        2.06171         41.5768         6.45755         61.8009 
        2.07397         40.9726         6.36492         61.3989 
        2.08629         40.5495         6.27373         60.8775 
        2.09857         40.2256         6.18454         60.4743 
        2.11081         39.5663         6.09745          59.959 
        2.12309         39.1956         6.01183         59.5108 
        2.13538         38.7241         5.92773         59.0948 
        2.14763         38.3761         5.84552         58.6446 
        2.15986         38.1533         5.76507         58.1786 
        2.17214         37.4022          5.6858         57.8275 
        2.18443         37.2053         5.60795         57.3139 
        2.19671         36.5589         5.53165         56.8741 
        2.20898           36.12         5.45686         56.4435 
        2.22126         35.8535         5.38337         56.0195 
        2.23354         35.3888         5.31126         55.6662 
         2.2458         35.1012          5.2406         55.2333 
        2.25807         34.5043         5.17116         54.7962 
        2.27035         34.1645         5.10293         54.4099 
        2.28263         33.7465         5.03595         54.0193 
         2.2949         33.3879         4.97021         53.6332 
        2.30718         33.0843         4.90563         53.2378 
        2.31946         32.6752         4.84216         52.8605 
        2.33169          32.388         4.78009          52.452 
        2.34393         31.9091         4.71902         52.0502 
        2.35622         31.5689         4.65881         51.7166 
        2.36847         31.2045         4.59982         51.3041 
        2.38076         30.9941         4.54168         50.9817 
        2.39305         30.6127         4.48456         50.6182 
        2.40534         30.3054         4.42842         50.1834 
        2.41762         29.9136         4.37325         49.8439 
        2.42989         29.6003          4.3191         49.5157 
        2.44216         29.3143         4.26588         49.1555 
         2.4544         29.0144         4.21367         48.8238 
        2.46667           28.55         4.16222         48.4475 
        2.47897         28.3662          4.1115         48.1294 
        2.49124         28.0893         4.06177         47.7724 
        2.50349         27.7336         4.01294         47.4732 
        2.51578         27.3718         3.96476         47.1428 
        2.52805         27.1649         3.91746         46.7864 
        2.54029         26.9876         3.87104         46.4705 
        2.55257         26.6495         3.82524          46.151 
        2.56487         26.4336          3.7801         45.8286 
        2.57716          26.137         3.73574          45.514 
        2.58942          25.833          3.6922         45.2132 
        2.60167         25.5497         3.64939         44.8669 
        2.61395         25.3279          3.6072         44.5688 
        2.62624         25.0739         3.56561         44.2777 
        2.63849         24.8903         3.52482         43.9684 
        2.65073          24.614          3.4847         43.6466 
        2.66302         24.2853         3.44507         43.3769 
         2.6753           24.11         3.40608         43.0796 
        2.68756         23.8851         3.36777         42.7979 
        2.69983         23.7148         3.33002         42.4938 
        2.71213         23.4725         3.29278         42.2167 
        2.72441         23.3023         3.25617         41.9099 
        2.73665         23.0344          3.2202         41.6327 
         2.7489         22.8469          3.1848         41.3596 
        2.76118         22.6802         3.14982         41.0542 
        2.77349         22.5298         3.11528         40.8076 
        2.78576         22.3447          3.0814         40.5351 
        2.79802         22.0344         3.04804         40.2611 
        2.81031         21.9387          3.0151         40.0134 
        2.82259         21.8025         2.98265         39.7347 
        2.83483         21.5602         2.95081         39.4603 
         2.8471         21.4947         2.91937         39.1984 
         2.8594         21.2655         2.88829         38.9547 
         2.8717         21.0646         2.85767         38.6889 
        2.88396         20.9145         2.82762         38.4237 
        2.89619         20.8568         2.79804         38.1799 
        2.90847         20.6848         2.76878          37.925 
        2.92072         20.5085         2.73999         37.6984 
        2.93299         20.4527          2.7116         37.4493 
        2.94526         20.3254         2.68358         37.2038 
        2.95753         20.1824         2.65596         36.9683 
        2.96982         20.1415         2.62869         36.7304 
        2.98209         19.9586         2.60185         36.4981 
        2.99436         19.9421         2.57537         36.2649 
        3.00666         19.7819         2.54921          36.026 
        3.01894         19.7286         2.52346         35.7828 
        3.03119         19.5743         2.49811         35.5492 
        3.04345         19.5506         2.47311         35.3327 
        3.05573         19.4699         2.44839         35.1133 
          3.068         19.4341         2.42404         34.8751 
        3.08026         19.4189         2.40005         34.6559 
        3.09254         19.3074         2.37633         34.4477 
        3.10483         19.2721         2.35294         34.2351 
         3.1171         19.2427         2.32988         34.0184 
        3.12933         19.1994         2.30721         33.8022 
        3.14159         19.1627         2.28478          33.585 
