# k  (h/Mpc)    Pcb(k)  (Mpc/h)^3    Pcb_linear(k) (Mpc/h)^3    Pcb_NL(k) (Mpc/h)^3   ShotnoiseSubtracted = false
      0.0156606         14568.6         14623.6         14524.6 
      0.0273761         12537.6         12645.4         12545.3 
      0.0384619         9504.13         9527.44         9445.15 
      0.0498308          7370.7         7494.19         7413.68 
      0.0625568         6223.88         6369.26         6295.51 
      0.0751274         5508.67         5411.43         5305.73 
      0.0867833         4289.88         4356.83         4326.62 
      0.0984825          3583.3         3447.88         3482.81 
       0.111151         3044.63         2878.93         2918.49 
       0.123864         2731.88          2594.5         2627.19 
       0.135742         2477.71         2333.11         2366.42 
        0.14762         2141.24         1994.93         2082.18 
       0.160083         1796.58         1662.89         1767.22 
       0.172465         1601.99         1451.38         1582.98 
       0.184281         1466.67            1338          1472.6 
       0.196406         1360.43         1235.64         1351.58 
       0.209011         1259.74         1099.41         1221.47 
       0.221538         1136.59         960.778         1128.12 
       0.233611         1069.72         859.647         1047.89 
       0.245665          980.66         793.421          964.93 
       0.258103         944.305         738.607         908.728 
       0.270422         851.303         678.694         849.254 
       0.282519         791.491         615.953         795.758 
       0.294636         784.114         561.202         749.322 
       0.306978         704.349         519.206         714.201 
       0.319417          681.92         485.428         672.237 
        0.33169         642.646         453.095         633.787 
       0.343948          612.72         419.818         610.928 
       0.356249          575.98         388.611         585.583 
       0.368458         558.694         362.473         554.805 
        0.38068         539.295         340.614         531.116 
       0.392856         508.088          320.66         510.183 
       0.405069         486.841         301.148         494.126 
       0.417459         466.699         282.256         470.892 
       0.429752          454.26         265.297          453.81 
       0.441978         439.407         250.413         440.679 
       0.454294         415.196         236.896         421.363 
        0.46658         408.389         224.214         410.895 
       0.478753          395.04          212.25         396.998 
       0.490964         380.953         201.012         383.776 
       0.503334         359.975         190.639         373.489 
       0.515665         358.392          181.18         365.304 
       0.527909         345.995         172.448         354.609 
       0.540159          337.19         164.187         344.576 
        0.55248         330.657         156.348         334.974 
       0.564743          324.94         149.089         328.479 
        0.57686         312.518         142.419         318.772 
       0.589077         301.346         136.121         311.788 
       0.601441         298.085         130.133         304.594 
        0.61382         293.417         124.488         298.383 
       0.626067         287.966         119.219         291.736 
       0.638306         275.046         114.258          286.15 
       0.650632         269.823         109.558         277.692 
       0.662899         268.185         105.153         273.944 
       0.675076         257.978         101.025         268.449 
       0.687267         251.588         97.1137         262.343 
       0.699615         247.558         93.3603         257.635 
       0.711937         243.194         89.8122         252.943 
       0.724148         236.645         86.4785         249.131 
       0.736433         231.595         83.2975         243.891 
       0.748747         227.417         80.2719         239.174 
       0.761037         223.666         77.4038         235.094 
       0.773197         220.252         74.7056         232.091 
       0.785376         217.494         72.1329         227.603 
       0.797761          212.35         69.6415          224.43 
       0.810096         209.232         67.2777         220.915 
       0.822371         201.418         65.0352         217.244 
       0.834626         200.669         62.8989         213.834 
       0.846916         197.027         60.8536         210.728 
       0.859215         196.399         58.8985         207.607 
       0.871383         191.324         57.0493         204.282 
        0.88363         189.383         55.2688         202.129 
       0.895928         185.106         53.5579         199.053 
       0.908253         180.056         51.9166         195.649 
       0.920535         179.517           50.35         193.036 
       0.932774         173.554         48.8537          190.26 
        0.94508          172.15         47.4111         188.225 
       0.957324          171.65          46.034         185.368 
        0.96953          169.52         44.7161         182.582 
       0.981769         164.286         43.4466         180.942 
       0.994071         163.559         42.2207         178.526 
         1.0064          159.67         41.0402         175.804 
        1.01868         157.662         39.9085         173.868 
        1.03092         155.152         38.8247         171.937 
         1.0432         152.175         37.7775         169.767 
        1.05553         149.594         36.7649         167.809 
        1.06777         149.436          35.797         166.089 
           1.08         145.912          34.865         163.881 
        1.09227         144.333         33.9634         162.242 
         1.1046          141.98         33.0904         160.345 
         1.1169         140.132         32.2498         158.172 
        1.12915         137.917         31.4426         156.607 
        1.14142         135.794         30.6615         154.573 
        1.15365         133.981         29.9094         152.946 
        1.16585         132.118         29.1845         150.972 
        1.17807         130.216         28.4829         149.893 
        1.19037         129.621         27.7999         148.305 
        1.20276         126.979         27.1346         146.498 
        1.21504         125.482         26.4965         144.908 
        1.22728         123.007         25.8817         143.186 
        1.23954         122.299         25.2849         141.957 
        1.25184         119.778         24.7059         140.383 
        1.26414         118.234         24.1448         138.926 
        1.27632         117.602         23.6062         138.202 
         1.2886         115.427         23.0803         136.178 
        1.30093          112.73         22.5687         134.728 
        1.31316         112.394         22.0763         133.356 
        1.32541         110.758         21.5985         132.327 
        1.33772         109.567         21.1323         130.906 
        1.35005          108.22         20.6795         129.469 
        1.36225         106.889         20.2447          128.31 
        1.37447           104.8         19.8216         126.907 
        1.38676         104.293         19.4087         125.568 
        1.39907         101.945         19.0068           124.5 
        1.41133         100.614         18.6181         123.489 
        1.42358         99.3325         18.2407          122.24 
        1.43591          98.712         17.8712         120.895 
        1.44818          97.627         17.5139           119.9 
        1.46037         95.8237         17.1686         118.719 
        1.47263         94.4875         16.8307         117.817 
        1.48494         93.7279         16.5006         116.558 
        1.49724         92.2082         16.1796         115.344 
        1.50952         90.7983         15.8679         114.344 
        1.52178         90.0023         15.5648         113.319 
        1.53409         89.0483         15.2685         112.329 
        1.54637            87.2         14.9805         111.304 
        1.55858         86.2644         14.7015         110.243 
        1.57081         85.0687         14.4293         109.296 
        1.58313         84.0437         14.1623         108.306 
        1.59544         83.1583         13.9022         107.331 
        1.60767         81.9355         13.6504         106.327 
        1.61994         80.8797         13.4039         105.647 
        1.63225         79.6877         13.1629         104.367 
        1.64452         78.6508         12.9286         103.553 
        1.65676         77.5508         12.7007         102.666 
          1.669         77.0194         12.4782         101.838 
        1.68133         76.0534         12.2596         100.878 
        1.69363         75.0668         12.0469         100.095 
        1.70585         74.1749         11.8405         99.1548 
        1.71809         72.8783         11.6386         98.4052 
        1.73038         72.1238         11.4408         97.4517 
        1.74268          71.016         11.2475         96.6625 
        1.75493         70.4549         11.0595         95.7896 
        1.76714         69.2935         10.8763         94.9977 
        1.77942         68.8836         10.6963         94.1642 
        1.79173         67.6981           10.52         93.3661 
        1.80402         66.9718         10.3479         92.6624 
         1.8163         66.1559         10.1799         91.7285 
         1.8286         65.2001         10.0153         91.0966 
         1.8409         64.2789         9.85443          90.286 
        1.85315         63.3855         9.69766         89.6409 
        1.86537          62.777         9.54463         88.8365 
        1.87765         62.0291         9.39433         87.9857 
        1.88995         61.1976          9.2469         87.3614 
        1.90221         60.5717         9.10316         86.6197 
        1.91445         59.4857         8.96271         85.9401 
        1.92674         58.9822         8.82475         85.2435 
        1.93902         58.2594         8.68968         84.4833 
        1.95124         57.8231         8.55816         83.9186 
         1.9635         56.7254         8.42903         83.0902 
        1.97583         56.1999         8.30175         82.5493 
        1.98812         55.5068         8.17758         81.8095 
        2.00039          54.738          8.0562         81.1592 
        2.01264         54.0911          7.9374         80.4991 
        2.02492         53.3851         7.82082         79.8871 
        2.03717         52.6831         7.70678         79.1766 
        2.04942         52.0367         7.59517         78.6364 
        2.06171         51.3571         7.48538         77.9457 
        2.07397         50.7163         7.37801         77.3954 
        2.08629         50.1934          7.2723         76.7155 
        2.09857         49.6927         7.16892         76.1575 
        2.11081         48.6168         7.06796         75.4877 
        2.12309         48.3336         6.96872         74.9511 
        2.13538         47.7199         6.87123         74.3523 
        2.14763         47.2311         6.77594         73.7822 
        2.15986          46.589         6.68268          73.193 
        2.17214         45.9319         6.59079         72.6753 
        2.18443         45.6608         6.50055         72.0945 
        2.19671         44.8089          6.4121         71.4929 
        2.20898         44.4874         6.32541         70.9473 
        2.22126         43.9039         6.24023         70.3782 
        2.23354         43.3241         6.15664         69.8922 
         2.2458         42.9226         6.07474         69.3698 
        2.25807         42.4876         5.99425         68.7878 
        2.27035         41.9044         5.91515         68.2717 
        2.28263         41.3394         5.83751         67.7429 
         2.2949          40.818         5.76131         67.2495 
        2.30718         40.4115         5.68645         66.7612 
        2.31946         39.8351         5.61288         66.2788 
        2.33169         39.4184         5.54093         65.7578 
        2.34393         38.8088         5.47013         65.2577 
        2.35622         38.5338         5.40034         64.7683 
        2.36847         38.0446         5.33197         64.2972 
        2.38076          37.728         5.26457         63.8172 
        2.39305         37.2494         5.19836         63.3533 
        2.40534         36.8622         5.13328         62.8245 
        2.41762         36.4403         5.06933         62.3542 
        2.42989         35.8735         5.00656         61.9484 
        2.44216         35.6492         4.94487         61.4727 
         2.4544         35.2947         4.88435         61.0298 
        2.46667         34.7245         4.82471         60.5426 
        2.47897         34.4222         4.76592         60.1224 
        2.49124         33.9807         4.70828         59.6851 
        2.50349         33.5718         4.65167         59.2594 
        2.51578         33.2202         4.59582         58.8512 
        2.52805         33.0857         4.54099         58.4002 
        2.54029         32.6574         4.48719         57.9793 
        2.55257         32.2277          4.4341         57.5759 
        2.56487         31.8964         4.38177         57.1709 
        2.57716         31.5816         4.33035           56.79 
        2.58942         31.1911         4.27988         56.3606 
        2.60167         30.7943         4.23025         55.9295 
        2.61395         30.5691         4.18135         55.5528 
        2.62624         30.3221         4.13314         55.1573 
        2.63849         30.0168         4.08586         54.7711 
        2.65073         29.6691         4.03936         54.3572 
        2.66302         29.3803         3.99341         53.9963 
         2.6753         29.0516         3.94822         53.6201 
        2.68756         28.7006         3.90381         53.2271 
        2.69983         28.4808         3.86006          52.872 
        2.71213         28.1202         3.81688         52.5185 
        2.72441          28.009         3.77444          52.128 
        2.73665         27.7147         3.73275          51.765 
         2.7489         27.5182         3.69171         51.4148 
        2.76118         27.2097         3.65117         51.0495 
        2.77349         26.9914         3.61114         50.7152 
        2.78576         26.8031         3.57186         50.3515 
        2.79802         26.4745         3.53319         50.0113 
        2.81031         26.2576           3.495         49.6811 
        2.82259         26.0419         3.45739         49.3228 
        2.83483         25.7953         3.42048         48.9848 
         2.8471         25.5881         3.38404         48.6615 
         2.8594         25.3758         3.34801         48.3487 
         2.8717         25.1072         3.31252         48.0116 
        2.88396         25.0056         3.27768         47.6679 
        2.89619         24.8153          3.2434         47.3511 
        2.90847         24.6114         3.20949         47.0367 
        2.92072         24.5047         3.17611         46.7234 
        2.93299         24.3803         3.14319         46.3993 
        2.94526         24.1509         3.11071         46.1047 
        2.95753         23.9836          3.0787         45.8137 
        2.96982          23.963         3.04709         45.5041 
        2.98209         23.7426         3.01598         45.2035 
        2.99436         23.5634         2.98528         44.9006 
        3.00666         23.5175         2.95496          44.605 
        3.01894         23.3939         2.92512         44.2944 
        3.03119         23.2214         2.89573         44.0046 
        3.04345         23.1212         2.86674          43.731 
        3.05573         23.0511         2.83809          43.449 
          3.068         22.9925         2.80987         43.1615 
        3.08026         22.9213         2.78206         42.8771 
        3.09254         22.7966         2.75457         42.6054 
        3.10483         22.8193         2.72745         42.3352 
         3.1171         22.7055         2.70073         42.0605 
        3.12933         22.7324         2.67444         41.7891 
        3.14159         22.6468         2.64844         41.5169 
