# k  (h/Mpc)    Pcb(k)  (Mpc/h)^3    Pcb_linear(k) (Mpc/h)^3    Pcb_NL(k) (Mpc/h)^3   ShotnoiseSubtracted = false
      0.0156606         16781.5         16854.1         16734.4 
      0.0273761         14422.5         14573.1         14444.9 
      0.0384619         10924.7         10979.5           10871 
      0.0498308         8459.95         8636.18         8528.83 
      0.0625568         7144.58         7339.73         7242.43 
      0.0751274         6337.63         6235.91         6097.51 
      0.0867833         4925.84          5020.6         4979.75 
      0.0984825         4130.44         3973.16         4015.98 
       0.111151         3517.19         3317.52         3367.39 
       0.123864         3154.23         2989.75         3030.66 
       0.135742         2865.48         2688.53         2730.03 
        0.14762         2482.77         2298.83         2408.55 
       0.160083         2090.66         1916.21         2048.78 
       0.172465         1864.74         1672.48         1840.33 
       0.184281         1701.51         1541.83         1712.35 
       0.196406         1586.42         1423.87          1573.1 
       0.209011          1474.1         1266.88         1422.95 
       0.221538          1329.7         1107.14         1319.33 
       0.233611         1259.68           990.6          1229.3 
       0.245665         1149.37         914.286         1132.82 
       0.258103         1118.45         851.122         1067.74 
       0.270422         1003.04         782.082         999.616 
       0.282519         937.777         709.783         939.744 
       0.294636         927.354         646.691         886.774 
       0.306978         837.517         598.298         846.822 
       0.319417         813.895         559.374         797.489 
        0.33169         766.845         522.115         752.829 
       0.343948         732.192          483.77         727.342 
       0.356249         689.916         447.809         698.305 
       0.368458          667.91         417.689           663.3 
        0.38068         648.714           392.5         635.973 
       0.392856          612.87         369.506         611.744 
       0.405069         585.465         347.023         592.841 
       0.417459         562.118         325.253         567.019 
       0.429752         550.663          305.71         546.747 
       0.441978         532.189         288.559         531.574 
       0.454294         505.102         272.983         508.848 
        0.46658         493.859         258.369         497.048 
       0.478753         480.435         244.582         480.754 
       0.490964         462.555         231.632         465.243 
       0.503334         438.621         219.679         453.427 
       0.515665         437.564         208.779         443.592 
       0.527909         421.171         198.717         431.846 
       0.540159         410.563         189.197         419.868 
        0.55248         402.508         180.164         408.531 
       0.564743         397.627           171.8          401.09 
        0.57686         382.242         164.113         389.665 
       0.589077         370.301         156.857         380.992 
       0.601441         365.902         149.957         372.601 
        0.61382         358.405         143.451         365.653 
       0.626067         352.945          137.38         357.864 
       0.638306         338.181         131.663         351.018 
       0.650632         333.191         126.247         341.173 
       0.662899         330.381         121.171         337.022 
       0.675076         317.691         116.414         330.907 
       0.687267         309.774         111.907         323.148 
       0.699615          305.54         107.582         317.733 
       0.711937         300.874         103.493         312.029 
       0.724148         291.318         99.6518         307.362 
       0.736433         284.918         95.9863         301.238 
       0.748747         280.629         92.4998         295.584 
       0.761037         275.432         89.1948         291.102 
       0.773197         271.984         86.0855         287.077 
       0.785376         267.925         83.1209         282.106 
       0.797761         261.299         80.2501         277.814 
       0.810096         258.476         77.5262         273.979 
       0.822371         248.871          74.942         269.439 
       0.834626         248.175         72.4804         265.547 
       0.846916         242.799         70.1235         261.638 
       0.859215         242.791         67.8706         257.874 
       0.871383         236.217         65.7396          253.99 
        0.88363         234.622         63.6879         251.366 
       0.895928         229.257         61.7164         247.392 
       0.908253         223.096         59.8251         243.363 
       0.920535         222.059         58.0198          240.11 
       0.932774         215.225         56.2956         236.797 
        0.94508         213.097         54.6332         234.327 
       0.957324         212.504         53.0464         230.873 
        0.96953         209.465         51.5277         227.639 
       0.981769         203.043         50.0649         225.481 
       0.994071         202.143         48.6522         222.558 
         1.0064         197.633         47.2919         219.206 
        1.01868         194.952         45.9878         216.649 
        1.03092         191.079         44.7389         214.423 
         1.0432         187.508         43.5321         211.778 
        1.05553         184.858         42.3653         209.132 
        1.06777         184.579           41.25         207.013 
           1.08         179.972          40.176         204.387 
        1.09227         177.765         39.1371           202.2 
         1.1046         175.098         38.1311          200.04 
         1.1169         172.012         37.1624         197.299 
        1.12915         169.499         36.2323         195.484 
        1.14142         166.796         35.3322         192.936 
        1.15365         164.525         34.4655          190.91 
        1.16585         162.224         33.6302         188.433 
        1.17807         160.048         32.8217         187.016 
        1.19037         158.744         32.0346         185.132 
        1.20276         156.103         31.2681          182.83 
        1.21504          153.33         30.5328         180.868 
        1.22728         150.369         29.8242         178.577 
        1.23954         149.834         29.1365         177.268 
        1.25184         146.974         28.4693         175.235 
        1.26414         144.656         27.8228         173.399 
        1.27632         144.129         27.2022         172.351 
         1.2886         141.851         26.5962         169.983 
        1.30093         137.827         26.0065         168.144 
        1.31316         136.823         25.4391         166.265 
        1.32541         135.081         24.8886         165.014 
        1.33772         133.814         24.3514          163.23 
        1.35005         131.838         23.8297           161.4 
        1.36225         130.143         23.3286         159.955 
        1.37447         128.011          22.841         158.112 
        1.38676         126.605         22.3652         156.618 
        1.39907          124.16         21.9021         155.087 
        1.41133         122.418         21.4542         153.772 
        1.42358         120.671         21.0193         152.321 
        1.43591         119.507         20.5935         150.612 
        1.44818         118.339         20.1818         149.346 
        1.46037         116.108         19.7839           147.8 
        1.47263         114.961         19.3945         146.682 
        1.48494          113.26         19.0141         144.993 
        1.49724         111.698         18.6443         143.629 
        1.50952         109.652         18.2851         142.327 
        1.52178          109.12         17.9358         140.898 
        1.53409         107.123         17.5943          139.72 
        1.54637         105.655         17.2624         138.503 
        1.55858         103.896          16.941         137.091 
        1.57081         102.527         16.6273         135.925 
        1.58313          101.34         16.3197         134.604 
        1.59544         100.172           16.02         133.437 
        1.60767          98.814         15.7297         132.144 
        1.61994         97.1877         15.4457         131.235 
        1.63225          95.936          15.168         129.663 
        1.64452         94.2843          14.898         128.546 
        1.65676         93.0036         14.6355         127.504 
          1.669         92.3997          14.379         126.468 
        1.68133         90.7039         14.1271         125.273 
        1.69363         89.8151          13.882         124.212 
        1.70585         88.2457         13.6442         123.077 
        1.71809         87.0678         13.4116         121.948 
        1.73038         86.3534         13.1836         120.891 
        1.74268         85.0472         12.9608         119.814 
        1.75493         83.9612         12.7442         118.742 
        1.76714         82.6401         12.5331         117.789 
        1.77942         81.8269         12.3257         116.658 
        1.79173         80.4777         12.1225         115.744 
        1.80402         79.8482         11.9243          114.79 
         1.8163         78.4251         11.7306         113.645 
         1.8286          77.333         11.5409         112.738 
         1.8409         76.6437         11.3556         111.762 
        1.85315         75.4202         11.1749         110.883 
        1.86537         74.5672         10.9986         109.933 
        1.87765         73.8876         10.8254         108.921 
        1.88995         72.6563         10.6555         108.088 
        1.90221         71.7188         10.4899         107.152 
        1.91445          70.487          10.328         106.228 
        1.92674         69.6017          10.169         105.374 
        1.93902          68.729         10.0134         104.425 
        1.95124         68.1651         9.86183         103.654 
         1.9635         67.0678         9.71302         102.629 
        1.97583          66.193         9.56635         101.931 
        1.98812         65.3618         9.42327         101.041 
        2.00039         64.3314          9.2834         100.202 
        2.01264         63.8334          9.1465         99.3572 
        2.02492         62.8667         9.01217         98.5536 
        2.03717         61.8738         8.88076         97.6839 
        2.04942         61.4616         8.75214         97.0007 
        2.06171         60.2472         8.62564         96.1555 
        2.07397         59.6367         8.50191         95.4244 
        2.08629         59.0356         8.38009         94.5918 
        2.09857         58.1396         8.26096         93.8505 
        2.11081         57.1241         8.14463         93.0045 
        2.12309         56.7699         8.03026         92.3719 
        2.13538         55.8675         7.91793         91.5912 
        2.14763         55.1858         7.80812         90.8632 
        2.15986         54.1509         7.70065          90.119 
        2.17214         53.7599         7.59477         89.3908 
        2.18443           53.13         7.49078         88.7755 
        2.19671         52.2078         7.38886          88.011 
        2.20898         52.0147         7.28896         87.3129 
        2.22126          51.152          7.1908         86.5903 
        2.23354         50.4636         7.09449         85.9533 
         2.2458         49.8724          7.0001         85.3128 
        2.25807         49.2737         6.90735          84.583 
        2.27035         48.7378          6.8162         83.9202 
        2.28263         47.9134         6.72674         83.2532 
         2.2949         47.5406         6.63893         82.6167 
        2.30718         46.7038         6.55267         82.0106 
        2.31946         46.2039         6.46789         81.3882 
        2.33169         45.5906         6.38498         80.7541 
        2.34393         44.8756          6.3034         80.1421 
        2.35622         44.6045         6.22298         79.5159 
        2.36847         44.0139         6.14419         78.9636 
        2.38076         43.4145         6.06653         78.2949 
        2.39305         42.8886         5.99023         77.7429 
        2.40534         42.4373         5.91524         77.1034 
        2.41762         42.0243         5.84154         76.4863 
        2.42989          41.417         5.76922         75.9842 
        2.44216         41.0358         5.69812         75.3837 
         2.4544         40.5239         5.62839         74.8087 
        2.46667         40.1018         5.55966         74.2198 
        2.47897         39.6189         5.49192         73.6849 
        2.49124           39.08         5.42549          73.149 
        2.50349         38.5853         5.36026         72.5807 
        2.51578         38.1017          5.2959         72.1057 
        2.52805         37.8759         5.23272         71.5404 
        2.54029         37.3562         5.17072         70.9791 
        2.55257         36.7952         5.10954         70.4869 
        2.56487         36.5344         5.04924              70 
        2.57716         36.0532         4.98999         69.5054 
        2.58942         35.6055         4.93183         68.9721 
        2.60167         35.1931         4.87465         68.4626 
        2.61395         34.8199         4.81829         67.9726 
        2.62624         34.5725         4.76275         67.4626 
        2.63849         34.2362         4.70826         66.9967 
        2.65073         33.8624         4.65467          66.486 
        2.66302         33.3877         4.60173         66.0095 
         2.6753         33.0194         4.54965         65.5471 
        2.68756         32.5599         4.49848         65.0462 
        2.69983         32.3852         4.44806         64.6249 
        2.71213         32.0595         4.39831         64.1839 
        2.72441         31.7554          4.3494         63.7075 
        2.73665         31.4019         4.30136         63.2465 
         2.7489         31.2628         4.25407         62.8055 
        2.76118         30.7742         4.20735         62.3751 
        2.77349         30.6438         4.16122         61.9362 
        2.78576         30.4057         4.11596         61.4796 
        2.79802         29.9516          4.0714         61.0876 
        2.81031         29.6854          4.0274         60.6561 
        2.82259         29.5363         3.98406         60.2104 
        2.83483         29.1852         3.94152         59.8061 
         2.8471         28.8643         3.89953         59.4016 
         2.8594         28.7606         3.85801         58.9926 
         2.8717         28.4759         3.81712         58.5858 
        2.88396         28.2238         3.77697         58.1623 
        2.89619         27.9779         3.73747         57.7533 
        2.90847         27.8074         3.69839         57.3776 
        2.92072         27.5697         3.65993         56.9821 
        2.93299         27.4319           3.622         56.5901 
        2.94526         27.1776         3.58457         56.2248 
        2.95753         27.0322         3.54768         55.8491 
        2.96982         26.9463         3.51125         55.4668 
        2.98209         26.6693         3.47541         55.0998 
        2.99436         26.4952         3.44003         54.7127 
        3.00666         26.4161         3.40509         54.3563 
        3.01894         26.1924          3.3707         53.9739 
        3.03119         26.1055         3.33684         53.6232 
        3.04345         25.9308         3.30344         53.2908 
        3.05573          25.887         3.27042         52.9384 
          3.068         25.7612          3.2379         52.5834 
        3.08026         25.5834         3.20585         52.2297 
        3.09254         25.5063         3.17417         51.8873 
        3.10483          25.518         3.14292          51.555 
         3.1171          25.448         3.11213         51.2195 
        3.12933         25.3607         3.08184         50.8786 
        3.14159         25.2342         3.05188         50.5426 
