# k  (h/Mpc)    P(k)  (Mpc/h)^3    P_linear(k)  (Mpc/h)^3     P_NL(k)  ShotnoiseSubtracted = false
      0.0156606         13776.1           13704         13613.4 
      0.0273761           11842         11831.1         11742.8 
      0.0384619         8970.65         8906.62         8835.36 
      0.0498308          6956.3         7002.35         6933.16 
      0.0625568         5870.93         5949.18          5885.4 
      0.0751274          5190.3         5053.42          4961.6 
      0.0867833         4043.99         4068.02         4042.31 
      0.0984825         3372.36         3219.01         3250.51 
       0.111151         2862.61         2687.61         2722.79 
       0.123864         2568.47         2421.94         2451.11 
       0.135742         2328.01         2177.83         2207.63 
        0.14762         2009.67          1862.1         1939.62 
       0.160083         1683.83         1552.12          1644.3 
       0.172465         1501.08         1354.67         1470.67 
       0.184281         1375.62         1248.83         1367.91 
       0.196406         1273.61         1153.27         1254.98 
       0.209011         1177.61          1026.1         1133.59 
       0.221538         1062.23         896.707         1044.64 
       0.233611         997.251         802.313         968.695 
       0.245665         915.789         740.499         891.714 
       0.258103         878.233         689.336         839.388 
       0.270422         793.211         633.416         783.699 
       0.282519         735.948         574.857          733.08 
       0.294636         729.171         523.756         689.477 
       0.306978         653.742          484.56          656.45 
       0.319417         632.003         453.034         617.714 
        0.33169         595.406         422.858         582.034 
       0.343948         567.451         391.801         560.229 
       0.356249         532.867         362.676         536.496 
       0.368458          516.94          338.28         507.658 
        0.38068         497.884         317.882         485.578 
       0.392856         468.536         299.258         466.129 
       0.405069         449.204         281.047         451.133 
       0.417459         430.253         263.417         429.198 
       0.429752         417.901          247.59         413.491 
       0.441978          404.27         233.698         401.268 
       0.454294         381.258         221.083         383.419 
        0.46658         375.837         209.247         373.527 
       0.478753         362.636         198.081         360.703 
       0.490964         349.805         187.593          348.47 
       0.503334          330.25         177.913         338.882 
       0.515665         328.374         169.085         331.356 
       0.527909         317.243         160.936         321.138 
       0.540159         308.973         153.225         311.991 
        0.55248          302.93          145.91         303.105 
       0.564743         297.005         139.136         297.009 
        0.57686         285.749         132.911          288.06 
       0.589077         275.144         127.034         281.795 
       0.601441           271.9         121.446         275.165 
        0.61382         268.069         116.177         269.224 
       0.626067         262.571          111.26         263.095 
       0.638306         250.575          106.63         257.999 
       0.650632         245.352         102.243         250.184 
       0.662899         244.083         98.1328         246.547 
       0.675076         234.844         94.2803         241.387 
       0.687267         228.921         90.6299         235.986 
       0.699615         225.044         87.1271         231.582 
       0.711937         220.701         83.8158         227.268 
       0.724148         215.175         80.7047         223.858 
       0.736433         210.487         77.7361         219.013 
       0.748747         206.394         74.9124         214.704 
       0.761037         203.092         72.2358          210.81 
       0.773197         199.644         69.7177         208.225 
       0.785376         197.269         67.3168         203.967 
       0.797761         192.605         64.9917          201.25 
       0.810096          189.41         62.7857         197.863 
       0.822371         182.436         60.6929         194.567 
       0.834626         181.416         58.6993         191.403 
       0.846916         178.429         56.7905         188.613 
       0.859215         177.424          54.966         185.744 
       0.871383         172.974         53.2401         182.698 
        0.88363         170.839         51.5785         180.723 
       0.895928         167.079         49.9819         178.049 
       0.908253         162.482         48.4502         174.908 
       0.920535         161.924         46.9881         172.615 
       0.932774         156.559         45.5918          170.01 
        0.94508         155.335         44.2454         168.123 
       0.957324          154.64         42.9603         165.585 
        0.96953         152.859         41.7304         163.022 
       0.981769         148.111         40.5457         161.572 
       0.994071         147.393         39.4016          159.37 
         1.0064         143.796         38.2999         156.952 
        1.01868         142.077         37.2438         155.238 
        1.03092         139.783         36.2324         153.451 
         1.0432         137.143          35.255         151.486 
        1.05553         134.604         34.3101         149.823 
        1.06777         134.373         33.4068         148.243 
           1.08         131.312         32.5371         146.255 
        1.09227         129.866         31.6956         144.775 
         1.1046         127.652         30.8809         143.016 
         1.1169         126.057         30.0964         141.088 
        1.12915         124.011         29.3432         139.643 
        1.14142          122.11         28.6142         137.849 
        1.15365         120.284         27.9123          136.38 
        1.16585         118.632         27.2358         134.662 
        1.17807         116.815         26.5811         133.666 
        1.19037         116.377         25.9436          132.24 
        1.20276         113.869         25.3228         130.635 
        1.21504         112.694         24.7273         129.186 
        1.22728         110.388         24.1535         127.731 
        1.23954         109.649         23.5966         126.513 
        1.25184         107.304         23.0562         125.166 
        1.26414         106.001         22.5326          123.89 
        1.27632         105.242           22.03         123.226 
         1.2886         103.282         21.5392         121.394 
        1.30093         101.129         21.0617         120.092 
        1.31316         100.681         20.6022         118.967 
        1.32541         99.2644         20.1563         117.989 
        1.33772         98.0697         19.7212         116.743 
        1.35005         96.9213         19.2987         115.491 
        1.36225         95.6468         18.8929         114.437 
        1.37447         93.6789         18.4981         113.201 
        1.38676         93.3753         18.1127         111.972 
        1.39907         91.2738         17.7377         111.089 
        1.41133         89.9783          17.375           110.2 
        1.42358         88.9057         17.0227         109.006 
        1.43591         88.3081         16.6779         107.866 
        1.44818         87.2194         16.3445         106.944 
        1.46037          85.727         16.0222         105.952 
        1.47263         84.3582         15.7069         105.128 
        1.48494         83.7985         15.3988         104.044 
        1.49724         82.3465         15.0993          102.94 
        1.50952         81.2247         14.8084         102.034 
        1.52178         80.3491         14.5255         101.173 
        1.53409         79.6139          14.249         100.285 
        1.54637         77.7542         13.9802         99.3425 
        1.55858         77.0181         13.7199         98.4112 
        1.57081         76.0173         13.4658         97.5923 
        1.58313         74.9736         13.2167          96.736 
        1.59544         74.1745         12.9739         95.8369 
        1.60767         73.1638         12.7389         94.9808 
        1.61994           72.21         12.5088         94.3609 
        1.63225         71.1066          12.284         93.2393 
        1.64452         70.2486         12.0653         92.5474 
        1.65676         69.2029         11.8527         91.7195 
          1.669         68.7185          11.645         90.9797 
        1.68133         67.9167          11.441         90.1382 
        1.69363         66.9068         11.2424         89.4699 
        1.70585          66.238         11.0499         88.6321 
        1.71809         64.9466         10.8615         88.0032 
        1.73038         64.2405         10.6769         87.1345 
        1.74268          63.317         10.4964         86.4523 
        1.75493         62.7707          10.321         85.6767 
        1.76714          61.791         10.1501         84.9528 
        1.77942         61.4346         9.98209         84.2451 
        1.79173         60.3555         9.81751         83.4978 
        1.80402          59.693         9.65698         82.8964 
         1.8163         58.9664         9.50014         82.0857 
         1.8286         58.0832         9.34651         81.5544 
         1.8409         57.2012         9.19641            80.8 
        1.85315          56.467         9.05012         80.2685 
        1.86537         55.9096          8.9073         79.5412 
        1.87765         55.2095         8.76704         78.7786 
        1.88995         54.5161         8.62946         78.2105 
        1.90221         54.0144         8.49532         77.5634 
        1.91445         53.0779         8.36424         76.9877 
        1.92674         52.5818         8.23549         76.3513 
        1.93902         51.9214         8.10944         75.6848 
        1.95124         51.5168          7.9867         75.1982 
         1.9635         50.5349         7.86619          74.477 
        1.97583         50.0423         7.74741         73.9896 
        1.98812         49.3605         7.63153         73.3295 
        2.00039         48.8193         7.51826         72.7502 
        2.01264         48.0938         7.40739         72.1901 
        2.02492          47.547          7.2986         71.6488 
        2.03717         46.9104         7.19217         71.0155 
        2.04942         46.3044         7.08801          70.534 
        2.06171         45.7393         6.98556         69.9061 
        2.07397         45.1157         6.88536         69.4342 
        2.08629         44.6202         6.78671         68.8263 
        2.09857         44.2463         6.69022         68.3533 
        2.11081          43.334         6.59601         67.7584 
        2.12309         43.0065         6.50339         67.2641 
        2.13538         42.4848         6.41242          66.757 
        2.14763         42.0697         6.32349         66.2502 
        2.15986         41.6516         6.23645         65.7231 
        2.17214         40.9327          6.1507         65.2956 
        2.18443         40.7286         6.06648         64.7392 
        2.19671         39.9663         5.98394         64.2162 
        2.20898         39.5959         5.90304         63.7286 
        2.22126         39.1475         5.82355          63.236 
        2.23354         38.6179         5.74554         62.8188 
         2.2458         38.2788          5.6691         62.3383 
        2.25807         37.7992         5.59399         61.8295 
        2.27035         37.3231         5.52017         61.3784 
        2.28263         36.8415         5.44772         60.9197 
         2.2949         36.3332         5.37661         60.4813 
        2.30718         36.0271         5.30674         60.0408 
        2.31946         35.5161         5.23809         59.6123 
        2.33169         35.1685         5.17094         59.1446 
        2.34393         34.6288         5.10487         58.6941 
        2.35622         34.3241         5.03974         58.2797 
        2.36847         33.8839         4.97593         57.8355 
        2.38076         33.6612         4.91304         57.4402 
        2.39305         33.2277         4.85125         57.0232 
        2.40534         32.8606         4.79052         56.5384 
        2.41762         32.4699         4.73083         56.1347 
        2.42989         32.0095         4.67226         55.7722 
        2.44216         31.7769         4.61468         55.3498 
         2.4544         31.4756         4.55821         54.9663 
        2.46667         30.9191         4.50255         54.5301 
        2.47897         30.6973         4.44768         54.1617 
        2.49124         30.3187         4.39389         53.7634 
        2.50349         29.9606         4.34106         53.4062 
        2.51578         29.6207         4.28894         53.0324 
        2.52805         29.4312         4.23777         52.6269 
        2.54029         29.1572         4.18756         52.2637 
        2.55257         28.7691         4.13801         51.9028 
        2.56487         28.4794         4.08918         51.5356 
        2.57716         28.2085          4.0412         51.1937 
        2.58942         27.8252         3.99409         50.8241 
        2.60167         27.5063         3.94778         50.4299 
        2.61395         27.2707         3.90214         50.0971 
        2.62624         27.0227         3.85716          49.753 
        2.63849         26.7929         3.81303         49.4032 
        2.65073         26.4784         3.76963         49.0372 
        2.66302         26.1692         3.72676         48.7247 
         2.6753         25.9178         3.68458         48.3839 
        2.68756         25.6275         3.64314         48.0474 
        2.69983         25.4354         3.60231         47.7171 
        2.71213         25.0801         3.56201         47.4021 
        2.72441         24.9858         3.52241         47.0523 
        2.73665         24.7153          3.4835         46.7343 
         2.7489         24.5397         3.44521         46.4226 
        2.76118         24.2902         3.40737         46.0833 
        2.77349         24.0848         3.37001         45.7964 
        2.78576          23.905         3.33335         45.4763 
        2.79802         23.6007         3.29726         45.1665 
        2.81031         23.4313         3.26163         44.8781 
        2.82259         23.2483         3.22653         44.5592 
        2.83483         23.0024         3.19208         44.2542 
         2.8471          22.896         3.15807         43.9627 
         2.8594         22.6477         3.12445         43.6842 
         2.8717         22.4214         3.09133         43.3816 
        2.88396         22.3414         3.05882          43.078 
        2.89619         22.1902         3.02683          42.797 
        2.90847         22.0133         2.99518         42.5091 
        2.92072         21.8658         2.96403         42.2446 
        2.93299         21.7744         2.93331         41.9542 
        2.94526         21.6169           2.903          41.684 
        2.95753         21.4316         2.87313         41.4238 
        2.96982          21.418         2.84362         41.1475 
        2.98209         21.2075          2.8146         40.8797 
        2.99436         21.1032         2.78595         40.6149 
        3.00666         20.9816         2.75765         40.3476 
        3.01894         20.9212          2.7298         40.0712 
        3.03119         20.7436         2.70237         39.8053 
        3.04345         20.6509         2.67532         39.5572 
        3.05573         20.5787         2.64859         39.3087 
          3.068         20.5482         2.62224         39.0467 
        3.08026         20.5289         2.59629         38.7928 
        3.09254         20.3984         2.57064         38.5541 
        3.10483         20.3977         2.54533         38.3133 
         3.1171         20.3086         2.52039         38.0662 
        3.12933         20.3008         2.49586         37.8229 
        3.14159         20.2827          2.4716         37.5775 
