# k  (h/Mpc)    P(k)  (Mpc/h)^3    P_linear(k)  (Mpc/h)^3     P_NL(k)  ShotnoiseSubtracted = false
      0.0156606          6791.2         6702.02         6664.97 
      0.0273761         5867.62         5788.42         5762.74 
      0.0384619         4453.61         4358.65         4342.65 
      0.0498308         3473.32         3427.32         3413.53 
      0.0625568         2930.07          2912.2            2898 
      0.0751274         2563.12         2473.91         2451.97 
      0.0867833         2014.92         1991.62         1986.97 
      0.0984825         1654.56         1576.02         1586.69 
       0.111151         1393.28         1315.89         1326.81 
       0.123864         1251.58         1185.84         1194.99 
       0.135742         1128.48         1066.35         1075.75 
        0.14762         964.061         911.762         934.413 
       0.160083         801.137         759.994         785.883 
       0.172465         711.148         663.321         695.155 
       0.184281         657.793         611.498         645.085 
       0.196406         601.194         564.712         591.627 
       0.209011         548.054         502.446         532.002 
       0.221538         491.629         439.087         480.402 
       0.233611         449.986         392.867         439.097 
       0.245665         420.998           362.6         403.967 
       0.258103         386.606         337.548          378.73 
       0.270422         358.775         310.167         350.859 
       0.282519         327.203         281.493         324.293 
       0.294636          320.45          256.47         301.592 
       0.306978         283.211         237.278          284.17 
       0.319417         271.394         221.841         266.907 
        0.33169         253.715         207.064         250.573 
       0.343948         242.154         191.857          237.33 
       0.356249         224.907         177.595         225.479 
       0.368458         216.778         165.649         211.398 
        0.38068         205.563          155.66          200.86 
       0.392856          191.79         146.541         191.849 
       0.405069         183.132         137.624          183.13 
       0.417459         174.209         128.991         173.281 
       0.429752         167.562          121.24         165.924 
       0.441978         161.058         114.438         160.037 
       0.454294         149.933         108.261         151.912 
        0.46658         150.149         102.465         146.486 
       0.478753         140.864         96.9971         140.919 
       0.490964         136.569          91.861         135.457 
       0.503334         130.079          87.121         130.624 
       0.515665         126.285         82.7983          127.08 
       0.527909         122.134         78.8077         121.226 
       0.540159         117.958          75.032         117.569 
        0.55248          113.48         71.4497         113.374 
       0.564743         110.436         68.1329         110.204 
        0.57686         106.984         65.0843         106.526 
       0.589077         102.036         62.2065         103.773 
       0.601441         99.6721           59.47         100.824 
        0.61382          97.621         56.8899         97.5562 
       0.626067         93.6619         54.4824         95.0125 
       0.638306         90.6305         52.2152         92.4422 
       0.650632          87.392         50.0671         89.1778 
       0.662899         86.7669         48.0542         86.9836 
       0.675076         83.5546         46.1677          84.794 
       0.687267         81.8827         44.3801         82.6339 
       0.699615         79.1972         42.6649         80.9322 
       0.711937          76.626         41.0434         78.4366 
       0.724148         76.0455         39.5199         77.2897 
       0.736433         72.6064         38.0663         75.1166 
       0.748747         71.4239         36.6836         73.3838 
       0.761037         69.6667         35.3729         71.6379 
       0.773197         68.1489         34.1398         70.6246 
       0.785376         66.2816         32.9641         68.7898 
       0.797761         65.6814         31.8256         67.6156 
       0.810096         63.5015         30.7453         66.0319 
       0.822371         62.2977         29.7205         64.6364 
       0.834626         60.7777         28.7442          63.564 
       0.846916         59.6868         27.8095         62.3163 
       0.859215         58.2369         26.9161         60.9941 
       0.871383         57.4705          26.071         59.9523 
        0.88363         55.9105         25.2573         59.0487 
       0.895928         54.6808         24.4755         57.8789 
       0.908253         53.4384         23.7254         56.9279 
       0.920535         53.0361         23.0095          55.918 
       0.932774         52.0085         22.3257         54.9625 
        0.94508         51.2039         21.6664         53.8954 
       0.957324         49.9015         21.0371         53.1453 
        0.96953          49.651         20.4348         52.1571 
       0.981769         48.0995         19.8547         51.4898 
       0.994071         47.4646         19.2945         50.6909 
         1.0064         46.4376          18.755         49.8718 
        1.01868         45.6191         18.2378         49.1707 
        1.03092          45.029         17.7425         48.3921 
         1.0432         44.2171         17.2639         47.5502 
        1.05553          43.184         16.8012         47.1789 
        1.06777         42.5728         16.3589          46.356 
           1.08         41.5625          15.933         45.6577 
        1.09227         41.1259         15.5209          45.074 
         1.1046         40.5205          15.122         44.3891 
         1.1169         40.0208         14.7378         43.7664 
        1.12915          39.324          14.369           43.24 
        1.14142         38.5207          14.012         42.6662 
        1.15365         38.0119         13.6683          42.153 
        1.16585         37.4356          13.337         41.5502 
        1.17807          36.805         13.0164         40.9474 
        1.19037         36.6484         12.7043         40.6072 
        1.20276         36.0529         12.4003         40.0594 
        1.21504         35.4253         12.1087         39.6327 
        1.22728         34.8039         11.8277         39.1146 
        1.23954         34.4149          11.555         38.5511 
        1.25184         33.7942         11.2903         38.1761 
        1.26414         33.3629         11.0339          37.671 
        1.27632         33.0682         10.7878         37.2563 
         1.2886         32.7081         10.5475         36.8592 
        1.30093         32.0593         10.3137         36.4061 
        1.31316         31.6146         10.0886         36.0447 
        1.32541         31.3595         9.87031         35.6512 
        1.33772         30.7685         9.65724         35.2675 
        1.35005         30.3886         9.45035          34.912 
        1.36225          29.939         9.25163         34.5652 
        1.37447         29.2616         9.05827         34.1474 
        1.38676         29.2807         8.86956         33.8553 
        1.39907         28.7989         8.68593         33.5202 
        1.41133         28.2497          8.5083          33.132 
        1.42358         27.9753         8.33582         32.7969 
        1.43591         27.5797         8.16695         32.5065 
        1.44818          27.323         8.00369         32.1518 
        1.46037         27.0125         7.84588         31.8136 
        1.47263         26.7525         7.69146         31.5652 
        1.48494         26.3183         7.54061         31.2242 
        1.49724         26.2419         7.39393         30.9356 
        1.50952         25.7425         7.25147         30.6918 
        1.52178         25.4104         7.11297         30.3613 
        1.53409         25.1508         6.97754          30.095 
        1.54637         24.8836         6.84592          29.778 
        1.55858         24.3239         6.71845         29.5338 
        1.57081         24.3523         6.59405          29.286 
        1.58313         24.0565         6.47204         28.9944 
        1.59544         23.6049         6.35318         28.7671 
        1.60767         23.3637         6.23807         28.4679 
        1.61994         23.0513         6.12542         28.2528 
        1.63225         22.9668         6.01533          28.054 
        1.64452         22.5764         5.90825         27.8088 
        1.65676          22.367         5.80411         27.5434 
          1.669         22.1607         5.70241         27.3344 
        1.68133         21.8114          5.6025         27.0922 
        1.69363         21.5617         5.50529         26.7967 
        1.70585         21.3582           5.411         26.6685 
        1.71809          21.045         5.31874         26.4072 
        1.73038          20.902         5.22833         26.2262 
        1.74268         20.6929         5.13998         25.9626 
        1.75493         20.3776         5.05408         25.7808 
        1.76714         20.3132         4.97036         25.5792 
        1.77942         20.0878         4.88811         25.3571 
        1.79173         19.6689         4.80752           25.17 
        1.80402         19.4835         4.72891         25.0261 
         1.8163         19.4094          4.6521          24.752 
         1.8286         19.0977         4.57687          24.601 
         1.8409         18.9054         4.50337         24.4176 
        1.85315         18.7471         4.43173         24.2315 
        1.86537         18.4884          4.3618          24.049 
        1.87765         18.3692         4.29311          23.861 
        1.88995         18.1166         4.22574         23.6661 
        1.90221         17.9633         4.16005         23.4901 
        1.91445         17.7614         4.09587         23.3117 
        1.92674         17.5866         4.03282         23.1434 
        1.93902         17.3763         3.97109         23.0033 
        1.95124         17.1369         3.91099         22.8772 
         1.9635         17.0125         3.85198         22.6596 
        1.97583         16.8448         3.79381         22.4817 
        1.98812         16.6874         3.73707         22.3529 
        2.00039         16.5417          3.6816         22.1845 
        2.01264         16.3619         3.62731         22.0442 
        2.02492          16.203         3.57404         21.8541 
        2.03717         15.9958         3.52192         21.7129 
        2.04942          15.852         3.47091         21.5515 
        2.06171         15.7309         3.42074         21.4036 
        2.07397         15.5859         3.37168         21.2539 
        2.08629         15.4432         3.32337         21.1102 
        2.09857         15.3014         3.27612         20.9701 
        2.11081         15.1057         3.22999         20.8337 
        2.12309         14.9631         3.18463         20.6815 
        2.13538         14.7946         3.14008         20.5351 
        2.14763         14.6536         3.09654         20.4085 
        2.15986         14.6145         3.05392         20.2893 
        2.17214         14.4247         3.01193         20.1416 
        2.18443          14.253         2.97069         20.0052 
        2.19671         14.1482         2.93027         19.8603 
        2.20898         14.0045         2.89065         19.7417 
        2.22126         13.8747         2.85172         19.6157 
        2.23354         13.8193         2.81352          19.474 
         2.2458         13.6358         2.77609          19.381 
        2.25807         13.4874         2.73931         19.2135 
        2.27035         13.3962         2.70316         19.1018 
        2.28263         13.2555         2.66768         18.9758 
         2.2949         13.1781         2.63286         18.8694 
        2.30718         13.0723         2.59865         18.7614 
        2.31946         12.9359         2.56503         18.6275 
        2.33169         12.8126         2.53215         18.5102 
        2.34393         12.7048         2.49979         18.4034 
        2.35622           12.54          2.4679         18.2853 
        2.36847         12.4712         2.43666         18.1662 
        2.38076         12.3326         2.40586         18.0569 
        2.39305         12.2191          2.3756         17.9379 
        2.40534         12.1345         2.34586         17.8108 
        2.41762         12.0306         2.31663         17.7282 
        2.42989         11.9424         2.28795         17.6098 
        2.44216         11.8293         2.25975         17.4923 
         2.4544         11.7737          2.2321         17.3828 
        2.46667         11.6555         2.20484         17.2896 
        2.47897         11.5276         2.17798         17.1715 
        2.49124          11.455         2.15163         17.0711 
        2.50349         11.3483         2.12577         16.9635 
        2.51578         11.2615         2.10024         16.8805 
        2.52805         11.1783         2.07519         16.7754 
        2.54029         11.1114          2.0506         16.6763 
        2.55257         11.0466         2.02634         16.5721 
        2.56487         10.8738         2.00242         16.4703 
        2.57716         10.8272         1.97893         16.3642 
        2.58942         10.7635         1.95586         16.2868 
        2.60167         10.6717         1.93318         16.1925 
        2.61395         10.6371         1.91083         16.0916 
        2.62624         10.5288         1.88881         16.0009 
        2.63849         10.4415          1.8672         15.9177 
        2.65073         10.3746         1.84594         15.8135 
        2.66302          10.304         1.82495         15.7255 
         2.6753         10.2527          1.8043         15.6298 
        2.68756         10.1895           1.784         15.5526 
        2.69983         10.1012         1.76401         15.4521 
        2.71213         10.0392         1.74428         15.3553 
        2.72441          9.9793         1.72488         15.2761 
        2.73665         9.95343         1.70583         15.1837 
         2.7489         9.87717         1.68708         15.0915 
        2.76118         9.77778         1.66855         15.0163 
        2.77349         9.73788         1.65025         14.9307 
        2.78576         9.67973         1.63231           14.85 
        2.79802         9.63146         1.61463         14.7618 
        2.81031         9.58322         1.59718         14.6798 
        2.82259         9.55256         1.57999         14.5976 
        2.83483         9.47684         1.56313          14.517 
         2.8471         9.42803         1.54647         14.4379 
         2.8594         9.40891         1.53001         14.3558 
         2.8717         9.36105         1.51379         14.2741 
        2.88396         9.30858         1.49787         14.1966 
        2.89619          9.2598          1.4822         14.1205 
        2.90847          9.2178          1.4667         14.0417 
        2.92072         9.21571         1.45145         13.9573 
        2.93299         9.14683         1.43641         13.8879 
        2.94526         9.13949         1.42157         13.8151 
        2.95753         9.10306         1.40694         13.7361 
        2.96982         9.05951         1.39249         13.6597 
        2.98209         9.05061         1.37827         13.5834 
        2.99436         9.03371         1.36425         13.5079 
        3.00666          9.0028         1.35039         13.4379 
        3.01894         8.98303         1.33675          13.374 
        3.03119         8.96665         1.32332         13.2969 
        3.04345         8.91395         1.31007         13.2171 
        3.05573         8.94552         1.29698         13.1498 
          3.068         8.91956         1.28408         13.0843 
        3.08026         8.92255         1.27137         13.0053 
        3.09254         8.91788         1.25881          12.941 
        3.10483         8.91432         1.24642         12.8806 
         3.1171          8.9221         1.23421         12.8092 
        3.12933         8.92808         1.22219         12.7386 
        3.14159          8.8909         1.21031         12.6719 
