# k  (h/Mpc)    Pcb(k)  (Mpc/h)^3    Pcb_linear(k) (Mpc/h)^3    Pcb_NL(k) (Mpc/h)^3   ShotnoiseSubtracted = false
      0.0156606         23289.6         23426.7         23235.9 
      0.0273761         19943.5           20253         20019.2 
      0.0384619         15070.6         15257.6         15047.9 
      0.0498308         11627.5         12000.7         11789.1 
      0.0625568         9824.41         10198.8         10011.5 
      0.0751274         8759.36         8664.84         8402.48 
      0.0867833          6778.1         6976.08         6894.19 
      0.0984825         5741.91         5520.62         5591.06 
       0.111151         4918.97         4609.59         4699.26 
       0.123864         4404.46         4154.15         4226.46 
       0.135742         4020.87          3735.6         3807.87 
        0.14762         3504.96         3194.11          3384.8 
       0.160083         2987.24         2662.47            2899 
       0.172465         2663.93         2323.82         2625.33 
       0.184281         2408.99         2142.28         2443.56 
       0.196406          2281.6         1978.39         2253.22 
       0.209011         2139.07         1760.26         2044.34 
       0.221538         1923.92          1538.3         1913.09 
       0.233611         1850.59         1376.38         1796.29 
       0.245665         1675.25         1270.34         1660.67 
       0.258103         1665.72         1182.58         1569.24 
       0.270422         1485.06         1086.65         1476.23 
       0.282519         1406.84         986.197         1401.23 
       0.294636         1377.33         898.534         1329.12 
       0.306978         1262.89         831.295         1275.42 
       0.319417         1241.36         777.212         1203.13 
        0.33169         1165.51         725.444         1141.06 
       0.343948         1121.19         672.166         1106.94 
       0.356249         1065.08           622.2         1067.15 
       0.368458         1019.88          580.35         1022.11 
        0.38068         1006.93         545.351         984.581 
       0.392856         957.669         513.403         951.656 
       0.405069         906.509         482.164         920.235 
       0.417459         871.777         451.916         890.379 
       0.429752         871.122         424.763         859.654 
       0.441978         840.366         400.932         838.653 
       0.454294          804.46         379.291         805.397 
        0.46658         781.768         358.986         789.494 
       0.478753         768.002          339.83          766.46 
       0.490964         738.725         321.837         743.585 
       0.503334         708.051         305.228         727.952 
       0.515665         704.812         290.084         711.376 
       0.527909         674.938         276.103         697.526 
       0.540159         659.282         262.876         680.745 
        0.55248         645.595         250.326         663.507 
       0.564743         639.656         238.704         652.358 
        0.57686         619.867         228.024         635.645 
       0.589077         610.772         217.941         622.087 
       0.601441         594.514         208.354         610.462 
        0.61382         577.329         199.315         599.716 
       0.626067         571.561          190.88         589.133 
       0.638306         550.923         182.937          577.13 
       0.650632         545.707         175.411         564.252 
       0.662899         541.226         168.359         557.237 
       0.675076         524.858         161.749         550.182 
       0.687267         509.281         155.487          537.45 
       0.699615         508.689         149.477         528.983 
       0.711937         496.705         143.797         518.945 
       0.724148          481.08         138.459         512.401 
       0.736433          469.96         133.366         503.581 
       0.748747         463.916         128.522         494.905 
       0.761037         455.809          123.93         489.174 
       0.773197         448.025          119.61         480.873 
       0.785376         442.964          115.49         474.125 
       0.797761         429.617         111.502         467.537 
       0.810096         423.706         107.717         461.486 
       0.822371         413.458         104.126         454.131 
       0.834626         408.828         100.706         449.092 
       0.846916         403.362         97.4315         442.082 
       0.859215         397.415         94.3013         435.576 
       0.871383         388.864         91.3404         429.971 
        0.88363         383.453         88.4897         425.667 
       0.895928         378.633         85.7505         419.155 
       0.908253         369.358         83.1227         412.217 
       0.920535         360.868         80.6143         408.083 
       0.932774         356.065         78.2187         401.789 
        0.94508         350.541         75.9089         397.904 
       0.957324         345.973         73.7041         392.628 
        0.96953         341.581          71.594         387.896 
       0.981769         333.574         69.5615         383.567 
       0.994071          332.25         67.5988         378.976 
         1.0064         326.113         65.7087          373.49 
        1.01868         322.076         63.8967         368.817 
        1.03092         312.618         62.1615         365.627 
         1.0432         309.572         60.4847         361.217 
        1.05553          306.44         58.8636         356.222 
        1.06777         301.718         57.3138         352.129 
           1.08         294.879         55.8217         348.279 
        1.09227         294.418         54.3781         344.127 
         1.1046         288.137         52.9804         340.957 
         1.1169         282.332         51.6344          336.48 
        1.12915          278.05         50.3421          332.95 
        1.14142         272.382         49.0915         329.117 
        1.15365         269.167         47.8873         325.682 
        1.16585         264.746         46.7267         322.089 
        1.17807         262.079         45.6034         318.464 
        1.19037         256.879         44.5098         315.778 
        1.20276         254.075         43.4447         311.683 
        1.21504         248.867         42.4231         308.174 
        1.22728         245.119         41.4386         305.017 
        1.23954         243.519         40.4831         301.749 
        1.25184         237.874         39.5561         298.605 
        1.26414         233.229         38.6577         295.798 
        1.27632         230.782         37.7954         293.035 
         1.2886         228.343         36.9534         289.764 
        1.30093         223.519         36.1342         286.035 
        1.31316         218.792         35.3458          283.44 
        1.32541         217.582         34.5809         280.289 
        1.33772         213.449         33.8344         277.825 
        1.35005         210.878         33.1096         274.678 
        1.36225         206.839         32.4134         272.117 
        1.37447         203.441         31.7359         268.874 
        1.38676         201.462         31.0748         266.976 
        1.39907         198.449         30.4314         263.685 
        1.41133         194.575         29.8091         260.903 
        1.42358         192.099         29.2048         258.461 
        1.43591         189.397         28.6132         256.194 
        1.44818         185.727         28.0412         253.435 
        1.46037         184.179         27.4883         250.723 
        1.47263          180.59         26.9473          248.26 
        1.48494         179.168         26.4188         245.334 
        1.49724         175.706         25.9049         243.837 
        1.50952         172.742         25.4058         240.895 
        1.52178         170.423         24.9205         238.644 
        1.53409         167.556          24.446          236.38 
        1.54637         164.802         23.9849         234.431 
        1.55858         163.006         23.5383         231.975 
        1.57081         160.096         23.1025         229.645 
        1.58313         158.083          22.675         227.324 
        1.59544         155.104         22.2586          225.31 
        1.60767         153.641         21.8553         223.318 
        1.61994         150.962         21.4606         221.018 
        1.63225          148.47         21.0749         218.794 
        1.64452         146.077         20.6997         216.861 
        1.65676         144.266         20.3349         215.023 
          1.669         142.505         19.9786         212.814 
        1.68133         139.635         19.6286         210.869 
        1.69363         137.245          19.288         209.158 
        1.70585         135.103         18.9576         207.162 
        1.71809         133.273         18.6344         204.968 
        1.73038         131.375         18.3176         203.227 
        1.74268         130.199         18.0081         201.244 
        1.75493         127.459         17.7071         199.634 
        1.76714         126.607         17.4138         197.865 
        1.77942         123.967         17.1257         196.074 
        1.79173          122.26         16.8433         194.165 
        1.80402         120.418         16.5679         192.443 
         1.8163         118.349         16.2988         190.926 
         1.8286         116.635         16.0352         189.048 
         1.8409         115.083         15.7777         187.299 
        1.85315         112.941         15.5267         185.755 
        1.86537         111.698         15.2817         184.172 
        1.87765         110.285         15.0411         182.591 
        1.88995         108.348          14.805         180.846 
        1.90221         106.939         14.5749         179.443 
        1.91445         105.267           14.35         177.741 
        1.92674         103.485         14.1291         176.143 
        1.93902         102.301         13.9129         174.556 
        1.95124         100.809         13.7023         173.098 
         1.9635         99.1569         13.4955         171.594 
        1.97583         97.6346         13.2918          170.05 
        1.98812         96.1976         13.0929         168.879 
        2.00039         95.1059         12.8986         167.234 
        2.01264         93.9209         12.7084         165.856 
        2.02492         92.3962         12.5218         164.331 
        2.03717         91.0735         12.3392         163.052 
        2.04942         89.8522         12.1605         161.632 
        2.06171         88.3348         11.9847         160.179 
        2.07397         87.1725         11.8128         158.983 
        2.08629         85.8211         11.6435         157.597 
        2.09857         84.8215          11.478         156.343 
        2.11081         83.4537         11.3164         154.903 
        2.12309         82.3814         11.1575         153.703 
        2.13538         80.9945         11.0014         152.375 
        2.14763         79.8319         10.8488         151.125 
        2.15986         79.0037         10.6995         149.774 
        2.17214         77.8349         10.5524         148.655 
        2.18443         76.9223         10.4079         147.557 
        2.19671          75.932         10.2663         146.264 
        2.20898          74.816         10.1275          144.95 
        2.22126         73.7699          9.9911         143.894 
        2.23354         72.7944         9.85727         142.766 
         2.2458         71.3713         9.72613         141.528 
        2.25807         70.7512         9.59726         140.414 
        2.27035          69.728         9.47061         139.283 
        2.28263         68.8477         9.34632         138.224 
         2.2949         67.5421         9.22431         137.132 
        2.30718         66.5744         9.10445         135.996 
        2.31946         65.8945         8.98666         134.835 
        2.33169         64.8648         8.87146         133.829 
        2.34393         64.2322         8.75811           132.9 
        2.35622          63.218         8.64637         131.748 
        2.36847         62.4549          8.5369         130.825 
        2.38076         61.3562           8.429         129.705 
        2.39305         60.8003         8.32299          128.79 
        2.40534         59.8313         8.21879         127.716 
        2.41762         59.2715          8.1164         126.713 
        2.42989         58.2656          8.0159         125.778 
        2.44216         57.7664         7.91712         124.736 
         2.4544         56.9045         7.82023         123.846 
        2.46667         55.9966         7.72474         122.901 
        2.47897         55.5507         7.63062         121.873 
        2.49124         54.8102         7.53832          120.96 
        2.50349         53.8305         7.44769         120.074 
        2.51578         53.4809         7.35827         119.243 
        2.52805         52.5594         7.27048         118.264 
        2.54029         52.0566         7.18434         117.374 
        2.55257         51.4127         7.09934         116.551 
        2.56487         50.9905         7.01555         115.681 
        2.57716         50.4209         6.93323         114.816 
        2.58942         49.6235         6.85242         113.977 
        2.60167         49.0611         6.77297         113.158 
        2.61395         48.6771         6.69467         112.293 
        2.62624         47.9189         6.61749         111.407 
        2.63849         47.3706         6.54178         110.643 
        2.65073         46.7132         6.46733         109.813 
        2.66302          46.327         6.39377         109.032 
         2.6753         45.6523         6.32141         108.256 
        2.68756         45.3613         6.25031          107.44 
        2.69983         44.8091         6.18025         106.666 
        2.71213         44.2973         6.11112         105.908 
        2.72441         43.8725         6.04318         105.129 
        2.73665         43.3732         5.97643         104.408 
         2.7489         42.9221         5.91073         103.677 
        2.76118         42.5219         5.84581         102.903 
        2.77349         42.0719         5.78171         102.196 
        2.78576          41.644         5.71883         101.455 
        2.79802           41.29         5.65691         100.796 
        2.81031         40.8013         5.59577          100.07 
        2.82259         40.3611         5.53556         99.3227 
        2.83483         39.9527         5.47646         98.6733 
         2.8471         39.4968         5.41811           97.96 
         2.8594         39.1493         5.36043         97.2722 
         2.8717         38.8797         5.30361         96.6425 
        2.88396         38.4876         5.24782         95.9715 
        2.89619         38.1979         5.19294         95.2685 
        2.90847         37.8231         5.13864         94.5717 
        2.92072         37.5182          5.0852         93.9937 
        2.93299          37.314          5.0325         93.3651 
        2.94526         36.9741          4.9805         92.6988 
        2.95753         36.7297         4.92925         92.0639 
        2.96982         36.3321         4.87863         91.4595 
        2.98209         36.1513         4.82883         90.8352 
        2.99436         35.9487         4.77967         90.1938 
        3.00666         35.7494         4.73112         89.5885 
        3.01894         35.5411         4.68334         88.9968 
        3.03119         35.2755         4.63629         88.4294 
        3.04345         35.0344         4.58988         87.8498 
        3.05573         35.0183         4.54401         87.2527 
          3.068         34.7337         4.49882          86.681 
        3.08026         34.5518         4.45429         86.1032 
        3.09254         34.5136         4.41028         85.5432 
        3.10483         34.4279         4.36686         84.9854 
         3.1171         34.2813         4.32408         84.4167 
        3.12933          34.049         4.28199         83.8562 
        3.14159         34.0363         4.24037         83.3024 
