# k  (h/Mpc)    Pcb(k)  (Mpc/h)^3    Pcb_linear(k) (Mpc/h)^3    Pcb_NL(k) (Mpc/h)^3   ShotnoiseSubtracted = false
      0.0156606         240.214         241.011         239.912 
      0.0273761         209.705         208.705         208.307 
      0.0384619         159.217         157.336         157.368 
      0.0498308         125.487         123.796          123.91 
      0.0625568         105.956         105.233         105.205 
      0.0751274         90.3902         89.4174         89.3097 
      0.0867833         72.5917         71.9962         71.9862 
      0.0984825         57.9658         56.9786          57.052 
       0.111151         48.4112         47.5779         47.6388 
       0.123864         43.4541         42.8784         42.8846 
       0.135742         38.9825         38.5591         38.5481 
        0.14762          33.238         32.9705         33.0056 
       0.160083         27.7141         27.4832         27.5454 
       0.172465         24.2227         23.9878         24.0572 
       0.184281         22.3638          22.114         22.1756 
       0.196406          20.521         20.4224         20.4587 
       0.209011         18.3208         18.1708         18.2195 
       0.221538          16.095         15.8797         15.9601 
       0.233611         14.3975         14.2082         14.2985 
       0.245665         13.3706         13.1137           13.19 
       0.258103         12.2493         12.2077         12.2802 
       0.270422         11.3565         11.2175         11.2863 
       0.282519         10.3115         10.1806          10.259 
       0.294636         9.49643         9.27564         9.35971 
       0.306978         8.63199         8.58154         8.66755 
       0.319417         8.13776         8.02325         8.10579 
        0.33169          7.5801         7.48886         7.56747 
       0.343948         7.06933         6.93887         7.01689 
       0.356249         6.49533         6.42308         6.51533 
       0.368458         6.09555         5.99106          6.0711 
        0.38068         5.69678         5.62977          5.7093 
       0.392856         5.36931         5.29996         5.38017 
       0.405069         5.06707         4.97748         5.05244 
       0.417459         4.68318         4.66523         4.74569 
       0.429752         4.43401         4.38493         4.46362 
       0.441978         4.20397         4.13891         4.22319 
       0.454294         3.95394         3.91551         3.99467 
        0.46658         3.77864          3.7059         3.78271 
       0.478753         3.56407         3.50815         3.58405 
       0.490964          3.3987          3.3224         3.40437 
       0.503334         3.23441         3.15095         3.22648 
       0.515665         3.04764         2.99461         3.07471 
       0.527909         2.92265         2.85029         2.92382 
       0.540159         2.76616         2.71374         2.78565 
        0.55248         2.62224         2.58418         2.65212 
       0.564743         2.53488         2.46421         2.53894 
        0.57686         2.41794         2.35395          2.4249 
       0.589077         2.28679         2.24987         2.32415 
       0.601441         2.20018          2.1509         2.22302 
        0.61382         2.10581         2.05759         2.12679 
       0.626067         2.00895         1.97051         2.03872 
       0.638306         1.93413         1.88851         1.95534 
       0.650632         1.86771         1.81082         1.87893 
       0.662899         1.79326         1.73802         1.80319 
       0.675076         1.70462         1.66979         1.73534 
       0.687267         1.63641         1.60514         1.66649 
       0.699615         1.59308          1.5431         1.60372 
       0.711937         1.52596         1.48446         1.54748 
       0.724148         1.47946         1.42936         1.49039 
       0.736433         1.41544         1.37678         1.43476 
       0.748747         1.36604         1.32677         1.38811 
       0.761037         1.31358         1.27937         1.33789 
       0.773197         1.26674         1.23477         1.29446 
       0.785376         1.22226         1.19225         1.25004 
       0.797761         1.18149         1.15107         1.20623 
       0.810096         1.15354           1.112         1.16958 
       0.822371         1.11597         1.07493         1.12923 
       0.834626         1.08105         1.03962         1.09251 
       0.846916         1.04554         1.00582         1.06166 
       0.859215         1.00371        0.973503         1.02909 
       0.871383        0.974017        0.942937        0.995924 
        0.88363        0.944904        0.913509        0.966529 
       0.895928        0.919875        0.885231        0.936865 
       0.908253        0.893287        0.858103        0.909593 
       0.920535        0.866744        0.832209         0.88198 
       0.932774        0.839159        0.807478        0.855647 
        0.94508        0.817022        0.783633        0.831397 
       0.957324        0.795579        0.760872        0.809753 
        0.96953        0.768413        0.739089        0.786752 
       0.981769        0.746571        0.718107        0.763552 
       0.994071        0.727305        0.697845         0.74541 
         1.0064        0.706439        0.678333        0.723883 
        1.01868        0.688413        0.659627        0.705282 
        1.03092        0.673301        0.641714        0.685413 
         1.0432        0.656147        0.624404        0.667891 
        1.05553        0.635571        0.607669        0.651564 
        1.06777        0.618521         0.59167         0.63479 
           1.08        0.606846        0.576266        0.618627 
        1.09227        0.587519        0.561364        0.602813 
         1.1046        0.573507        0.546935        0.588519 
         1.1169        0.559344         0.53304        0.574255 
        1.12915         0.54448        0.519699         0.56013 
        1.14142        0.534729        0.506788        0.546956 
        1.15365        0.521656        0.494357        0.533901 
        1.16585        0.508159        0.482376        0.520987 
        1.17807        0.499167         0.47078        0.509806 
        1.19037        0.482338         0.45949        0.497343 
        1.20276        0.473903        0.448495         0.48516 
        1.21504        0.464444        0.437948        0.476071 
        1.22728        0.455445        0.427785        0.463892 
        1.23954        0.443818        0.417921        0.454605 
        1.25184        0.436168        0.408351        0.444002 
        1.26414        0.425995        0.399077        0.434447 
        1.27632        0.413547        0.390175        0.424682 
         1.2886        0.403508        0.381483        0.415277 
        1.30093        0.395165        0.373026        0.407712 
        1.31316        0.385293        0.364887        0.398565 
        1.32541        0.378196        0.356991        0.390816 
        1.33772        0.370988        0.349285        0.382642 
        1.35005        0.365493        0.341802        0.374867 
        1.36225        0.357415        0.334615        0.366961 
        1.37447        0.350645        0.327621         0.36015 
        1.38676        0.344183        0.320796        0.352486 
        1.39907        0.336907        0.314154        0.345582 
        1.41133        0.328874         0.30773        0.339077 
        1.42358        0.324322        0.301492         0.33181 
        1.43591        0.317952        0.295384        0.326001 
        1.44818        0.311463        0.289479        0.320104 
        1.46037        0.305477        0.283771        0.313385 
        1.47263         0.29949        0.278186        0.307804 
        1.48494        0.293863         0.27273        0.302438 
        1.49724        0.288401        0.267425        0.296873 
        1.50952        0.282575        0.262273        0.290401 
        1.52178        0.278081        0.257263         0.28535 
        1.53409        0.273607        0.252365        0.280495 
        1.54637        0.267536        0.247605        0.275141 
        1.55858         0.26355        0.242994        0.270237 
        1.57081        0.258892        0.238495        0.265365 
        1.58313        0.255061        0.234082        0.260855 
        1.59544        0.250815        0.229783        0.256198 
        1.60767         0.24642         0.22562        0.251811 
        1.61994        0.240882        0.221546        0.247832 
        1.63225        0.236468        0.217564        0.243512 
        1.64452         0.23396        0.213691         0.23916 
        1.65676        0.230627        0.209924        0.235259 
          1.669        0.226789        0.206246         0.23122 
        1.68133         0.22224        0.202633        0.227456 
        1.69363        0.218386        0.199116         0.22393 
        1.70585        0.214815        0.195706        0.219828 
        1.71809        0.211398        0.192369        0.216381 
        1.73038        0.208588          0.1891        0.213091 
        1.74268        0.204249        0.185904        0.209269 
        1.75493         0.20306        0.182797        0.206357 
        1.76714        0.198832        0.179769        0.203078 
        1.77942        0.196433        0.176794        0.199909 
        1.79173        0.193463        0.173879        0.196389 
        1.80402        0.189929        0.171036        0.193728 
         1.8163        0.187454        0.168258        0.190149 
         1.8286        0.184501        0.165537        0.187875 
         1.8409        0.181576        0.162879        0.184669 
        1.85315        0.179593        0.160288        0.181899 
        1.86537        0.175717        0.157758          0.1791 
        1.87765        0.173339        0.155274        0.176649 
        1.88995        0.171965        0.152838        0.173986 
        1.90221        0.169726        0.150462        0.171346 
        1.91445        0.166282         0.14814        0.168936 
        1.92674        0.163971         0.14586        0.166347 
        1.93902        0.161544        0.143627        0.163882 
        1.95124        0.159204        0.141454        0.161504 
         1.9635        0.157199        0.139319        0.159164 
        1.97583        0.155505        0.137216        0.156931 
        1.98812        0.153088        0.135163        0.154698 
        2.00039        0.151758        0.133157        0.152503 
        2.01264         0.14936        0.131193        0.150454 
        2.02492        0.147973        0.129267        0.148273 
        2.03717         0.14513        0.127382        0.146209 
        2.04942        0.143689        0.125537        0.144202 
        2.06171        0.141592        0.123722        0.142167 
        2.07397        0.139399        0.121948        0.140301 
        2.08629        0.137971          0.1202        0.138355 
        2.09857          0.1364        0.118492        0.136508 
        2.11081        0.134847        0.116823        0.134471 
        2.12309        0.132618        0.115183        0.132922 
        2.13538        0.131265        0.113571         0.13109 
        2.14763        0.129783        0.111996        0.129411 
        2.15986        0.127968        0.110455        0.127761 
        2.17214        0.126449        0.108936         0.12604 
        2.18443         0.12543        0.107444        0.124463 
        2.19671        0.123542        0.105983        0.122894 
        2.20898        0.122338         0.10455         0.12123 
        2.22126        0.120522        0.103142        0.119758 
        2.23354        0.119114         0.10176        0.118245 
         2.2458        0.118019        0.100406        0.116536 
        2.25807        0.116716        0.099076        0.115232 
        2.27035         0.11527       0.0977686        0.113832 
        2.28263        0.113876       0.0964854        0.112424 
         2.2949        0.112873       0.0952259        0.110826 
        2.30718        0.111318       0.0939885        0.109562 
        2.31946        0.110448       0.0927725        0.108258 
        2.33169        0.108721       0.0915833        0.106937 
        2.34393         0.10821       0.0904131        0.105712 
        2.35622        0.106992       0.0892596        0.104408 
        2.36847         0.10589       0.0881295        0.103176 
        2.38076        0.104574       0.0870156        0.101958 
        2.39305        0.103723       0.0859212        0.100698 
        2.40534        0.102449       0.0848456       0.0994664 
        2.41762        0.101394       0.0837885       0.0982987 
        2.42989        0.100403       0.0827511        0.097124 
        2.44216       0.0994982       0.0817313       0.0960668 
         2.4544       0.0984183       0.0807311       0.0949666 
        2.46667       0.0973794       0.0797453       0.0938306 
        2.47897       0.0960837       0.0787736       0.0926957 
        2.49124       0.0955255       0.0778208       0.0916713 
        2.50349       0.0944656       0.0768852       0.0905645 
        2.51578       0.0934026       0.0759621       0.0895132 
        2.52805        0.093062       0.0750558       0.0885638 
        2.54029       0.0919687       0.0741665       0.0876175 
        2.55257       0.0912886        0.073289       0.0866328 
        2.56487       0.0904169       0.0724241       0.0856556 
        2.57716       0.0897389       0.0715743       0.0846709 
        2.58942       0.0886765         0.07074       0.0837306 
        2.60167       0.0877893       0.0699198       0.0828337 
        2.61395       0.0870851       0.0691115       0.0818824 
        2.62624       0.0867453       0.0683147       0.0810556 
        2.63849       0.0856391       0.0675331       0.0801535 
        2.65073       0.0849373       0.0667645       0.0793152 
        2.66302       0.0844138       0.0660052       0.0784033 
         2.6753       0.0837088       0.0652582        0.077572 
        2.68756        0.083248       0.0645242       0.0767681 
        2.69983       0.0822634        0.063801       0.0758829 
        2.71213       0.0816356       0.0630874        0.075124 
        2.72441       0.0810093       0.0623859       0.0743543 
        2.73665       0.0802759       0.0616969       0.0735914 
         2.7489       0.0800139       0.0610186       0.0728338 
        2.76118       0.0793391       0.0603484       0.0720415 
        2.77349       0.0786628       0.0596867       0.0713422 
        2.78576       0.0783042       0.0590376        0.070641 
        2.79802       0.0775677       0.0583984       0.0698062 
        2.81031       0.0769461       0.0577672       0.0691213 
        2.82259       0.0764413       0.0571456        0.068455 
        2.83483       0.0760405       0.0565355       0.0677051 
         2.8471       0.0755103       0.0559331        0.067089 
         2.8594       0.0753674       0.0553376       0.0664413 
         2.8717       0.0745806       0.0547511       0.0657135 
        2.88396        0.074284       0.0541752       0.0650753 
        2.89619       0.0737115       0.0536086        0.064449 
        2.90847       0.0733032        0.053048       0.0637841 
        2.92072       0.0727769       0.0524964        0.063151 
        2.93299       0.0724738       0.0519523       0.0625432 
        2.94526       0.0721856       0.0514155       0.0619343 
        2.95753       0.0716314       0.0508864        0.061312 
        2.96982        0.071377       0.0503639       0.0606914 
        2.98209         0.07076       0.0498497       0.0601256 
        2.99436       0.0706769       0.0493423       0.0595782 
        3.00666       0.0703609       0.0488411       0.0589493 
        3.01894       0.0700938       0.0483479       0.0584025 
        3.03119       0.0698795       0.0478621       0.0578775 
        3.04345       0.0694006        0.047383       0.0573273 
        3.05573       0.0694711       0.0469095       0.0567749 
          3.068       0.0691147        0.046443       0.0562392 
        3.08026       0.0688333       0.0459833       0.0557424 
        3.09254       0.0687365       0.0455289       0.0552131 
        3.10483       0.0684898       0.0450806       0.0547011 
         3.1171       0.0684122        0.044639       0.0541876 
        3.12933       0.0680825       0.0442045        0.053645 
        3.14159       0.0678061       0.0437748       0.0531861 
