# k  (h/Mpc)    P(k)  (Mpc/h)^3    P_linear(k)  (Mpc/h)^3     P_NL(k)  ShotnoiseSubtracted = false
      0.0156606         10572.5         10602.7         10537.8 
      0.0273761         9107.92         9154.95         9098.91 
      0.0384619         6906.39         6892.57         6850.62 
      0.0498308         5368.53         5419.24         5379.76 
      0.0625568         4530.01         4604.39         4566.97 
      0.0751274          3988.4         3911.23         3856.29 
      0.0867833         3118.49         3148.62         3134.47 
      0.0984825            2584         2491.53         2513.04 
       0.111151         2185.74         2080.25         2103.32 
       0.123864         1962.46         1874.63         1893.98 
       0.135742         1774.55         1685.71         1705.57 
        0.14762            1525         1441.32         1491.55 
       0.160083         1272.06          1201.4         1260.08 
       0.172465         1132.61         1048.57          1121.8 
       0.184281         1042.88         966.646         1042.74 
       0.196406         959.005         892.685         955.923 
       0.209011         881.533         794.252         862.052 
       0.221538         794.158         694.095         788.313 
       0.233611         737.446          621.03         726.841 
       0.245665          683.04         573.184         668.647 
       0.258103         642.734         533.582         628.439 
       0.270422         587.103         490.298         584.897 
       0.282519         540.097          444.97         544.302 
       0.294636         534.361         405.416         509.786 
       0.306978          475.52         375.076         483.512 
       0.319417         457.603         350.674         454.631 
        0.33169         430.123         327.316         427.667 
       0.343948         410.024         303.276         409.314 
       0.356249         383.522         280.732         390.754 
       0.368458         371.676         261.848         368.375 
        0.38068         355.228         246.059         351.385 
       0.392856         332.788         231.643         336.665 
       0.405069         319.474         217.547         324.476 
       0.417459         305.165           203.9         307.496 
       0.429752         294.609         191.649         295.793 
       0.441978         284.806         180.896         286.428 
       0.454294         266.628         171.132         272.982 
        0.46658         265.519          161.97         264.995 
       0.478753         253.139         153.327         255.499 
       0.490964         244.874         145.208         246.301 
       0.503334         231.267         137.715         238.929 
       0.515665         228.097         130.882         233.234 
       0.527909         221.197         124.574         224.734 
       0.540159         214.609         118.606          218.25 
        0.55248         209.977         112.943         211.451 
       0.564743          204.23           107.7         206.622 
        0.57686         197.174         102.881         200.036 
       0.589077         189.119         98.3318         195.628 
       0.601441         185.909         94.0062         190.766 
        0.61382         183.904         89.9278         185.785 
       0.626067         178.452          86.122         181.258 
       0.638306         170.639         82.5382         177.439 
       0.650632         165.669         79.1427         171.615 
       0.662899         165.723         75.9607         168.423 
       0.675076         159.761         72.9787         164.558 
       0.687267         155.676         70.1531          160.93 
       0.699615         152.238         67.4417         157.651 
       0.711937         148.355         64.8786         154.198 
       0.724148         146.024         62.4704         151.971 
       0.736433         142.091         60.1725         148.325 
       0.748747         138.927         57.9868         145.244 
       0.761037           136.7          55.915         142.117 
       0.773197         133.776         53.9658         140.528 
       0.785376         131.905         52.1073         137.213 
       0.797761         129.513         50.3076         135.425 
       0.810096         125.902            48.6          132.65 
       0.822371         122.415           46.98         130.381 
       0.834626         120.507         45.4369         128.132 
       0.846916         119.293         43.9593         126.142 
       0.859215         117.416          42.547         123.929 
       0.871383         115.339         41.2112         121.847 
        0.88363          112.82          39.925         120.344 
       0.895928         110.686         38.6891         118.601 
       0.908253         107.771         37.5034         116.408 
       0.920535         107.248         36.3717         114.906 
       0.932774         104.401         35.2909         112.889 
        0.94508         103.453         34.2487         111.325 
       0.957324         101.804         33.2539         109.814 
        0.96953         101.596         32.3019         107.979 
       0.981769         98.2775         31.3849         106.945 
       0.994071         97.4663         30.4993         105.384 
         1.0064         95.2007         29.6465         103.853 
        1.01868         94.3742          28.829         102.611 
        1.03092         92.5732         28.0461         101.284 
         1.0432         91.0244         27.2896         99.9061 
        1.05553         88.7222         26.5581         98.9701 
        1.06777         88.6053         25.8589         97.7492 
           1.08         86.8679         25.1857         96.4465 
        1.09227         85.5343         24.5344         95.1733 
         1.1046          84.081         23.9038         94.0253 
         1.1169         83.1137         23.2965         92.7087 
        1.12915         82.0379         22.7134         91.7598 
        1.14142         80.5398         22.1492         90.6295 
        1.15365         78.9705         21.6058         89.5973 
        1.16585         78.0414         21.0822         88.5044 
        1.17807          76.847         20.5754         87.6405 
        1.19037          76.741          20.082         86.7437 
        1.20276         75.0831         19.6015         85.7282 
        1.21504         74.5817         19.1405         84.6918 
        1.22728         72.9366         18.6963         83.8569 
        1.23954         72.3056         18.2652         82.8395 
        1.25184         70.9899          17.847         82.1016 
        1.26414         69.9266         17.4416         81.2133 
        1.27632         69.2703         17.0526         80.5597 
         1.2886         68.2891         16.6727         79.4734 
        1.30093         67.3948         16.3031         78.5416 
        1.31316         66.5463         15.9474         78.0062 
        1.32541         66.0271         15.6023         77.1741 
        1.33772         64.9322         15.2655         76.3731 
        1.35005         64.3364         14.9384         75.6438 
        1.36225         63.2801         14.6243          74.872 
        1.37447         61.8569         14.3187         74.0851 
        1.38676         61.9652         14.0204         73.3087 
        1.39907         60.8739         13.7301         72.7716 
        1.41133         59.7521         13.4493          72.198 
        1.42358         59.0585         13.1767         71.2901 
        1.43591         58.6521         12.9097         70.7053 
        1.44818         57.8032         12.6517         69.9234 
        1.46037         57.1569         12.4022         69.4245 
        1.47263         56.3951         12.1581         68.8588 
        1.48494         55.5846         11.9196         68.1408 
        1.49724         54.8635         11.6878         67.4845 
        1.50952         54.5247         11.4626          66.838 
        1.52178         53.7622         11.2437          66.332 
        1.53409         53.2595         11.0296         65.7563 
        1.54637         52.0918         10.8215         65.1173 
        1.55858         51.4357           10.62         64.4826 
        1.57081         51.1574         10.4234         64.0498 
        1.58313          50.407         10.2305         63.5254 
        1.59544         49.6846         10.0426         62.8864 
        1.60767         49.1336         9.86069         62.3669 
        1.61994         48.3777         9.68262         61.8855 
        1.63225         47.9376         9.50859         61.2549 
        1.64452         47.4228         9.33932          60.819 
        1.65676         46.7216         9.17471         60.2405 
          1.669         46.3798         9.01395         59.8181 
        1.68133         45.9403         8.85603         59.2482 
        1.69363         45.1593         8.70236         58.8245 
        1.70585         44.9004         8.55332         58.3692 
        1.71809         44.0166         8.40747         57.8409 
        1.73038         43.7662         8.26457         57.4168 
        1.74268         43.0618         8.12491         56.8851 
        1.75493         42.6456         7.98911           56.44 
        1.76714         42.0983         7.85678         55.9848 
        1.77942         41.8499         7.72677         55.5584 
        1.79173         41.1863         7.59937         55.0564 
        1.80402         40.7744         7.47511          54.715 
         1.8163         40.2906          7.3537         54.1735 
         1.8286         39.7645         7.23479         53.8611 
         1.8409         39.2998          7.1186         53.3315 
        1.85315         38.9053         7.00536         53.0336 
        1.86537         38.4225         6.89481         52.6089 
        1.87765         38.1164         6.78624         52.1437 
        1.88995         37.5334         6.67974         51.6891 
        1.90221         37.2561         6.57591         51.3021 
        1.91445         36.6305         6.47445         50.9747 
        1.92674         36.3299         6.37479         50.5313 
        1.93902         35.9551         6.27721          50.151 
        1.95124         35.4836         6.18221         49.8286 
         1.9635         35.0327         6.08893         49.4115 
        1.97583           34.72         5.99698         49.1001 
        1.98812         34.1994         5.90729         48.6849 
        2.00039         33.8797          5.8196         48.3089 
        2.01264          33.415         5.73378         48.0014 
        2.02492          33.143         5.64957         47.6357 
        2.03717         32.6972         5.56719         47.2484 
        2.04942         32.3489         5.48657         46.8971 
        2.06171         32.0151         5.40726           46.54 
        2.07397         31.6649          5.3297         46.2199 
        2.08629          31.291         5.25334         45.8703 
        2.09857         30.9892         5.17865         45.5617 
        2.11081         30.5769         5.10573         45.2054 
        2.12309         30.3501         5.03403          44.864 
        2.13538          29.818         4.96361         44.5973 
        2.14763         29.6225         4.89478         44.2475 
        2.15986         29.3549         4.82741         43.9024 
        2.17214          28.951         4.76103         43.6434 
        2.18443         28.6448         4.69584         43.2619 
        2.19671         28.2666         4.63195         42.9721 
        2.20898         27.9279         4.56932         42.6488 
        2.22126         27.8383         4.50779          42.337 
        2.23354          27.455         4.44741         42.0949 
         2.2458           27.13         4.38824         41.7709 
        2.25807          26.744          4.3301         41.4577 
        2.27035         26.4669         4.27296         41.1905 
        2.28263         26.2197         4.21688         40.9118 
         2.2949         25.9687         4.16183          40.624 
        2.30718         25.7215         4.10775         40.3125 
        2.31946         25.4831         4.05461         40.0386 
        2.33169         25.1747         4.00263         39.7599 
        2.34393         24.8703         3.95149         39.4637 
        2.35622         24.6119         3.90108         39.2432 
        2.36847         24.3405         3.85168         38.9249 
        2.38076         24.1404           3.803         38.7015 
        2.39305         23.8147         3.75517         38.4428 
        2.40534          23.631         3.70816         38.1249 
        2.41762         23.3233         3.66196         37.9059 
        2.42989         23.2199         3.61662         37.6183 
        2.44216          22.889         3.57205         37.3855 
         2.4544         22.7083         3.52834         37.1345 
        2.46667         22.4512         3.48525         36.8781 
        2.47897         22.1977         3.44279         36.6294 
        2.49124         22.0437         3.40114         36.3843 
        2.50349         21.7675         3.36025         36.1526 
        2.51578         21.5213         3.31991         35.9153 
        2.52805         21.3512          3.2803         35.6625 
        2.54029         21.1739         3.24144         35.4221 
        2.55257          20.999         3.20308         35.1805 
        2.56487         20.7317         3.16528         34.9556 
        2.57716         20.5958         3.12814         34.7041 
        2.58942         20.3779         3.09168         34.5076 
        2.60167         20.1831         3.05583         34.2673 
        2.61395          19.997          3.0205          34.038 
        2.62624         19.8882         2.98568         33.8189 
        2.63849         19.6841         2.95152         33.6037 
        2.65073         19.4329         2.91793         33.3701 
        2.66302         19.2318         2.88475         33.1691 
         2.6753         19.1636          2.8521         32.9569 
        2.68756         19.0419         2.82002         32.7654 
        2.69983         18.8369         2.78841         32.5155 
        2.71213         18.6276         2.75722         32.3119 
        2.72441         18.5137         2.72657         32.0913 
        2.73665         18.3663         2.69645         31.8828 
         2.7489         18.1666         2.66681         31.6868 
        2.76118         18.0737         2.63752         31.4684 
        2.77349         17.9598          2.6086         31.2826 
        2.78576         17.7484         2.58023         31.0979 
        2.79802         17.6324         2.55229         30.8884 
        2.81031         17.5227         2.52471         30.7001 
        2.82259         17.4304         2.49754         30.5116 
        2.83483         17.2509         2.47087         30.3057 
         2.8471         17.2043         2.44455         30.0993 
         2.8594         17.0548         2.41852         29.9132 
         2.8717         16.9517         2.39289         29.7224 
        2.88396         16.7953         2.36772         29.5293 
        2.89619         16.7565         2.34296         29.3526 
        2.90847         16.6565         2.31846         29.1733 
        2.92072         16.5249         2.29435          28.987 
        2.93299         16.4556         2.27057         28.8225 
        2.94526         16.4033         2.24711         28.6425 
        2.95753          16.334         2.22398         28.4545 
        2.96982         16.2243         2.20115          28.283 
        2.98209         16.1256         2.17867         28.1135 
        2.99436         16.0882          2.1565         27.9378 
        3.00666         15.9919         2.13459         27.7595 
        3.01894         15.9537         2.11304         27.5882 
        3.03119         15.8474         2.09181         27.4192 
        3.04345         15.8629         2.07087          27.254 
        3.05573         15.8426         2.05017          27.089 
          3.068         15.7268         2.02978         26.9171 
        3.08026         15.7174         2.00969         26.7514 
        3.09254         15.6499         1.98984         26.5919 
        3.10483          15.644         1.97024         26.4344 
         3.1171         15.6873         1.95094         26.2793 
        3.12933         15.6202         1.93195         26.1219 
        3.14159          15.536         1.91317         25.9545 
