# k  (h/Mpc)    Pcb(k)  (Mpc/h)^3    Pcb_linear(k) (Mpc/h)^3    Pcb_NL(k) (Mpc/h)^3   ShotnoiseSubtracted = false
      0.0156606         16619.6         16690.9         16572.4 
      0.0273761         14285.1         14432.1         14305.1 
      0.0384619         10821.6         10873.2         10765.8 
      0.0498308          8381.6         8552.65         8446.33 
      0.0625568         7078.82         7268.74         7172.39 
      0.0751274         6278.75          6175.6         6038.55 
      0.0867833         4880.94         4972.05          4931.6 
      0.0984825         4092.18         3934.75         3977.15 
       0.111151         3484.39         3285.44         3334.84 
       0.123864         3125.23         2960.85         3001.36 
       0.135742         2838.92         2662.54         2703.63 
        0.14762         2459.52          2276.6         2385.27 
       0.160083         2070.87         1897.68         2028.97 
       0.172465         1847.14         1656.31         1822.53 
       0.184281         1686.02         1526.92         1695.79 
       0.196406         1571.58         1410.11         1557.89 
       0.209011          1460.2         1254.64          1409.2 
       0.221538         1317.34         1096.43         1306.57 
       0.233611         1247.56         981.023         1217.41 
       0.245665         1138.71         905.447         1121.87 
       0.258103         1107.47         842.893         1057.41 
       0.270422         993.682         774.521         989.952 
       0.282519         928.758         702.921         930.658 
       0.294636           918.7         640.439         878.201 
       0.306978          829.47         592.514         838.635 
       0.319417         806.007         553.966          789.78 
        0.33169         759.538         517.068         745.551 
       0.343948         725.192         479.093          720.31 
       0.356249         683.334          443.48         691.554 
       0.368458         661.726         413.651         656.888 
        0.38068         642.532         388.705         629.824 
       0.392856         606.974         365.934          605.83 
       0.405069         580.066         343.668          587.11 
       0.417459         556.981         322.108         561.537 
       0.429752         545.466         302.755         541.462 
       0.441978         527.242         285.769         526.435 
       0.454294         500.369         270.344         503.929 
        0.46658         489.447         255.871         492.243 
       0.478753         476.072         242.218         476.106 
       0.490964           458.5         229.393         460.745 
       0.503334           434.7         217.555         449.043 
       0.515665         433.669         206.761         439.304 
       0.527909         417.588         196.796         427.672 
       0.540159         407.135         187.368         415.809 
        0.55248         399.222         178.423         404.581 
       0.564743         394.349          170.14         397.212 
        0.57686         379.122         162.527         385.898 
       0.589077         367.201          155.34         377.309 
       0.601441          363.01         148.507         368.999 
        0.61382         355.703         142.064         362.118 
       0.626067         350.319         136.052         354.404 
       0.638306         335.621          130.39         347.624 
       0.650632         330.647         125.026         337.875 
       0.662899         327.949             120         333.764 
       0.675076         315.392         115.289         327.708 
       0.687267         307.617         110.825         320.024 
       0.699615         303.408         106.542         314.661 
       0.711937         298.817         102.493         309.012 
       0.724148         289.449         98.6884         304.391 
       0.736433         283.161         95.0584         298.326 
       0.748747           278.9         91.6055         292.727 
       0.761037         273.821         88.3325         288.287 
       0.773197         270.423         85.2533         284.302 
       0.785376         266.459         82.3173         279.379 
       0.797761         259.945         79.4743         275.129 
       0.810096         257.138         76.7767          271.33 
       0.822371         247.597         74.2175         266.834 
       0.834626         246.981         71.7797         262.979 
       0.846916         241.688         69.4455         259.109 
       0.859215         241.727         67.2144         255.381 
       0.871383         235.239         65.1041         251.534 
        0.88363         233.682         63.0722         248.936 
       0.895928         228.355         61.1198         245.001 
       0.908253         222.251         59.2468         241.011 
       0.920535         221.313         57.4589         237.788 
       0.932774         214.477         55.7514         234.508 
        0.94508         212.442         54.1051         232.061 
       0.957324          211.91         52.5335         228.641 
        0.96953         208.938         51.0295         225.438 
       0.981769          202.56         49.5809         223.302 
       0.994071         201.704         48.1819         220.407 
         1.0064         197.225         46.8347         217.087 
        1.01868          194.58         45.5432         214.554 
        1.03092         190.844         44.3064          212.35 
         1.0432         187.283         43.1113          209.73 
        1.05553         184.645         41.9558         207.111 
        1.06777         184.421         40.8512         205.012 
           1.08         179.882         39.7876         202.411 
        1.09227         177.688         38.7587         200.246 
         1.1046         175.067         37.7625         198.106 
         1.1169          172.08         36.8031         195.392 
        1.12915          169.58          35.882         193.594 
        1.14142         166.909         34.9906         191.071 
        1.15365         164.688         34.1323         189.064 
        1.16585         162.434         33.3051         186.612 
        1.17807          160.29         32.5044         185.208 
        1.19037          159.05         31.7249         183.342 
        1.20276         156.388         30.9658         181.063 
        1.21504         153.714         30.2376         179.119 
        1.22728         150.778         29.5359          176.85 
        1.23954         150.254         28.8549         175.554 
        1.25184         147.412         28.1941         173.541 
        1.26414          145.14         27.5538         171.723 
        1.27632         144.635         26.9392         170.684 
         1.2886         142.352          26.339          168.34 
        1.30093         138.352         25.7551         166.519 
        1.31316         137.453         25.1932         164.657 
        1.32541         135.698          24.648         163.419 
        1.33772         134.444         24.1159         161.652 
        1.35005         132.516         23.5993         159.839 
        1.36225         130.862         23.1031         158.409 
        1.37447         128.717         22.6202         156.584 
        1.38676         127.367          22.149         155.104 
        1.39907         124.891         21.6904         153.588 
        1.41133         123.197         21.2468         152.286 
        1.42358         121.453         20.8161         150.848 
        1.43591         120.342         20.3944         149.156 
        1.44818         119.212         19.9867         147.903 
        1.46037         116.954         19.5927         146.371 
        1.47263         115.826          19.207         145.264 
        1.48494         114.167         18.8303         143.591 
        1.49724         112.604         18.4641          142.24 
        1.50952          110.56         18.1083         140.951 
        1.52178         110.039         17.7624         139.536 
        1.53409         108.111         17.4242          138.37 
        1.54637         106.611         17.0956         137.165 
        1.55858         104.889         16.7772         135.766 
        1.57081         103.526         16.4666         134.611 
        1.58313          102.35         16.1619         133.303 
        1.59544         101.211         15.8651         132.147 
        1.60767         99.8259         15.5777         130.866 
        1.61994         98.2325         15.2963         129.966 
        1.63225         96.9711         15.0214          128.41 
        1.64452          95.351          14.754         127.303 
        1.65676          94.071          14.494         126.271 
          1.669         93.4724           14.24         125.245 
        1.68133          91.823         13.9905         124.062 
        1.69363         90.9273         13.7477         123.011 
        1.70585         89.3803         13.5123         121.887 
        1.71809         88.1918         13.2819         120.769 
        1.73038         87.4769         13.0561         119.722 
        1.74268         86.1603         12.8355         118.655 
        1.75493         85.1213          12.621         117.595 
        1.76714         83.7789         12.4119          116.65 
        1.77942         82.9993         12.2065          115.53 
        1.79173         81.6365         12.0053         114.625 
        1.80402         81.0044          11.809          113.68 
         1.8163         79.6151         11.6172         112.546 
         1.8286         78.5179         11.4293         111.648 
         1.8409         77.8093         11.2458         110.682 
        1.85315         76.5864         11.0669         109.811 
        1.86537         75.7403         10.8922          108.87 
        1.87765         75.0503         10.7207         107.868 
        1.88995         73.8208         10.5525         107.044 
        1.90221         72.9005         10.3884         106.116 
        1.91445         71.6321         10.2282         105.201 
        1.92674         70.7909         10.0707         104.355 
        1.93902         69.9092         9.91658         103.415 
        1.95124         69.3606         9.76649         102.652 
         1.9635         68.2426         9.61912         101.637 
        1.97583         67.3848         9.47387         100.946 
        1.98812         66.5584         9.33217         100.064 
        2.00039         65.5054         9.19365         99.2334 
        2.01264         65.0154         9.05808         98.3967 
        2.02492         64.0364         8.92505         97.6009 
        2.03717         63.0482         8.79491         96.7395 
        2.04942         62.6143         8.66753         96.0629 
        2.06171         61.4136         8.54225         95.2259 
        2.07397          60.802         8.41972         94.5019 
        2.08629         60.2131         8.29908         93.6774 
        2.09857         59.3193          8.1811         92.9432 
        2.11081         58.2704         8.06589         92.1053 
        2.12309         57.9355         7.95263         91.4789 
        2.13538         57.0165         7.84138         90.7058 
        2.14763         56.3437         7.73264         89.9848 
        2.15986         55.3042         7.62621         89.2477 
        2.17214         54.8945         7.52135         88.5266 
        2.18443         54.2808         7.41836         87.9173 
        2.19671         53.3442         7.31743         87.1601 
        2.20898         53.1517          7.2185         86.4688 
        2.22126         52.2793         7.12129         85.7532 
        2.23354         51.5849          7.0259         85.1223 
         2.2458         50.9971         6.93243          84.488 
        2.25807          50.407         6.84058         83.7653 
        2.27035         49.8597         6.75031          83.109 
        2.28263         49.0157         6.66171         82.4484 
         2.2949         48.6419         6.57475          81.818 
        2.30718         47.8102         6.48932         81.2177 
        2.31946          47.288         6.40536         80.6013 
        2.33169         46.6877         6.32325         79.9735 
        2.34393         45.9451         6.24246         79.3673 
        2.35622         45.6873         6.16282         78.7472 
        2.36847         45.0863         6.08479         78.2003 
        2.38076         44.4899         6.00788         77.5379 
        2.39305          43.954         5.93232         76.9913 
        2.40534         43.5016         5.85805          76.358 
        2.41762         43.0867         5.78507         75.7469 
        2.42989         42.4527         5.71344         75.2496 
        2.44216         42.0835         5.64303          74.655 
         2.4544         41.5688         5.57398         74.0855 
        2.46667         41.1332         5.50591         73.5023 
        2.47897         40.6434         5.43882         72.9726 
        2.49124         40.0985         5.37304         72.4418 
        2.50349         39.5811         5.30844          71.879 
        2.51578         39.1008          5.2447         71.4086 
        2.52805         38.8951         5.18213         70.8488 
        2.54029         38.3506         5.12073         70.2929 
        2.55257         37.7838         5.06015         69.8055 
        2.56487         37.5243         5.00043         69.3233 
        2.57716         37.0316         4.94175         68.8334 
        2.58942         36.5841         4.88415         68.3053 
        2.60167         36.1448         4.82753         67.8008 
        2.61395          35.782         4.77171         67.3155 
        2.62624          35.524          4.7167         66.8104 
        2.63849         35.1874         4.66274         66.3491 
        2.65073         34.8124         4.60967         65.8432 
        2.66302         34.3349         4.55725         65.3714 
         2.6753         33.9563         4.50567         64.9134 
        2.68756         33.4815         4.45499         64.4173 
        2.69983         33.3005         4.40506         64.0002 
        2.71213         32.9732         4.35579         63.5634 
        2.72441         32.6834         4.30736         63.0916 
        2.73665         32.3224         4.25978         62.6351 
         2.7489         32.1676         4.21295         62.1984 
        2.76118         31.6698         4.16668         61.7721 
        2.77349         31.5431         4.12099         61.3374 
        2.78576         31.3029         4.07617         60.8852 
        2.79802         30.8396         4.03204         60.4971 
        2.81031         30.5691         3.98846         60.0697 
        2.82259         30.4059         3.94554         59.6283 
        2.83483         30.0586         3.90342         59.2279 
         2.8471         29.7248         3.86183         58.8273 
         2.8594         29.6212         3.82072         58.4223 
         2.8717         29.3219         3.78022         58.0194 
        2.88396         29.0729         3.74046         57.6001 
        2.89619         28.8167         3.70134          57.195 
        2.90847         28.6448         3.66263         56.8229 
        2.92072         28.4092         3.62455         56.4312 
        2.93299         28.2711         3.58698          56.043 
        2.94526         28.0041         3.54992         55.6813 
        2.95753         27.8574         3.51339         55.3092 
        2.96982         27.7775         3.47731         54.9306 
        2.98209         27.4911         3.44181         54.5672 
        2.99436         27.3055         3.40678         54.1838 
        3.00666         27.2352         3.37217         53.8308 
        3.01894         27.0052         3.33812         53.4521 
        3.03119          26.918         3.30458         53.1048 
        3.04345         26.7411          3.2715         52.7756 
        3.05573         26.6995         3.23881         52.4266 
          3.068         26.5591          3.2066         52.0751 
        3.08026         26.3857         3.17486         51.7248 
        3.09254         26.3103         3.14349         51.3856 
        3.10483         26.3193         3.11253         51.0566 
         3.1171         26.2592         3.08204         50.7243 
        3.12933         26.1646         3.05204         50.3867 
        3.14159         26.0329         3.02238          50.054 
