# k  (h/Mpc)    P(k)  (Mpc/h)^3    P_linear(k)  (Mpc/h)^3     P_NL(k)  ShotnoiseSubtracted = false
      0.0156606         18723.4         18762.6         18623.4 
      0.0273761         16047.1         16195.7         16039.6 
      0.0384619         12135.6           12191         12056.1 
      0.0498308         9381.13         9583.81         9449.24 
      0.0625568         7920.47         8141.89         8020.97 
      0.0751274         7036.54         6915.69         6744.74 
      0.0867833         5459.76            5567         5515.35 
      0.0984825         4592.89         4405.04         4455.17 
       0.111151         3918.18         3677.79         3737.79 
       0.123864          3511.9         3314.19          3363.1 
       0.135742         3195.13         2980.13         3029.49 
        0.14762         2774.18         2548.05         2679.15 
       0.160083         2344.33         2123.87         2283.72 
       0.172465         2091.04         1853.68         2056.63 
       0.184281         1902.37         1708.84         1913.82 
       0.196406         1782.35         1578.08         1759.98 
       0.209011         1661.08         1404.06         1593.37 
       0.221538         1497.45            1227         1482.15 
       0.233611         1426.29         1097.83         1384.68 
       0.245665         1296.96         1013.25         1277.09 
       0.258103         1272.38          943.24         1204.65 
       0.270422         1137.42         866.721         1129.56 
       0.282519         1068.35         786.592         1065.18 
       0.294636         1053.79         716.668         1006.94 
       0.306978         956.434         663.035         963.132 
       0.319417         932.828         619.897         907.491 
        0.33169         878.195         578.605         857.822 
       0.343948         840.155         536.108         830.143 
       0.356249         793.551         496.256         798.107 
       0.368458         766.028         462.875         760.046 
        0.38068         748.301         434.962         729.787 
       0.392856         708.508         409.479          702.97 
       0.405069         674.851         384.561         681.098 
       0.417459         648.622         360.436         653.823 
       0.429752         639.592          338.78         630.724 
       0.441978         617.579         319.772         613.916 
       0.454294         588.159         302.511         588.222 
        0.46658          572.92         286.315         575.367 
       0.478753         559.651         271.036         557.112 
       0.490964         538.172         256.684          539.61 
       0.503334         512.477         243.439          526.65 
       0.515665         511.346         231.361         515.152 
       0.527909         491.186          220.21         502.766 
       0.540159         478.696          209.66         489.246 
        0.55248         469.294          199.65         476.296 
       0.564743         465.018         190.381         467.991 
        0.57686         447.617         181.863         455.108 
       0.589077         435.864         173.821         444.919 
       0.601441         429.164         166.175         435.622 
        0.61382         418.821         158.965         427.906 
       0.626067         413.323         152.238         419.236 
       0.638306         397.184         145.903         411.068 
       0.650632         392.512           139.9         400.212 
       0.662899         389.005         134.276         395.526 
       0.675076         374.572         129.004         389.107 
       0.687267         364.893         124.009         379.836 
       0.699615         361.102         119.217         373.738 
       0.711937         355.435         114.686         366.961 
       0.724148         343.494         110.429         361.635 
       0.736433         335.621         106.367         354.782 
       0.748747         331.146         102.503         348.296 
       0.761037         324.847         98.8407         343.533 
       0.773197         320.865         95.3951         338.432 
       0.785376         315.904         92.1099         333.094 
       0.797761         307.432         88.9285         327.826 
       0.810096         304.823         85.9101          323.64 
       0.822371           294.4         83.0464         318.298 
       0.834626         292.904         80.3185         314.079 
       0.846916           286.7         77.7067         309.327 
       0.859215          286.13         75.2102         304.909 
       0.871383         278.631         72.8487         300.598 
        0.88363         276.877         70.5752         297.504 
       0.895928         271.132         68.3905         292.772 
       0.908253         264.178         66.2946         288.084 
       0.920535         261.755         64.2941          284.42 
       0.932774         255.171         62.3834         280.416 
        0.94508         252.099         60.5412         277.496 
       0.957324         250.941         58.7828         273.602 
        0.96953         247.256         57.0998         270.047 
       0.981769         240.179         55.4789         267.296 
       0.994071          239.25         53.9134         263.912 
         1.0064          234.06          52.406          260.02 
        1.01868         231.191         50.9608          256.79 
        1.03092         225.244         49.5769         254.358 
         1.0432         221.864         48.2396         251.259 
        1.05553          219.07         46.9466         247.951 
        1.06777         218.144         45.7106         245.366 
           1.08         212.743         44.5206         242.447 
        1.09227         210.508         43.3692         239.641 
         1.1046         207.266         42.2545         237.243 
         1.1169         202.765          41.181         233.998 
        1.12915         200.036         40.1503         231.877 
        1.14142          196.74         39.1529         228.921 
        1.15365         194.004         38.1924         226.509 
        1.16585         190.941         37.2669         223.699 
        1.17807         188.645          36.371         221.791 
        1.19037         186.554         35.4987         219.711 
        1.20276         183.857         34.6493           216.9 
        1.21504         179.962         33.8345         214.548 
        1.22728         176.804         33.0493         211.821 
        1.23954         176.182         32.2872         210.253 
        1.25184         172.694         31.5479         207.889 
        1.26414         169.619         30.8314         205.784 
        1.27632         168.924         30.1437         204.253 
         1.2886         167.166         29.4721         201.654 
        1.30093         162.336         28.8188         199.358 
        1.31316         159.856           28.19         197.125 
        1.32541         158.529         27.5799         195.503 
        1.33772         156.893         26.9846         193.467 
        1.35005         154.362         26.4065         191.297 
        1.36225         151.899         25.8512         189.547 
        1.37447         149.795         25.3109         187.258 
        1.38676         147.953         24.7836         185.704 
        1.39907         145.509         24.2705         183.694 
        1.41133         143.184         23.7742         182.009 
        1.42358         141.373         23.2922         180.298 
        1.43591         139.688         22.8204         178.401 
        1.44818         137.712         22.3642         176.766 
        1.46037         135.743         21.9232         174.913 
        1.47263         134.034         21.4917         173.527 
        1.48494          131.98         21.0702          171.42 
        1.49724         130.172         20.6604         170.045 
        1.50952         127.788         20.2623         168.376 
        1.52178          127.22         19.8753         166.557 
        1.53409         124.443         19.4969         165.189 
        1.54637         122.994         19.1291           163.8 
        1.55858         120.821         18.7729         162.038 
        1.57081         119.155         18.4253         160.661 
        1.58313         117.626         18.0844         159.032 
        1.59544          115.87         17.7523         157.648 
        1.60767          114.79         17.4306         156.164 
        1.61994         112.703         17.1159         154.919 
        1.63225         111.317         16.8082         153.161 
        1.64452         109.247          16.509          151.79 
        1.65676         107.648          16.218         150.532 
          1.669          106.97         15.9339         149.257 
        1.68133          104.63         15.6547         147.881 
        1.69363         103.389         15.3831         146.562 
        1.70585         101.504         15.1196          145.26 
        1.71809         100.323         14.8618         143.757 
        1.73038         99.5977         14.6092           142.6 
        1.74268         98.3857         14.3623         141.257 
        1.75493         96.1939         14.1223          140.03 
        1.76714         95.2125         13.8883         138.898 
        1.77942          93.805         13.6585         137.493 
        1.79173         92.4512         13.4333         136.408 
        1.80402           91.69         13.2137          135.22 
         1.8163         89.7621         12.9991         133.966 
         1.8286           88.55         12.7889         132.786 
         1.8409         87.9186         12.5835         131.587 
        1.85315         86.3608         12.3833         130.539 
        1.86537         85.3529         12.1879          129.45 
        1.87765         84.5518          11.996          128.32 
        1.88995         83.0981         11.8077         127.221 
        1.90221         81.9549         11.6242         126.144 
        1.91445         80.8984         11.4448         124.973 
        1.92674         79.5184         11.2686         123.944 
        1.93902         78.5259         11.0962         122.835 
        1.95124         77.6993         10.9282         121.837 
         1.9635         76.4656         10.7633         120.714 
        1.97583         75.3094         10.6008         119.801 
        1.98812         74.3406         10.4422         118.804 
        2.00039         73.4235         10.2872         117.762 
        2.01264         72.6194         10.1355         116.783 
        2.02492         71.6979         9.98669         115.779 
        2.03717         70.4848         9.84107          114.79 
        2.04942         70.1355         9.69854         113.945 
        2.06171         68.5211         9.55836         112.951 
        2.07397         67.7579         9.42125         112.054 
        2.08629         66.9712         9.28626         111.078 
        2.09857         65.9387         9.15425         110.193 
        2.11081         64.9114         9.02534         109.177 
        2.12309         64.1329         8.89861          108.43 
        2.13538         63.3334         8.77412         107.486 
        2.14763          62.469         8.65244         106.625 
        2.15986         61.3881         8.53335         105.713 
        2.17214         60.8791         8.41602          104.84 
        2.18443         60.1315         8.30078         104.145 
        2.19671         58.9883         8.18784         103.252 
        2.20898         58.6594         8.07714         102.378 
        2.22126          57.757         7.96837         101.551 
        2.23354          57.074         7.86164         100.777 
         2.2458         56.1913         7.75705         99.9954 
        2.25807         55.4354         7.65427         99.1535 
        2.27035         54.8108         7.55326         98.3488 
        2.28263         54.0467         7.45413         97.5752 
         2.2949         53.4499         7.35682         96.8143 
        2.30718         52.4633         7.26123          96.085 
        2.31946         52.1388         7.16728         95.2942 
        2.33169           51.21         7.07541         94.5634 
        2.34393         50.6699           6.985         93.8592 
        2.35622         49.9786         6.89589         93.1178 
        2.36847         49.5276         6.80858         92.4824 
        2.38076         48.6495         6.72252         91.6492 
        2.39305         48.1046         6.63797         91.0203 
        2.40534         47.5856         6.55487          90.273 
        2.41762         47.0054         6.47321          89.535 
        2.42989         46.4266         6.39306         88.9266 
        2.44216         45.8964         6.31427         88.2011 
         2.4544         45.2804           6.237         87.5335 
        2.46667         44.7589         6.16084         86.8447 
        2.47897          44.277         6.08577         86.1837 
        2.49124         43.6938         6.01216         85.5705 
        2.50349         43.3825         5.93988         84.8943 
        2.51578         42.6686         5.86856         84.3436 
        2.52805         42.1872         5.79855         83.6487 
        2.54029         41.7631         5.72985          82.976 
        2.55257         41.1525         5.66205         82.4119 
        2.56487         40.8113         5.59523         81.8388 
        2.57716           40.24         5.52958         81.2368 
        2.58942         39.6874         5.46512         80.6121 
        2.60167          39.387         5.40176         80.0274 
        2.61395          38.807         5.33931          79.448 
        2.62624         38.5623         5.27776         78.8133 
        2.63849         38.0481         5.21737         78.2618 
        2.65073         37.7017         5.15799         77.6823 
        2.66302         37.1981         5.09933         77.1054 
         2.6753         36.7701         5.04162         76.5653 
        2.68756         36.3808         4.98491         75.9885 
        2.69983         36.0219         4.92904          75.482 
        2.71213         35.6547         4.87391         74.9503 
        2.72441         35.2887         4.81972         74.3961 
        2.73665         34.7823         4.76648         73.8618 
         2.7489         34.6513         4.71408          73.341 
        2.76118         34.1648         4.66231         72.8307 
        2.77349         33.8796         4.61119         72.3064 
        2.78576         33.6193         4.56103         71.7653 
        2.79802         33.2331         4.51165         71.3286 
        2.81031         32.8493         4.46289         70.8048 
        2.82259         32.7819         4.41487         70.2811 
        2.83483         32.3215         4.36773         69.8281 
         2.8471         31.9949         4.32119         69.3363 
         2.8594         31.7535         4.27519         68.8308 
         2.8717         31.5804         4.22988         68.3707 
        2.88396          31.215         4.18538         67.8882 
        2.89619         31.0769         4.14161         67.3855 
        2.90847         30.7423          4.0983         66.9219 
        2.92072         30.5541         4.05569         66.4902 
        2.93299         30.3691         4.01366         66.0364 
        2.94526         30.0571         3.97218         65.5909 
        2.95753         29.8696         3.93131         65.1396 
        2.96982         29.7273         3.89094         64.6952 
        2.98209         29.4516         3.85121         64.2662 
        2.99436         29.2591         3.81201          63.802 
        3.00666         29.1972         3.77329         63.3857 
        3.01894         28.9334         3.73519         62.9472 
        3.03119         28.8102         3.69766         62.5385 
        3.04345         28.6928         3.66065         62.1444 
        3.05573         28.4321         3.62406         61.7279 
          3.068         28.4368         3.58802         61.3124 
        3.08026           28.27         3.55251         60.8999 
        3.09254         28.1524         3.51741         60.5003 
        3.10483         28.1449         3.48277         60.1091 
         3.1171          27.935         3.44865         59.7129 
        3.12933         27.9203         3.41508         59.3089 
        3.14159         27.7895         3.38189         58.9067 
