# k  (h/Mpc)    Pcb(k)  (Mpc/h)^3    Pcb_linear(k) (Mpc/h)^3    Pcb_NL(k) (Mpc/h)^3   ShotnoiseSubtracted = false
      0.0156606         21474.5         21591.6         21421.8 
      0.0273761           18408         18667.3         18465.2 
      0.0384619         13921.2         14063.3         13884.2 
      0.0498308         10753.3         11061.4         10881.4 
      0.0625568          9086.2         9400.68          9240.4 
      0.0751274         8092.51          7986.8         7761.61 
      0.0867833         6269.61         6430.21         6360.58 
      0.0984825          5298.8         5088.65         5150.87 
       0.111151         4533.15         4248.91         4326.31 
       0.123864         4061.87         3829.11         3891.74 
       0.135742          3703.6         3443.32         3506.12 
        0.14762         3224.51          2944.2         3110.75 
       0.160083         2739.96         2454.15         2659.54 
       0.172465         2444.02            2142         2403.52 
       0.184281         2215.88         1974.67         2236.96 
       0.196406         2090.43          1823.6         2060.51 
       0.209011          1956.3         1622.54         1867.91 
       0.221538         1761.92         1417.94         1744.37 
       0.233611         1689.21         1268.69         1635.01 
       0.245665         1531.48         1170.95          1510.1 
       0.258103         1516.26         1090.05            1426 
       0.270422         1353.13         1001.63         1339.88 
       0.282519         1278.17         909.038         1268.76 
       0.294636         1255.73         828.234         1202.03 
       0.306978          1147.3         766.255          1152.1 
       0.319417         1124.93         716.404         1086.34 
        0.33169         1057.81         668.686         1028.97 
       0.343948         1015.49         619.576         997.432 
       0.356249         962.896          573.52         960.617 
       0.368458         925.484         534.944         918.126 
        0.38068         910.651         502.684         883.326 
       0.392856         864.862         473.235         852.658 
       0.405069         820.997          444.44         825.232 
       0.417459         789.982         416.559         796.181 
       0.429752         785.974          391.53         768.464 
       0.441978         758.579         369.564          749.09 
       0.454294         725.427         349.616         718.701 
        0.46658         705.179         330.899         704.043 
       0.478753         691.901         313.242         682.811 
       0.490964         665.413         296.657         662.055 
       0.503334         636.964         281.348         647.408 
       0.515665         634.926         267.388         632.925 
       0.527909         608.956         254.501         619.611 
       0.540159         594.249         242.309         603.975 
        0.55248          582.64         230.741         588.371 
       0.564743         578.184         220.029         578.431 
        0.57686          558.76         210.184         563.221 
       0.589077         548.302          200.89         550.851 
       0.601441          536.55         192.053         540.151 
        0.61382         521.972         183.721         530.763 
       0.626067         516.589         175.946         520.865 
       0.638306         497.756         168.624         510.376 
       0.650632         493.257         161.687         498.191 
       0.662899         489.328         155.187         492.229 
       0.675076         473.269         149.095         485.431 
       0.687267         460.166         143.322         473.946 
       0.699615         458.319         137.783         466.493 
       0.711937         449.581         132.546          457.78 
       0.724148         434.963         127.626         451.631 
       0.736433         424.892         122.932         443.605 
       0.748747         419.698         118.467         435.782 
       0.761037         412.308         114.234         430.477 
       0.773197         406.586         110.252         423.493 
       0.785376         401.254         106.455         417.378 
       0.797761         389.545         102.778         411.091 
       0.810096         385.957         99.2895         405.927 
       0.822371         375.277         95.9799         399.331 
       0.834626         372.118         92.8272         394.625 
       0.846916         365.979         89.8086         388.464 
       0.859215         362.652         86.9233         382.829 
       0.871383         354.363         84.1941         377.776 
        0.88363         351.056         81.5665         373.952 
       0.895928         345.678         79.0416         368.117 
       0.908253         337.137         76.6193         362.124 
       0.920535          331.57         74.3073         358.113 
       0.932774         326.176         72.0991         352.751 
        0.94508         321.456           69.97         349.184 
       0.957324         318.888         67.9376         344.518 
        0.96953         314.774         65.9926         340.342 
       0.981769         307.083         64.1192         336.597 
       0.994071         306.069           62.31         332.485 
         1.0064         300.227         60.5678         327.652 
        1.01868         296.996         58.8976         323.473 
        1.03092         288.263         57.2981         320.632 
         1.0432          285.57         55.7525         316.755 
        1.05553          282.46         54.2582         312.418 
        1.06777         279.329         52.8297          308.95 
           1.08          273.01         51.4543         305.517 
        1.09227         272.024         50.1237         301.844 
         1.1046         267.037         48.8353         298.958 
         1.1169         261.172         47.5947         294.972 
        1.12915         257.823         46.4035         292.071 
        1.14142         252.829         45.2507          288.57 
        1.15365         250.137         44.1407         285.535 
        1.16585         245.786         43.0709          282.29 
        1.17807         243.466         42.0355         279.373 
        1.19037         239.806         41.0274         276.983 
        1.20276         236.699         40.0457         273.361 
        1.21504         231.773          39.104         270.315 
        1.22728         228.452         38.1965         267.221 
        1.23954         227.313         37.3158         264.745 
        1.25184         222.274         36.4613          261.92 
        1.26414         217.917         35.6332          259.42 
        1.27632         216.568         34.8384         257.105 
         1.2886         214.935         34.0623          254.13 
        1.30093         209.719         33.3071         250.972 
        1.31316         205.457         32.5805         248.455 
        1.32541          204.43         31.8754         245.957 
        1.33772         201.209         31.1873         243.654 
        1.35005         198.803         30.5192         240.909 
        1.36225         195.102         29.8774         238.658 
        1.37447         192.235          29.253         235.739 
        1.38676         190.393         28.6436         234.055 
        1.39907          187.65         28.0505         231.246 
        1.41133         184.233         27.4769         228.876 
        1.42358         182.107         26.9199          226.72 
        1.43591         179.932         26.3745         224.628 
        1.44818         176.553         25.8473         222.321 
        1.46037         175.083         25.3377          219.94 
        1.47263         171.785          24.839         217.955 
        1.48494         170.187         24.3518         215.304 
        1.49724         167.528         23.8781         213.901 
        1.50952         164.462         23.4181         211.524 
        1.52178         163.164         22.9708         209.307 
        1.53409         160.047         22.5334         207.472 
        1.54637         157.844         22.1084         205.759 
        1.55858         156.026         21.6967         203.538 
        1.57081         153.446          21.295         201.644 
        1.58313         151.463          20.901          199.59 
        1.59544         148.729         20.5171         197.805 
        1.60767         147.498         20.1454         196.042 
        1.61994          145.01         19.7816         194.149 
        1.63225         142.889          19.426         192.146 
        1.64452         140.601         19.0802         190.437 
        1.65676          138.77         18.7439         188.794 
          1.669         137.348         18.4155         186.991 
        1.68133         134.711         18.0929         185.286 
        1.69363         132.434         17.7789           183.7 
        1.70585         130.401         17.4744         182.032 
        1.71809         128.821         17.1765         180.066 
        1.73038         127.483         16.8845         178.597 
        1.74268         126.309         16.5992         176.852 
        1.75493          123.12         16.3218         175.404 
        1.76714         122.707         16.0514         173.898 
        1.77942         120.256         15.7858         172.222 
        1.79173         118.388         15.5255         170.672 
        1.80402         117.108         15.2717         169.152 
         1.8163         114.842         15.0236         167.773 
         1.8286         113.459         14.7807         166.149 
         1.8409         112.383         14.5433         164.605 
        1.85315         110.036          14.312          163.26 
        1.86537         109.166         14.0861         161.899 
        1.87765         107.816         13.8643         160.516 
        1.88995          105.84         13.6467         158.994 
        1.90221         104.629         13.4346         157.744 
        1.91445         103.169         13.2273         156.219 
        1.92674         101.609         13.0237         154.865 
        1.93902         100.317         12.8244         153.471 
        1.95124         99.0384         12.6303         152.177 
         1.9635         97.4202         12.4397         150.847 
        1.97583          95.971         12.2518         149.548 
        1.98812         94.6844         12.0686         148.449 
        2.00039         93.6336         11.8894         147.037 
        2.01264         92.4811         11.7141          145.83 
        2.02492         91.4111         11.5421         144.501 
        2.03717         89.9202         11.3738          143.36 
        2.04942         88.9696         11.2091         142.158 
        2.06171         87.2613          11.047         140.911 
        2.07397         86.3565         10.8886         139.819 
        2.08629          85.158         10.7326           138.6 
        2.09857         84.0757           10.58         137.485 
        2.11081         82.6992          10.431         136.217 
        2.12309         81.6476         10.2845         135.202 
        2.13538         80.4622         10.1407         134.011 
        2.14763         79.4211              10         132.934 
        2.15986         78.4385         9.86239         131.752 
        2.17214         77.4482         9.72679         130.719 
        2.18443           76.45          9.5936         129.809 
        2.19671         75.4508         9.46307         128.684 
        2.20898         74.5947         9.33513         127.532 
        2.22126         73.4786         9.20942         126.585 
        2.23354         72.6589         9.08606          125.57 
         2.2458         71.2589         8.96518         124.536 
        2.25807         70.5541         8.84639         123.526 
        2.27035         69.5379         8.72966         122.519 
        2.28263          68.689         8.61508         121.582 
         2.2949         67.4727         8.50262         120.623 
        2.30718         66.5865         8.39214         119.651 
        2.31946         66.0639         8.28356         118.625 
        2.33169          64.964         8.17738         117.732 
        2.34393         64.5099          8.0729         116.896 
        2.35622         63.2852          7.9699         115.914 
        2.36847         62.7886         7.86899         115.122 
        2.38076         61.6838         7.76953         114.087 
        2.39305         61.0868         7.67181         113.313 
        2.40534         60.2247         7.57577         112.371 
        2.41762         59.5173         7.48139         111.465 
        2.42989         58.6327         7.38876         110.666 
        2.44216         58.0707          7.2977         109.739 
         2.4544         57.1651          7.2084          108.94 
        2.46667         56.4741         7.12038         108.107 
        2.47897         55.8807         7.03361         107.223 
        2.49124          55.326         6.94854         106.436 
        2.50349         54.5588           6.865         105.636 
        2.51578         53.9678         6.78257         104.929 
        2.52805         53.2714         6.70166         104.045 
        2.54029         52.7451         6.62225         103.242 
        2.55257         52.0306          6.5439         102.534 
        2.56487          51.767         6.46667          101.78 
        2.57716         51.0644         6.39079         101.014 
        2.58942         50.3025          6.3163         100.268 
        2.60167         49.7168         6.24307          99.537 
        2.61395         49.3561         6.17089         98.7911 
        2.62624         48.5298         6.09975         98.0066 
        2.63849         48.0383         6.02996         97.3141 
        2.65073         47.4838         5.96134         96.6089 
        2.66302         47.0233         5.89354         95.8802 
         2.6753         46.5225         5.82683         95.2156 
        2.68756         46.1086          5.7613         94.4901 
        2.69983         45.5162         5.69672         93.8289 
        2.71213         45.0569           5.633         93.1577 
        2.72441         44.6171         5.57038         92.4734 
        2.73665          44.118         5.50885         91.8393 
         2.7489         43.6338         5.44828         91.1927 
        2.76118         43.2341         5.38845         90.5178 
        2.77349          42.756         5.32936         89.8854 
        2.78576         42.3657          5.2714         89.2194 
        2.79802         42.0099         5.21433         88.6596 
        2.81031         41.4112         5.15797         88.0093 
        2.82259         41.1271         5.10247         87.3565 
        2.83483         40.6234         5.04799         86.7931 
         2.8471         40.3265         4.99421         86.1613 
         2.8594         39.9002         4.94104         85.5449 
         2.8717         39.6541         4.88867         84.9937 
        2.88396         39.2972         4.83725         84.3967 
        2.89619         38.9996         4.78666         83.7637 
        2.90847         38.6248          4.7366         83.1572 
        2.92072         38.3729         4.68735         82.6421 
        2.93299         38.2342         4.63877         82.0966 
        2.94526          37.806         4.59084         81.5189 
        2.95753         37.5701         4.54359         80.9445 
        2.96982          37.202         4.49694         80.4062 
        2.98209         37.0513         4.45103         79.8732 
        2.99436         36.7276         4.40572         79.2973 
        3.00666         36.6498         4.36097         78.7662 
        3.01894         36.3272         4.31693         78.2421 
        3.03119         36.1943         4.27356          77.738 
        3.04345          36.009         4.23078         77.2282 
        3.05573         35.7682          4.1885         76.7025 
          3.068         35.6247         4.14684         76.1946 
        3.08026         35.4272          4.1058         75.6831 
        3.09254         35.3371         4.06523         75.1897 
        3.10483         35.3515          4.0252         74.6975 
         3.1171         35.1532         3.98577         74.1983 
        3.12933         34.9782         3.94697         73.7057 
        3.14159         34.9195         3.90861         73.2087 
