# k  (h/Mpc)    Pcb(k)  (Mpc/h)^3    Pcb_linear(k) (Mpc/h)^3    Pcb_NL(k) (Mpc/h)^3   ShotnoiseSubtracted = false
      0.0156606         18626.7         18715.6         18576.8 
      0.0273761         15991.8         16181.9         16025.9 
      0.0384619         12106.2         12191.3         12056.3 
      0.0498308         9365.56         9589.23         9454.58 
      0.0625568         7911.35         8149.63          8028.6 
      0.0751274         7030.09         6923.97         6752.82 
      0.0867833         5456.69         5574.55         5522.83 
      0.0984825         4590.64         4411.53         4461.73 
       0.111151          3916.6         3683.54         3743.63 
       0.123864         3511.46         3319.61         3368.59 
       0.135742         3194.72         2985.15          3034.6 
        0.14762         2773.86         2552.45         2683.77 
       0.160083          2344.1         2127.61         2287.74 
       0.172465         2091.04            1857         2060.31 
       0.184281          1903.2         1711.93         1917.28 
       0.196406          1782.8         1580.96         1763.19 
       0.209011          1661.6         1406.65         1596.31 
       0.221538          1498.3         1229.28          1484.9 
       0.233611         1426.79         1099.89         1387.27 
       0.245665         1297.87         1015.15         1279.49 
       0.258103         1272.79         945.019         1206.92 
       0.270422         1138.41         868.363          1131.7 
       0.282519         1069.06         788.088         1067.21 
       0.294636         1054.95         718.035         1008.86 
       0.306978         957.303         664.303         964.973 
       0.319417         933.701         621.085          909.23 
        0.33169         879.282         579.716         859.469 
       0.343948         841.191          537.14         831.741 
       0.356249         794.642         497.212         799.645 
       0.368458         767.424         463.769         761.514 
        0.38068         749.537         435.801         731.194 
       0.392856         709.678          410.27         704.328 
       0.405069         676.335         385.307         682.418 
       0.417459         650.209         361.135          655.09 
       0.429752         641.024         339.437         631.947 
       0.441978          619.09         320.393         615.108 
       0.454294         589.674         303.099         589.365 
        0.46658         574.617         286.872         576.487 
       0.478753          561.35         271.565         558.198 
       0.490964          540.05         257.186         540.665 
       0.503334         514.211         243.914         527.677 
       0.515665         513.191         231.812         516.157 
       0.527909         493.198          220.64         503.747 
       0.540159           480.8          210.07         490.203 
        0.55248         471.504          200.04         477.228 
       0.564743         467.312         190.754         468.906 
        0.57686          449.84         182.218         455.998 
       0.589077         437.971         174.161          445.79 
       0.601441         431.583           166.5         436.475 
        0.61382         421.357         159.277         428.744 
       0.626067         415.972         152.536         420.057 
       0.638306         399.727         146.189         411.873 
       0.650632          395.08         140.175         400.997 
       0.662899         391.673         134.539         396.302 
       0.675076         377.195         129.257          389.87 
       0.687267         367.635         124.253         380.581 
       0.699615         363.833          119.45         374.472 
       0.711937         358.301         114.911         367.681 
       0.724148         346.394         110.645         362.345 
       0.736433         338.567         106.576         355.479 
       0.748747         334.128         102.704          348.98 
       0.761037         327.902         99.0348         344.208 
       0.773197         324.025         95.5825         339.096 
       0.785376         319.103         92.2908         333.748 
       0.797761         310.683         89.1033          328.47 
       0.810096          308.15         86.0789         324.276 
       0.822371         297.633         83.2096         318.924 
       0.834626           296.3         80.4764         314.697 
       0.846916         290.042         77.8595         309.936 
       0.859215         289.668         75.3581         305.508 
       0.871383         282.139          72.992         301.189 
        0.88363         280.526          70.714          298.09 
       0.895928         274.709          68.525         293.347 
       0.908253         267.731          66.425         288.651 
       0.920535         265.493         64.4206          284.98 
       0.932774         258.776         62.5062         280.968 
        0.94508         255.831         60.6604         278.042 
       0.957324         254.781         58.8984         274.141 
        0.96953         251.115         57.2122         270.579 
       0.981769         243.983         55.5881         267.822 
       0.994071         243.129         54.0196         264.432 
         1.0064         237.923         52.5091         260.532 
        1.01868         235.055         51.0612         257.296 
        1.03092         229.209         49.6745         254.859 
         1.0432         225.794         48.3346         251.753 
        1.05553         222.991         47.0391         248.439 
        1.06777         222.193         45.8007         245.849 
           1.08         216.796         44.6083         242.924 
        1.09227         214.501         43.4547         240.113 
         1.1046         211.317         42.3377          237.71 
         1.1169         206.858         41.2622         234.459 
        1.12915         204.112         40.2294         232.334 
        1.14142         200.823           39.23         229.372 
        1.15365         198.117         38.2677         226.956 
        1.16585         195.101         37.3403          224.14 
        1.17807         192.813         36.4426         222.228 
        1.19037          190.79         35.5687         220.144 
        1.20276         188.071         34.7176         217.327 
        1.21504         184.193         33.9011         214.971 
        1.22728         181.015         33.1144         212.239 
        1.23954          180.45         32.3509         210.668 
        1.25184         176.959         31.6101         208.299 
        1.26414         173.892         30.8922          206.19 
        1.27632         173.251         30.2031         204.656 
         1.2886         171.479         29.5302         202.052 
        1.30093         166.542         28.8756         199.751 
        1.31316         164.164         28.2456         197.514 
        1.32541          162.83         27.6343         195.888 
        1.33772          161.21         27.0378         193.849 
        1.35005         158.672         26.4586         191.674 
        1.36225          156.25         25.9022          189.92 
        1.37447         154.135         25.3608         187.627 
        1.38676          152.29         24.8325          186.07 
        1.39907         149.773         24.3184         184.057 
        1.41133         147.501         23.8211         182.368 
        1.42358         145.653         23.3382         180.653 
        1.43591         143.994         22.8654         178.753 
        1.44818         142.051         22.4083         177.115 
        1.46037          140.01         21.9665         175.258 
        1.47263         138.349         21.5341         173.869 
        1.48494         136.261         21.1118         171.758 
        1.49724         134.443         20.7011          170.38 
        1.50952         132.011         20.3023         168.708 
        1.52178         131.488         19.9145         166.886 
        1.53409         128.688         19.5353         165.514 
        1.54637         127.237         19.1668         164.123 
        1.55858         125.006           18.81         162.357 
        1.57081         123.359         18.4617         160.978 
        1.58313         121.817         18.1201         159.345 
        1.59544         120.085         17.7873         157.959 
        1.60767         118.954          17.465         156.472 
        1.61994         116.861         17.1496         155.225 
        1.63225         115.457         16.8414         153.463 
        1.64452         113.357         16.5416          152.09 
        1.65676         111.711           16.25         150.829 
          1.669         111.067         15.9653         149.552 
        1.68133         108.694         15.6856         148.173 
        1.69363         107.466         15.4134         146.851 
        1.70585         105.539         15.1494         145.547 
        1.71809         104.344         14.8911         144.041 
        1.73038         103.624          14.638         142.881 
        1.74268         102.393         14.3906         141.535 
        1.75493          100.19         14.1501         140.306 
        1.76714         99.1413         13.9157         139.172 
        1.77942         97.7657         13.6855         137.764 
        1.79173          96.379         13.4598         136.677 
        1.80402         95.6221         13.2397         135.487 
         1.8163         93.6451         13.0247          134.23 
         1.8286          92.411         12.8141         133.048 
         1.8409         91.7689         12.6083         131.847 
        1.85315         90.2017         12.4077         130.797 
        1.86537         89.1575         12.2119         129.705 
        1.87765          88.349         12.0196         128.573 
        1.88995         86.8606          11.831         127.472 
        1.90221         85.7095         11.6471         126.393 
        1.91445         84.6048         11.4674          125.22 
        1.92674         83.2115         11.2909         124.189 
        1.93902         82.1926         11.1181         123.077 
        1.95124         81.3812         10.9498         122.077 
         1.9635         80.1059         10.7846         120.952 
        1.97583         78.9259         10.6217         120.037 
        1.98812         77.9309         10.4628         119.038 
        2.00039         76.9792         10.3075         117.994 
        2.01264         76.1869         10.1555         117.013 
        2.02492         75.2172         10.0064         116.007 
        2.03717         73.9584         9.86049         115.017 
        2.04942         73.6335         9.71768          114.17 
        2.06171         71.9585         9.57722         113.174 
        2.07397          71.176         9.43984         112.275 
        2.08629         70.3654         9.30459         111.297 
        2.09857         69.3018         9.17231          110.41 
        2.11081         68.2501         9.04315         109.392 
        2.12309         67.4742         8.91616         108.644 
        2.13538         66.6374         8.79144         107.698 
        2.14763         65.7344         8.66952         106.836 
        2.15986          64.613         8.55019         105.922 
        2.17214         64.0967         8.43263         105.047 
        2.18443         63.3317         8.31716          104.35 
        2.19671         62.1473           8.204         103.456 
        2.20898         61.8275         8.09308          102.58 
        2.22126         60.8838         7.98409         101.752 
        2.23354         60.1757         7.87715         100.976 
         2.2458         59.2768         7.77236         100.193 
        2.25807         58.4901         7.66937         99.3492 
        2.27035         57.8727         7.56817         98.5429 
        2.28263         57.0595         7.46884         97.7678 
         2.2949          56.461         7.37134         97.0054 
        2.30718         55.4155         7.27556         96.2746 
        2.31946         55.0851         7.18143         95.4822 
        2.33169         54.1307         7.08937         94.7501 
        2.34393         53.5495         6.99879         94.0444 
        2.35622         52.8737          6.9095         93.3016 
        2.36847         52.3813         6.82202          92.665 
        2.38076         51.4673         6.73579         91.8301 
        2.39305          50.907         6.65107            91.2 
        2.40534         50.3708         6.56781         90.4512 
        2.41762         49.7732         6.48598         89.7118 
        2.42989          49.184         6.40568         89.1021 
        2.44216         48.6183         6.32674         88.3752 
         2.4544         47.9912         6.24931         87.7063 
        2.46667         47.4451           6.173         87.0161 
        2.47897         46.9433         6.09778         86.3538 
        2.49124         46.3235         6.02403         85.7394 
        2.50349         46.0009          5.9516         85.0619 
        2.51578         45.2625         5.88015         84.5101 
        2.52805         44.7684         5.80999         83.8138 
        2.54029          44.314         5.74116         83.1398 
        2.55257         43.6761         5.67323         82.5746 
        2.56487         43.3161         5.60627         82.0003 
        2.57716         42.7278         5.54049         81.3972 
        2.58942         42.1481         5.47591         80.7712 
        2.60167         41.8361         5.41242         80.1854 
        2.61395         41.2232         5.34985         79.6048 
        2.62624         40.9837         5.28818         78.9688 
        2.63849         40.4508         5.22767         78.4163 
        2.65073         40.0839         5.16818         77.8357 
        2.66302         39.5391          5.1094         77.2576 
         2.6753         39.0929         5.05157         76.7165 
        2.68756         38.6835         4.99475         76.1385 
        2.69983         38.3232         4.93877          75.631 
        2.71213         37.9359         4.88353         75.0982 
        2.72441         37.5537         4.82923         74.5429 
        2.73665         37.0153         4.77589         74.0076 
         2.7489         36.8948         4.72339         73.4858 
        2.76118           36.37         4.67151         72.9744 
        2.77349         36.0854         4.62029         72.4491 
        2.78576         35.8153         4.57004          71.907 
        2.79802         35.3983         4.52056         71.4694 
        2.81031           34.99          4.4717         70.9446 
        2.82259         34.9303         4.42358         70.4198 
        2.83483         34.4444         4.37635         69.9659 
         2.8471         34.0899         4.32972         69.4731 
         2.8594          33.847         4.28363         68.9666 
         2.8717         33.6591         4.23822         68.5056 
        2.88396         33.2823         4.19365         68.0222 
        2.89619         33.1327         4.14979         67.5185 
        2.90847         32.7835         4.10639          67.054 
        2.92072         32.5736         4.06369         66.6215 
        2.93299         32.3832         4.02158         66.1667 
        2.94526         32.0623         3.98002         65.7203 
        2.95753         31.8631         3.93906         65.2682 
        2.96982         31.7263         3.89862         64.8229 
        2.98209         31.4192         3.85882         64.3931 
        2.99436         31.2241         3.81954         63.9279 
        3.00666         31.1556         3.78074         63.5108 
        3.01894         30.8844         3.74256         63.0714 
        3.03119           30.74         3.70496         62.6619 
        3.04345         30.6143         3.66787         62.2671 
        3.05573         30.3603         3.63122         61.8497 
          3.068         30.3571          3.5951         61.4334 
        3.08026         30.1861         3.55952         61.0201 
        3.09254          30.053         3.52435         60.6197 
        3.10483          30.045         3.48965         60.2278 
         3.1171         29.8324         3.45546         59.8308 
        3.12933          29.817         3.42182          59.426 
        3.14159         29.6778         3.38856          59.023 
