# k  (h/Mpc)    P(k)  (Mpc/h)^3    P_linear(k)  (Mpc/h)^3     P_NL(k)  ShotnoiseSubtracted = false
      0.0156606         8426.71         8597.39         8547.39 
      0.0273761         7271.07         7424.35         7385.34 
      0.0384619         5516.81         5590.03         5562.94 
      0.0498308         4296.14         4395.34          4370.7 
      0.0625568         3624.64         3734.58          3710.5 
      0.0751274          3180.5         3172.44         3136.35 
      0.0867833         2493.91         2553.92         2545.36 
      0.0984825         2056.47         2020.96         2036.62 
       0.111151         1735.21         1687.38         1703.77 
       0.123864         1558.51          1520.6         1534.39 
       0.135742         1407.01         1367.36         1381.55 
        0.14762         1205.15         1169.14         1204.17 
       0.160083         1002.89         974.523         1014.97 
       0.172465         891.698         850.559         900.693 
       0.184281         823.329         784.106         836.624 
       0.196406         754.241         724.113         766.954 
       0.209011         690.219         644.269         690.726 
       0.221538         620.611         563.026          627.85 
       0.233611         571.678         503.759         576.447 
       0.245665         532.675         464.948         530.234 
       0.258103         494.336         432.825         497.758 
       0.270422         455.611         397.714         462.209 
       0.282519         416.938         360.946         428.661 
       0.294636          410.72         328.861         400.143 
       0.306978         363.935         304.251         378.352 
       0.319417         349.326         284.456         355.566 
        0.33169         327.418         265.509          334.14 
       0.343948          312.39         246.009          318.24 
       0.356249         291.181         227.721         303.109 
       0.368458         281.449         212.404         284.995 
        0.38068         267.801         199.596          271.32 
       0.392856         250.227         187.902         259.592 
       0.405069         239.714         176.468         249.098 
       0.417459         228.528         165.398         235.761 
       0.429752         220.101         155.461         226.377 
       0.441978         212.246         146.738         218.813 
       0.454294         197.928         138.817          208.12 
        0.46658         197.995         131.386         201.418 
       0.478753         187.023         124.375         194.003 
       0.490964         181.204         117.789         186.735 
       0.503334         171.816         111.711         180.713 
       0.515665         168.077         106.168         176.126 
       0.527909         162.981         101.051         168.883 
       0.540159         157.659         96.2098         163.948 
        0.55248         153.214         91.6164         158.478 
       0.564743          148.73         87.3634         154.481 
        0.57686         143.933         83.4543         149.424 
       0.589077         137.682         79.7642         145.922 
       0.601441         134.841         76.2554         142.097 
        0.61382         132.891         72.9471         137.927 
       0.626067         128.002           69.86         134.429 
       0.638306         123.194         66.9529         131.286 
       0.650632         118.965         64.1985         126.742 
       0.662899         118.894         61.6174         124.025 
       0.675076         114.652         59.1985         121.056 
       0.687267         111.941         56.9064         118.243 
       0.699615         108.775          54.707         115.816 
       0.711937         105.659         52.6279         112.785 
       0.724148         104.536         50.6744         111.202 
       0.736433          100.75         48.8104         108.301 
       0.748747         98.7216         47.0375         105.964 
       0.761037         96.7326         45.3568          103.49 
       0.773197         94.6189         43.7757         102.298 
       0.785376         92.6414         42.2681         99.7274 
       0.797761         91.5751         40.8083         98.2684 
       0.810096         88.4123         39.4231         96.0854 
       0.822371         86.6319          38.109         94.3088 
       0.834626         84.7708         36.8573         92.6993 
       0.846916           83.71         35.6587         91.1154 
       0.859215         82.0071         34.5131         89.3242 
       0.871383         80.8624         33.4295          87.827 
        0.88363         78.6793         32.3862         86.6414 
       0.895928         77.1512         31.3836          85.225 
       0.908253         75.2111         30.4219          83.713 
       0.920535         74.8577         29.5038          82.483 
       0.932774         73.2343         28.6271         81.0313 
        0.94508         72.3156         27.7817         79.6825 
       0.957324         70.5939         26.9748          78.654 
        0.96953         70.6595         26.2025         77.2665 
       0.981769         68.2858         25.4586         76.4136 
       0.994071         67.5448         24.7403         75.2849 
         1.0064         66.0635         24.0485          74.161 
        1.01868         65.2423         23.3854         73.1903 
        1.03092         64.0895         22.7503         72.1483 
         1.0432         63.0005         22.1366         71.0611 
        1.05553         61.3892         21.5433         70.4673 
        1.06777         61.0725         20.9761          69.457 
           1.08         59.7213           20.43         68.4926 
        1.09227         58.9074         19.9017         67.4986 
         1.1046         58.0048         19.3901         66.6596 
         1.1169         57.3498         18.8976         65.6938 
        1.12915         56.4785         18.4246         65.0245 
        1.14142         55.3949         17.9669         64.2231 
        1.15365         54.4931         17.5261         63.4884 
        1.16585         53.7109         17.1014         62.6174 
        1.17807         52.8707         16.6903         61.8841 
        1.19037         52.7582           16.29         61.2959 
        1.20276         51.7581         15.9002         60.5713 
        1.21504         51.2371         15.5263          59.861 
        1.22728         50.1777          15.166         59.2141 
        1.23954         49.6208         14.8163         58.4242 
        1.25184         48.8123          14.477         57.9155 
        1.26414         48.0576         14.1482         57.1956 
        1.27632          47.674         13.8326          56.647 
         1.2886         47.1735         13.5245         55.9979 
        1.30093         46.4568         13.2247         55.2783 
        1.31316         45.7331         12.9361         54.8883 
        1.32541         45.4595         12.6562         54.2573 
        1.33772         44.6082          12.383         53.6905 
        1.35005         44.1409         12.1177          53.179 
        1.36225         43.3889         11.8629         52.6483 
        1.37447         42.3671         11.6149         52.0884 
        1.38676          42.545          11.373         51.6011 
        1.39907         41.8688         11.1375         51.1639 
        1.41133         41.0016         10.9098         50.6896 
        1.42358         40.5601         10.6886         50.1168 
        1.43591         40.1796         10.4721         49.7082 
        1.44818         39.7123         10.2627          49.117 
        1.46037         39.1878         10.0604         48.7306 
        1.47263         38.9014         9.86235         48.3389 
        1.48494         38.1232         9.66893         47.8232 
        1.49724         37.9278         9.48085         47.3856 
        1.50952         37.4917         9.29818         46.9756 
        1.52178         36.9104         9.12058         46.5728 
        1.53409         36.6247         8.94693         46.1581 
        1.54637         36.0529         8.77816          45.707 
        1.55858         35.2826         8.61472          45.289 
        1.57081         35.3392         8.45521         44.9696 
        1.58313         34.9237         8.29875         44.5707 
        1.59544         34.2978         8.14635         44.1639 
        1.60767          33.877         7.99875         43.7563 
        1.61994         33.4716         7.85431         43.4045 
        1.63225         33.2649         7.71314         43.0453 
        1.64452         32.8525         7.57583         42.7058 
        1.65676         32.4518          7.4423         42.3205 
          1.669         32.1446          7.3119         42.0301 
        1.68133         31.8224          7.1838          41.628 
        1.69363         31.2976         7.05914          41.275 
        1.70585         31.0902         6.93824         41.0302 
        1.71809         30.5556         6.81994         40.5916 
        1.73038         30.3953         6.70402         40.3517 
        1.74268         29.9545         6.59073         39.9428 
        1.75493         29.6404         6.48057         39.6611 
        1.76714         29.3943         6.37323         39.3756 
        1.77942         29.0822         6.26777         39.0554 
        1.79173         28.6665         6.16442         38.7347 
        1.80402         28.3555         6.06363         38.5256 
         1.8163         28.1774         5.96514         38.0797 
         1.8286         27.6886         5.86868         37.8601 
         1.8409         27.4597         5.77444         37.5488 
        1.85315         27.1546         5.68258         37.3105 
        1.86537         26.8024          5.5929         37.0297 
        1.87765         26.6733         5.50483         36.7327 
        1.88995         26.2749         5.41844         36.3957 
        1.90221          26.015         5.33422         36.1372 
        1.91445         25.6555         5.25192         35.8945 
        1.92674         25.4287         5.17107         35.6088 
        1.93902         25.1425         5.09192         35.3715 
        1.95124         24.7258         5.01486         35.1576 
         1.9635         24.5901         4.93919         34.8587 
        1.97583         24.3316         4.86461         34.6325 
        1.98812         24.1221         4.79185         34.3761 
        2.00039         23.8374         4.72072         34.1212 
        2.01264         23.5516         4.65111         33.8998 
        2.02492         23.3842          4.5828         33.6264 
        2.03717         23.0153         4.51597          33.395 
        2.04942         22.8268         4.45057         33.1379 
        2.06171         22.6648         4.38624         32.9284 
        2.07397         22.4148         4.32332         32.6639 
        2.08629         22.1865         4.26138         32.4296 
        2.09857         21.9371          4.2008         32.2219 
        2.11081         21.6879         4.14164          31.989 
        2.12309         21.5373         4.08349         31.7619 
        2.13538         21.2184         4.02636          31.567 
        2.14763         21.0828         3.97053         31.3365 
        2.15986         20.8394         3.91588         31.1137 
        2.17214         20.6341         3.86203         30.9202 
        2.18443          20.439         3.80915         30.6755 
        2.19671         20.1869         3.75733          30.469 
        2.20898         20.0092         3.70653         30.2506 
        2.22126         19.8871         3.65661         30.0573 
        2.23354          19.715         3.60763          29.874 
         2.2458         19.5191         3.55964         29.6791 
        2.25807         19.2374         3.51247         29.4411 
        2.27035          19.058         3.46612          29.267 
        2.28263         18.9071         3.42063         29.0764 
         2.2949         18.7521         3.37598         28.8866 
        2.30718         18.5713         3.33211         28.6834 
        2.31946         18.4473           3.289           28.49 
        2.33169         18.2232         3.24684         28.3033 
        2.34393         18.0565         3.20535         28.1314 
        2.35622         17.8673         3.16446         27.9505 
        2.36847         17.6787         3.12439         27.7452 
        2.38076         17.5254          3.0849         27.5936 
        2.39305         17.3929          3.0461         27.4162 
        2.40534         17.2028         3.00797         27.1986 
        2.41762         17.0294          2.9705         27.0708 
        2.42989         16.9101         2.93372         26.8541 
        2.44216         16.7045         2.89756         26.7041 
         2.4544         16.6961          2.8621         26.5176 
        2.46667         16.4678         2.82715         26.3577 
        2.47897         16.2658         2.79271         26.1777 
        2.49124         16.2014         2.75893         26.0129 
        2.50349         15.9862         2.72576         25.8393 
        2.51578         15.8927         2.69303         25.7011 
        2.52805         15.7421          2.6609          25.528 
        2.54029         15.6186         2.62937         25.3663 
        2.55257         15.5086         2.59826         25.2006 
        2.56487         15.3268          2.5676         25.0527 
        2.57716         15.2199         2.53747         24.8745 
        2.58942         15.1395          2.5079         24.7439 
        2.60167         14.9144         2.47882         24.5846 
        2.61395          14.874         2.45016         24.4305 
        2.62624          14.779         2.42191         24.2705 
        2.63849         14.6124          2.3942          24.145 
        2.65073         14.4937         2.36696         23.9805 
        2.66302         14.4071         2.34004         23.8465 
         2.6753         14.3462         2.31355         23.6909 
        2.68756         14.2001         2.28753         23.5565 
        2.69983         14.0787         2.26189         23.3977 
        2.71213         13.9543         2.23659         23.2447 
        2.72441          13.887         2.21172         23.1109 
        2.73665         13.7735          2.1873          22.973 
         2.7489           13.74         2.16325         22.8324 
        2.76118         13.5837         2.13949          22.697 
        2.77349           13.51         2.11603         22.5629 
        2.78576         13.4038         2.09302         22.4365 
        2.79802         13.3523         2.07036         22.2893 
        2.81031         13.2571         2.04798          22.151 
        2.82259          13.132         2.02594         22.0339 
        2.83483         13.1237         2.00431         21.9019 
         2.8471         13.0525         1.98296         21.7576 
         2.8594         12.9559         1.96185         21.6222 
         2.8717         12.8948         1.94105         21.5037 
        2.88396         12.8143         1.92064         21.3738 
        2.89619         12.7867         1.90055         21.2451 
        2.90847         12.7043         1.88067          21.135 
        2.92072         12.6604         1.86112         20.9866 
        2.93299          12.554         1.84183           20.88 
        2.94526          12.518          1.8228         20.7664 
        2.95753         12.4824         1.80404          20.634 
        2.96982         12.4217         1.78552         20.5149 
        2.98209         12.3995         1.76729         20.3987 
        2.99436         12.3462          1.7493         20.2721 
        3.00666         12.3283         1.73153         20.1524 
        3.01894          12.281         1.71404         20.0507 
        3.03119         12.2591         1.69682         19.9323 
        3.04345         12.1857         1.67984         19.8058 
        3.05573         12.1852         1.66305         19.6947 
          3.068         12.1471         1.64651         19.5884 
        3.08026         12.1412         1.63021         19.4627 
        3.09254          12.104         1.61411         19.3582 
        3.10483          12.112         1.59821         19.2577 
         3.1171         12.1415         1.58256         19.1443 
        3.12933         12.1005         1.56715         19.0336 
        3.14159          12.059         1.55192         18.9186 
