# k  (h/Mpc)    P(k)  (Mpc/h)^3    P_linear(k)  (Mpc/h)^3     P_NL(k)  ShotnoiseSubtracted = false
      0.0156606         22276.4         22452.6         22272.8 
      0.0273761         19056.4         19379.1         19162.2 
      0.0384619         14393.9         14586.4         14393.2 
      0.0498308         11107.4         11466.4         11271.8 
      0.0625568         9382.46         9740.86         9568.22 
      0.0751274         8359.46         8273.64         8031.55 
      0.0867833         6472.06            6660         6584.78 
      0.0984825         5476.77         5269.85         5335.69 
       0.111151         4688.89         4399.76         4482.64 
       0.123864         4200.43         3964.75         4031.69 
       0.135742         3832.35         3565.09         3632.09 
        0.14762         3339.05         3048.19         3225.47 
       0.160083          2842.3         2540.74         2760.02 
       0.172465         2535.16         2217.51         2496.88 
       0.184281         2295.86         2044.23         2323.87 
       0.196406         2170.65          1887.8         2141.68 
       0.209011         2033.86         1679.63         1942.28 
       0.221538          1830.9         1467.81         1815.76 
       0.233611         1758.66         1313.29         1703.45 
       0.245665         1593.32          1212.1         1574.06 
       0.258103         1581.43         1128.35         1486.89 
       0.270422         1410.99         1036.82         1397.94 
       0.282519         1335.03         940.961         1325.36 
       0.294636         1309.59         857.313         1256.42 
       0.306978         1198.95         793.154         1204.96 
       0.319417         1177.48          741.55         1136.42 
        0.33169         1106.66         692.154         1077.11 
       0.343948         1063.68         641.317         1044.51 
       0.356249         1009.84         593.643         1006.47 
       0.368458         969.053         553.711         962.999 
        0.38068         955.468         520.321         927.078 
       0.392856         908.313         489.837         895.487 
       0.405069         861.247         460.028         866.299 
       0.417459         828.798         431.169         837.039 
       0.429752         826.744         405.262         808.027 
       0.441978         797.899         382.524         787.982 
       0.454294         763.793         361.876         756.368 
        0.46658         742.425         342.501         741.206 
       0.478753         729.154         324.224          719.22 
       0.490964         701.557         307.056         697.558 
       0.503334         672.271         291.211         682.524 
       0.515665         669.797         276.762         667.117 
       0.527909         642.081         263.423         653.633 
       0.540159         627.093         250.803         637.521 
        0.55248         614.687         238.829         621.204 
       0.564743         609.804         227.741          610.75 
        0.57686         590.253         217.551         594.904 
       0.589077         580.626         207.931         582.009 
       0.601441         566.834         198.784         570.932 
        0.61382         551.051          190.16         560.963 
       0.626067         545.751         182.112         550.789 
       0.638306          526.12         174.534         539.616 
       0.650632          521.45         167.354         527.164 
       0.662899         517.478         160.625          520.74 
       0.675076         501.313          154.32         513.874 
       0.687267         487.094         148.345         501.831 
       0.699615         486.092         142.611         493.939 
       0.711937         475.957         137.191         484.631 
       0.724148         460.827         132.099          478.32 
       0.736433         450.256          127.24         469.964 
       0.748747         444.783         122.618         461.772 
       0.761037         437.151         118.237         456.302 
       0.773197         430.598         114.115         448.721 
       0.785376         425.478         110.185         442.348 
       0.797761         412.929          106.38         435.928 
       0.810096         408.422         102.769         430.381 
       0.822371         398.006         99.3431         423.449 
       0.834626         394.218         96.0799         418.617 
       0.846916          388.47         92.9555         412.069 
       0.859215         383.892         89.9691         406.044 
       0.871383         375.542         87.1443         400.763 
        0.88363         371.337         84.4245         396.731 
       0.895928         366.292         81.8111         390.599 
       0.908253         357.349          79.304         384.185 
       0.920535         350.459         76.9109         380.139 
       0.932774         345.498         74.6253         374.352 
        0.94508          340.38         72.4216         370.643 
       0.957324          336.96          70.318          365.72 
        0.96953         332.808         68.3048         361.314 
       0.981769          325.02         66.3658         357.298 
       0.994071         323.912         64.4931         352.978 
         1.0064         318.015         62.6899         347.857 
        1.01868         314.477         60.9611         343.453 
        1.03092         305.316         59.3056         340.468 
         1.0432         302.629         57.7059         336.356 
        1.05553         299.581         56.1592         331.722 
        1.06777         295.646         54.6807         327.971 
           1.08         289.045         53.2571         324.366 
        1.09227         288.515         51.8798         320.476 
         1.1046         282.912         50.5463         317.461 
         1.1169         277.024         49.2622         313.263 
        1.12915         273.269         48.0292         310.077 
        1.14142         267.845         46.8361         306.436 
        1.15365         265.076         45.6871         303.226 
        1.16585         260.617         44.5799         299.844 
        1.17807          258.21         43.5082         296.592 
        1.19037         253.819         42.4648         294.088 
        1.20276         250.862         41.4487          290.25 
        1.21504         245.748          40.474         286.996 
        1.22728         242.287         39.5347         283.882 
        1.23954         240.988         38.6231         281.039 
        1.25184         235.526         37.7387         278.079 
        1.26414         230.965         36.8816         275.453 
        1.27632         229.156         36.0589         272.925 
         1.2886          227.17         35.2556         269.832 
        1.30093         222.143          34.474         266.412 
        1.31316         217.568         33.7219         263.869 
        1.32541         216.547         32.9921         261.066 
        1.33772         212.753         32.2799         258.703 
        1.35005         210.409         31.5884          255.78 
        1.36225         206.472         30.9241         253.391 
        1.37447         203.316         30.2778         250.322 
        1.38676         201.464         29.6471         248.561 
        1.39907         198.608         29.0332         245.525 
        1.41133         194.868         28.4395         242.961 
        1.42358         192.586          27.863         240.678 
        1.43591         190.172         27.2985         238.525 
        1.44818         186.582         26.7528         236.011 
        1.46037         185.147         26.2253         233.477 
        1.47263         181.572         25.7092         231.274 
        1.48494         180.169         25.2049         228.502 
        1.49724         177.055         24.7147          227.07 
        1.50952         173.939         24.2385         224.439 
        1.52178         172.147         23.7755         222.201 
        1.53409         169.135         23.3228         220.179 
        1.54637         166.618         22.8829          218.36 
        1.55858         164.859         22.4568         216.036 
        1.57081         162.094          22.041         213.946 
        1.58313         160.059         21.6332         211.772 
        1.59544         157.152         21.2359         209.886 
        1.60767         155.789         20.8511         208.023 
        1.61994         153.217         20.4746         205.937 
        1.63225         150.832         20.1066         203.848 
        1.64452         148.491         19.7487         202.042 
        1.65676          146.66         19.4006          200.31 
          1.669         145.021         19.0606         198.318 
        1.68133         142.262         18.7267         196.508 
        1.69363         139.839         18.4017         194.874 
        1.70585         137.737         18.0866          193.06 
        1.71809         136.042         17.7782         190.993 
        1.73038         134.401          17.476         189.402 
        1.74268         133.221         17.1807         187.548 
        1.75493         130.148         16.8935         186.034 
        1.76714         129.608         16.6137         184.408 
        1.77942          126.95         16.3388         182.687 
        1.79173          125.11         16.0694         180.971 
        1.80402         123.501         15.8066         179.361 
         1.8163         121.313         15.5499         177.932 
         1.8286         119.753         15.2985         176.185 
         1.8409          118.37         15.0528         174.552 
        1.85315         116.101         14.8133         173.121 
        1.86537         115.005         14.5796          171.66 
        1.87765          113.61           14.35         170.191 
        1.88995         111.551         14.1248         168.563 
        1.90221         110.256         13.9052         167.254 
        1.91445         108.617         13.6907         165.644 
        1.92674         106.945         13.4799         164.183 
        1.93902         105.687         13.2736         162.703 
        1.95124         104.284         13.0727         161.336 
         1.9635         102.569         12.8755         159.933 
        1.97583         101.038          12.681         158.519 
        1.98812         99.6406         12.4914         157.396 
        2.00039         98.5516          12.306         155.876 
        2.01264         97.3643         12.1245         154.594 
        2.02492         96.0436         11.9464         153.176 
        2.03717         94.6163         11.7722         151.977 
        2.04942         93.4553         11.6017         150.675 
        2.06171         91.8288          11.434         149.336 
        2.07397         90.7784           11.27         148.203 
        2.08629          89.441         11.1085         146.908 
        2.09857         88.3965         10.9506         145.735 
        2.11081         86.9953         10.7964          144.39 
        2.12309         85.9311         10.6448          143.29 
        2.13538         84.5785         10.4959         142.037 
        2.14763         83.4304         10.3503         140.884 
        2.15986         82.5361         10.2079         139.626 
        2.17214         81.3909         10.0675         138.555 
        2.18443         80.4196         9.92968         137.565 
        2.19671         79.4112         9.79458         136.365 
        2.20898         78.3904         9.66215         135.139 
        2.22126         77.2574         9.53203         134.151 
        2.23354         76.3481         9.40436         133.081 
         2.2458         74.8748         9.27924         131.955 
        2.25807         74.1772         9.15629         130.902 
        2.27035         73.1069         9.03547         129.839 
        2.28263           72.24         8.91688         128.852 
         2.2949         70.8655         8.80048         127.834 
        2.30718         69.9329         8.68613         126.783 
        2.31946          69.337         8.57375           125.7 
        2.33169         68.2451         8.46385         124.759 
        2.34393         67.7127          8.3557         123.883 
        2.35622         66.5293          8.2491         122.824 
        2.36847         65.8942         8.14465         121.975 
        2.38076         64.7205         8.04171         120.901 
        2.39305         64.1318         7.94057         120.067 
        2.40534          63.182         7.84116         119.066 
        2.41762         62.5129         7.74347         118.117 
        2.42989         61.5544         7.64759          117.26 
        2.44216         60.9897         7.55335          116.28 
         2.4544         60.0504         7.46091         115.443 
        2.46667         59.2405         7.36981         114.562 
        2.47897         58.6767         7.28001         113.613 
        2.49124         58.0065         7.19195         112.768 
        2.50349         57.0542         7.10548         111.934 
        2.51578         56.6537         7.02017         111.172 
        2.52805         55.7947         6.93642         110.244 
        2.54029         55.2524         6.85424         109.405 
        2.55257         54.5312         6.77314         108.648 
        2.56487         54.1952          6.6932         107.838 
        2.57716         53.5851         6.61467         107.033 
        2.58942         52.7101         6.53757         106.246 
        2.60167         52.1538         6.46177         105.476 
        2.61395         51.7987         6.38706         104.676 
        2.62624         50.9256         6.31343         103.846 
        2.63849         50.4006          6.2412         103.124 
        2.65073         49.7373         6.17017         102.367 
        2.66302         49.3268         6.09999         101.614 
         2.6753         48.6984         6.03095         100.902 
        2.68756         48.3512         5.96312         100.134 
        2.69983         47.7498         5.89629         99.4208 
        2.71213         47.2174         5.83033          98.713 
        2.72441         46.8064         5.76551         97.9869 
        2.73665         46.2902         5.70183         97.3169 
         2.7489         45.7973         5.63914         96.6346 
        2.76118         45.3714         5.57721          95.913 
        2.77349         44.8974         5.51606         95.2511 
        2.78576         44.4775         5.45606         94.5522 
        2.79802         44.0978         5.39699         93.9478 
        2.81031         43.5152         5.33866         93.2618 
        2.82259         43.1078         5.28121         92.5692 
        2.83483         42.6529         5.22483         91.9672 
         2.8471         42.2701         5.16916          91.299 
         2.8594         41.8332         5.11413         90.6522 
         2.8717         41.5512         5.05992         90.0681 
        2.88396         41.1927          5.0067         89.4389 
        2.89619         40.8669         4.95434         88.7741 
        2.90847         40.4748         4.90253         88.1279 
        2.92072         40.1645         4.85155          87.586 
        2.93299         40.0135         4.80127         87.0047 
        2.94526         39.6091         4.75166         86.3883 
        2.95753         39.3551         4.70276         85.7861 
        2.96982         38.9536         4.65447         85.2181 
        2.98209         38.8033         4.60695         84.6456 
        2.99436         38.4959         4.56006         84.0403 
        3.00666         38.3445         4.51374         83.4786 
        3.01894         38.0977         4.46816         82.9278 
        3.03119          37.863         4.42326         82.3955 
        3.04345         37.6266         4.37899         81.8532 
        3.05573         37.5335         4.33523         81.2958 
          3.068         37.2963         4.29211         80.7604 
        3.08026         37.0872         4.24963         80.2207 
        3.09254         37.0171         4.20764         79.6983 
        3.10483         37.0106         4.16621         79.1768 
         3.1171          36.812         4.12539         78.6466 
        3.12933         36.5608         4.08524         78.1243 
        3.14159         36.5727         4.04553         77.6038 
