# k  (h/Mpc)    Pcb(k)  (Mpc/h)^3    Pcb_linear(k) (Mpc/h)^3    Pcb_NL(k) (Mpc/h)^3   ShotnoiseSubtracted = false
      0.0156606         10492.7         10521.5         10457.1 
      0.0273761         9054.12         9099.52         9043.82 
      0.0384619         6871.63         6856.35         6814.62 
      0.0498308         5344.66         5393.36         5354.07 
      0.0625568         4511.44          4583.9         4546.65 
      0.0751274         3972.25         3894.63         3839.91 
      0.0867833         3106.76         3135.66         3121.57 
      0.0984825         2573.91          2481.5         2502.92 
       0.111151         2177.11         2072.02            2095 
       0.123864         1954.91         1867.32         1886.59 
       0.135742         1767.64          1679.2         1698.99 
        0.14762         1518.85          1435.8         1485.84 
       0.160083         1266.81         1196.83         1255.28 
       0.172465          1127.9          1044.6         1117.56 
       0.184281         1038.76         963.002         1038.81 
       0.196406         955.026          889.33          952.33 
       0.209011         877.698         791.278         858.824 
       0.221538         790.665         691.503          785.37 
       0.233611         733.891         618.716         724.133 
       0.245665             680         571.052          666.16 
       0.258103         639.379           531.6         626.105 
       0.270422         584.364         488.479         582.728 
       0.282519         537.415         443.323         542.286 
       0.294636         531.636         403.916         507.901 
       0.306978         472.973          373.69         481.725 
       0.319417         455.102         349.379         452.952 
        0.33169         427.724         326.108         426.089 
       0.343948         407.765         302.158         407.805 
       0.356249         381.357         279.697         389.315 
       0.368458         369.544         260.884         367.019 
        0.38068         353.109         245.152          350.09 
       0.392856          330.75          230.79         335.426 
       0.405069         317.519         216.747         323.283 
       0.417459         303.277          203.15         306.364 
       0.429752         292.746         190.944         294.705 
       0.441978         282.982         180.231         285.375 
       0.454294         264.863         170.503         271.979 
        0.46658         263.859         161.375         264.022 
       0.478753         251.434         152.764         254.561 
       0.490964         243.261         144.675         245.398 
       0.503334         229.785          137.21         238.051 
       0.515665         226.542         130.402         232.378 
       0.527909         219.721         124.117         223.909 
       0.540159         213.145         118.171         217.451 
        0.55248         208.502         112.529         210.677 
       0.564743         202.759         107.305         205.865 
        0.57686         195.791         102.504         199.302 
       0.589077         187.774         97.9714         194.911 
       0.601441         184.554         93.6618         190.067 
        0.61382         182.555         89.5983         185.104 
       0.626067         177.077         85.8065         180.594 
       0.638306         169.375         82.2359         176.789 
       0.650632         164.388         78.8528         170.987 
       0.662899         164.471         75.6826         167.807 
       0.675076          158.57         72.7115         163.956 
       0.687267         154.526         69.8963         160.341 
       0.699615         151.071         67.1948         157.074 
       0.711937         147.197         64.6411         153.633 
       0.724148         144.939         62.2417         151.415 
       0.736433         140.984         59.9523         147.782 
       0.748747         137.855         57.7746         144.713 
       0.761037         135.629         55.7104         141.597 
       0.773197         132.723         53.7683         140.014 
       0.785376         130.831         51.9167         136.711 
       0.797761         128.514         50.1236          134.93 
       0.810096         124.868         48.4222         132.165 
       0.822371         121.477         46.8082         129.904 
       0.834626         119.544         45.2707         127.664 
       0.846916         118.351         43.7986          125.68 
       0.859215         116.456         42.3914         123.475 
       0.871383         114.435         41.0604         121.401 
        0.88363         111.898          39.779         119.904 
       0.895928         109.793         38.5476         118.167 
       0.908253         106.913         37.3663         115.983 
       0.920535         106.398         36.2387         114.486 
       0.932774         103.612         35.1618         112.476 
        0.94508         102.658         34.1235         110.918 
       0.957324         100.975         33.1323         109.413 
        0.96953         100.812         32.1838         107.584 
       0.981769         97.5154         31.2702         106.554 
       0.994071         96.6955         30.3878         104.998 
         1.0064         94.4612         29.5382         103.474 
        1.01868         93.6443         28.7236         102.236 
        1.03092         91.8567         27.9436         100.914 
         1.0432         90.3234         27.1898         99.5409 
        1.05553         88.0285         26.4611         98.6084 
        1.06777         87.9175         25.7644         97.3919 
           1.08         86.1939         25.0937          96.094 
        1.09227         84.8677         24.4447         94.8254 
         1.1046         83.4368         23.8164         93.6816 
         1.1169         82.4817         23.2114         92.3698 
        1.12915         81.4279         22.6304         91.4243 
        1.14142         79.9299         22.0682         90.2982 
        1.15365         78.3828         21.5269         89.2698 
        1.16585         77.4614         21.0052         88.1809 
        1.17807         76.2796         20.5002         87.3202 
        1.19037         76.1812         20.0086         86.4266 
        1.20276         74.5461         19.5298         85.4148 
        1.21504         74.0497         19.0705         84.3823 
        1.22728         72.4225          18.628         83.5504 
        1.23954         71.7849         18.1985         82.5367 
        1.25184         70.4998         17.7817         81.8015 
        1.26414         69.4325         17.3779         80.9164 
        1.27632         68.7885         16.9903         80.2653 
         1.2886         67.8388         16.6118          79.183 
        1.30093         66.9584         16.2435         78.2545 
        1.31316         66.1005         15.8891         77.7211 
        1.32541         65.6032         15.5452         76.8921 
        1.33772         64.5114         15.2097          76.094 
        1.35005          63.919         14.8838         75.3673 
        1.36225         62.8682         14.5709         74.5984 
        1.37447         61.4515         14.2663         73.8144 
        1.38676         61.5712         13.9691         73.0408 
        1.39907          60.504         13.6799         72.5057 
        1.41133         59.3844         13.4002         71.9342 
        1.42358         58.6955         13.1285         71.0296 
        1.43591         58.2943         12.8625          70.447 
        1.44818         57.4599         12.6054         69.6679 
        1.46037         56.8207         12.3569         69.1708 
        1.47263         56.0826         12.1137         68.6072 
        1.48494         55.2523         11.8761         67.8918 
        1.49724          54.563         11.6451         67.2379 
        1.50952          54.226         11.4207         66.5938 
        1.52178         53.4663         11.2026         66.0896 
        1.53409         52.9686         10.9893          65.516 
        1.54637         51.8273          10.782         64.8794 
        1.55858         51.1513         10.5812          64.247 
        1.57081         50.8957         10.3853         63.8158 
        1.58313          50.168         10.1931         63.2933 
        1.59544         49.4407          10.006         62.6567 
        1.60767          48.885         9.82467          62.139 
        1.61994         48.1411         9.64725         61.6594 
        1.63225         47.7228         9.47385         61.0311 
        1.64452         47.2131          9.3052         60.5968 
        1.65676         46.5171         9.14119         60.0204 
          1.669         46.1767         8.98102         59.5996 
        1.68133         45.7485         8.82368         59.0317 
        1.69363         44.9737         8.67056         58.6096 
        1.70585         44.7174         8.52207          58.156 
        1.71809         43.8457         8.37676         57.6296 
        1.73038         43.6046         8.23438         57.2071 
        1.74268         42.8965         8.09522         56.6773 
        1.75493         42.4889         7.95993         56.2338 
        1.76714         41.9448         7.82807         55.7803 
        1.77942         41.6974         7.69854         55.3554 
        1.79173         41.0498         7.57161         54.8553 
        1.80402         40.6325          7.4478         54.5151 
         1.8163         40.1649         7.32684         53.9756 
         1.8286         39.6421         7.20836         53.6644 
         1.8409         39.1848         7.09259         53.1367 
        1.85315         38.7935         6.97977         52.8399 
        1.86537         38.3127         6.86962         52.4167 
        1.87765         38.0163         6.76144         51.9532 
        1.88995         37.4334         6.65534         51.5002 
        1.90221         37.1609         6.55188         51.1147 
        1.91445          36.538          6.4508         50.7884 
        1.92674         36.2439          6.3515         50.3467 
        1.93902         35.8725         6.25428         49.9678 
        1.95124         35.3893         6.15962         49.6466 
         1.9635          34.959         6.06668          49.231 
        1.97583         34.6451         5.97507         48.9207 
        1.98812         34.1408          5.8857         48.5071 
        2.00039         33.8079         5.79834         48.1324 
        2.01264         33.3557         5.71284          47.826 
        2.02492         33.0837         5.62893         47.4617 
        2.03717         32.6457         5.54686         47.0758 
        2.04942         32.3052         5.46652         46.7257 
        2.06171         31.9675         5.38751           46.37 
        2.07397         31.6303         5.31023          46.051 
        2.08629         31.2552         5.23414         45.7028 
        2.09857         30.9517         5.15973         45.3952 
        2.11081         30.5468         5.08708         45.0403 
        2.12309          30.323         5.01564         44.7001 
        2.13538         29.7868         4.94548         44.4344 
        2.14763         29.6035          4.8769         44.0858 
        2.15986         29.3253         4.80977          43.742 
        2.17214         28.9361         4.74364         43.4839 
        2.18443         28.6268         4.67869         43.1039 
        2.19671         28.2535         4.61503         42.8151 
        2.20898         27.9231         4.55263          42.493 
        2.22126         27.8334         4.49132         42.1824 
        2.23354         27.4512         4.43116         41.9411 
         2.2458         27.1317         4.37221         41.6183 
        2.25807          26.751         4.31428         41.3062 
        2.27035         26.4722         4.25735           41.04 
        2.28263         26.2339         4.20147         40.7623 
         2.2949          25.978         4.14663         40.4756 
        2.30718         25.7364         4.09275         40.1652 
        2.31946         25.5024          4.0398         39.8924 
        2.33169         25.1918         3.98801         39.6146 
        2.34393         24.8909         3.93706         39.3195 
        2.35622         24.6389         3.88683         39.0998 
        2.36847         24.3693         3.83761         38.7827 
        2.38076         24.1751         3.78911         38.5602 
        2.39305         23.8431         3.74145         38.3024 
        2.40534         23.6636         3.69461         37.9856 
        2.41762         23.3609         3.64859         37.7674 
        2.42989           23.26         3.60341         37.4809 
        2.44216         22.9229           3.559          37.249 
         2.4544          22.754         3.51545         36.9989 
        2.46667         22.4996         3.47252         36.7434 
        2.47897         22.2403         3.43021         36.4956 
        2.49124         22.0928         3.38872         36.2514 
        2.50349         21.8138         3.34798         36.0205 
        2.51578           21.58         3.30778         35.7841 
        2.52805         21.4029         3.26832         35.5322 
        2.54029         21.2272         3.22959         35.2927 
        2.55257         21.0575         3.19138          35.052 
        2.56487         20.7835         3.15372         34.8279 
        2.57716         20.6596         3.11671         34.5774 
        2.58942         20.4427         3.08039         34.3816 
        2.60167         20.2433         3.04467         34.1421 
        2.61395         20.0589         3.00947         33.9137 
        2.62624         19.9571         2.97478         33.6954 
        2.63849         19.7472         2.94074          33.481 
        2.65073         19.4981         2.90727         33.2482 
        2.66302         19.3019         2.87421         33.0479 
         2.6753         19.2341         2.84168         32.8366 
        2.68756         19.1135         2.80972         32.6457 
        2.69983         18.9063         2.77822         32.3967 
        2.71213         18.6959         2.74715         32.1939 
        2.72441         18.5814         2.71661          31.974 
        2.73665         18.4384          2.6866         31.7663 
         2.7489         18.2439         2.65706          31.571 
        2.76118         18.1506         2.62788         31.3535 
        2.77349         18.0332         2.59907         31.1683 
        2.78576         17.8284          2.5708         30.9843 
        2.79802          17.713         2.54297         30.7756 
        2.81031         17.6024         2.51548         30.5879 
        2.82259         17.5074         2.48841         30.4001 
        2.83483          17.339         2.46185          30.195 
         2.8471         17.2882         2.43562         29.9893 
         2.8594          17.136         2.40969         29.8039 
         2.8717         17.0404         2.38414         29.6138 
        2.88396         16.8872         2.35907         29.4214 
        2.89619         16.8438          2.3344         29.2453 
        2.90847         16.7451         2.30999         29.0667 
        2.92072          16.614         2.28596          28.881 
        2.93299         16.5436         2.26227         28.7172 
        2.94526         16.4923          2.2389         28.5378 
        2.95753         16.4256         2.21586         28.3505 
        2.96982         16.3108          2.1931         28.1797 
        2.98209         16.2152         2.17071         28.0107 
        2.99436         16.1793         2.14862         27.8357 
        3.00666         16.0869         2.12679         27.6581 
        3.01894         16.0469         2.10532         27.4874 
        3.03119         15.9488         2.08416          27.319 
        3.04345          15.955          2.0633         27.1544 
        3.05573         15.9399         2.04268           26.99 
          3.068         15.8223         2.02237         26.8187 
        3.08026         15.8132         2.00235         26.6537 
        3.09254         15.7418         1.98256         26.4947 
        3.10483         15.7409         1.96304         26.3378 
         3.1171         15.7896         1.94381         26.1833 
        3.12933         15.7214         1.92489         26.0265 
        3.14159         15.6342         1.90618         25.8597 
