# k  (h/Mpc)    P(k)  (Mpc/h)^3    P_linear(k)  (Mpc/h)^3     P_NL(k)  ShotnoiseSubtracted = false
      0.0156606            9394          9589.6         9532.38 
      0.0273761         8099.73         8280.67         8233.61 
      0.0384619         6144.01         6234.55         6200.51 
      0.0498308         4780.62         4901.99         4870.44 
      0.0625568         4033.68         4164.99         4134.68 
      0.0751274         3545.14         3538.02          3493.1 
      0.0867833         2776.11          2848.2         2837.06 
      0.0984825         2294.39         2253.82         2272.31 
       0.111151         1938.18         1881.79         1901.37 
       0.123864         1740.58         1695.79         1712.25 
       0.135742         1572.55         1524.89         1541.82 
        0.14762         1348.99         1303.83         1346.12 
       0.160083         1123.74         1086.79         1135.91 
       0.172465         999.868         948.546         1009.64 
       0.184281         922.106         874.436         938.186 
       0.196406         846.117          807.53         860.016 
       0.209011         775.925         718.488         775.071 
       0.221538         698.385         627.885         706.699 
       0.233611         645.706          561.79         650.239 
       0.245665         600.056         518.508         598.122 
       0.258103         560.405         482.684         561.831 
       0.270422         514.393         443.529         522.311 
       0.282519         471.814         402.525         485.227 
       0.294636         465.887         366.744         453.725 
       0.306978         413.575         339.299         429.701 
       0.319417         397.426         317.224          403.93 
        0.33169         373.023         296.094         379.779 
       0.343948         355.765         274.347          362.63 
       0.356249         332.182         253.954         345.794 
       0.368458          321.52         236.871         325.569 
        0.38068         306.539         222.588         310.251 
       0.392856         286.746         209.547         297.056 
       0.405069         275.055         196.796         285.712 
       0.417459         262.472         184.451         270.549 
       0.429752         253.032         173.369         260.044 
       0.441978         244.344         163.641         251.594 
       0.454294         228.223         154.808         239.544 
        0.46658         227.923          146.52         232.201 
       0.478753         216.207         138.702         223.766 
       0.490964         209.352         131.357         215.546 
       0.503334         198.081         124.579         208.869 
       0.515665         194.543         118.398         203.735 
       0.527909         188.733         112.691          195.85 
       0.540159         182.801         107.292         190.172 
        0.55248         178.342          102.17          184.04 
       0.564743         173.173         97.4269          179.63 
        0.57686          167.43         93.0675         173.818 
       0.589077         160.373         88.9524         169.891 
       0.601441         157.319         85.0394         165.568 
        0.61382         155.417           81.35         160.975 
       0.626067         150.192         77.9073         156.967 
       0.638306         144.071         74.6653         153.504 
       0.650632         139.425         71.5936         148.319 
       0.662899         139.533         68.7152          145.35 
       0.675076         134.563         66.0177         141.942 
       0.687267         131.218         63.4615         138.751 
       0.699615         127.898         61.0088           135.9 
       0.711937         124.422         58.6901         132.657 
       0.724148          122.84         56.5117         130.774 
       0.736433         118.978          54.433         127.504 
       0.748747         116.412         52.4558         124.809 
       0.761037          114.33         50.5815         121.994 
       0.773197         111.834         48.8183         120.633 
       0.785376         109.885         47.1371         117.686 
       0.797761         108.306          45.509         116.077 
       0.810096         104.803         43.9643         113.586 
       0.822371         102.392         42.4989         111.583 
       0.834626         100.435         41.1029         109.661 
       0.846916         99.3747         39.7663         107.884 
       0.859215         97.5477         38.4887         105.876 
       0.871383         96.0621         37.2803         104.101 
        0.88363         93.6486         36.1168         102.757 
       0.895928         91.8967         34.9987         101.198 
       0.908253         89.5252         33.9262         99.3518 
       0.920535         89.1045         32.9024         98.0041 
       0.932774         86.9955         31.9247         96.2603 
        0.94508         86.0503         30.9819         94.7982 
       0.957324         84.2749          30.082         93.5583 
        0.96953         84.3291         29.2208         91.9531 
       0.981769         81.5239         28.3912          91.013 
       0.994071          80.708         27.5901         89.6726 
         1.0064         78.9098         26.8187         88.3664 
        1.01868         78.1327         26.0792         87.2583 
        1.03092         76.6393         25.3709          86.075 
         1.0432         75.3486         24.6866         84.8549 
        1.05553         73.3888         24.0249         84.1027 
        1.06777         73.2209         23.3924         82.9903 
           1.08         71.7101         22.7834         81.8716 
        1.09227         70.6259         22.1942         80.7059 
         1.1046         69.4939         21.6237         79.7396 
         1.1169         68.7017         21.0744          78.596 
        1.12915         67.7987         20.5469         77.8053 
        1.14142         66.4868         20.0365         76.8521 
        1.15365         65.2849          19.545         75.9727 
        1.16585         64.4462         19.0713         74.9967 
        1.17807           63.46         18.6128         74.1928 
        1.19037          63.368         18.1665         73.4566 
        1.20276         62.0701         17.7318         72.6037 
        1.21504         61.5941         17.3148          71.727 
        1.22728         60.2731          16.913         71.0038 
        1.23954         59.6464          16.523         70.0976 
        1.25184         58.6567         16.1446         69.4928 
        1.26414         57.7151          15.778         68.6837 
        1.27632         57.2193          15.426         68.0713 
         1.2886         56.5658         15.0824         67.2241 
        1.30093         55.7925          14.748         66.3938 
        1.31316         54.9658         14.4262         65.9552 
        1.32541         54.6298          14.114         65.2123 
        1.33772         53.6698         13.8094         64.5321 
        1.35005         53.1421         13.5135         63.9257 
        1.36225         52.2288         13.2294         63.2708 
        1.37447         51.0219         12.9529         62.6113 
        1.38676         51.1873          12.683         61.9864 
        1.39907         50.3622         12.4204         61.5029 
        1.41133         49.3717         12.1665         60.9907 
        1.42358         48.8044         11.9198         60.2492 
        1.43591         48.4304         11.6783         59.7697 
        1.44818         47.7877         11.4449         59.0683 
        1.46037         47.2167         11.2192         58.6455 
        1.47263         46.7461         10.9984         58.1698 
        1.48494         45.8989         10.7827         57.5503 
        1.49724         45.4975          10.573         57.0186 
        1.50952         45.1311         10.3692         56.4896 
        1.52178         44.4507         10.1712         56.0468 
        1.53409         44.0652         9.97753         55.5515 
        1.54637         43.2597         9.78933         55.0157 
        1.55858         42.4836         9.60705         54.4858 
        1.57081          42.413         9.42917         54.1232 
        1.58313         41.9046         9.25469         53.6709 
        1.59544          41.217         9.08473         53.1452 
        1.60767         40.7013         8.92013         52.6879 
        1.61994         40.1443         8.75905         52.2641 
        1.63225         39.8785         8.60162         51.7809 
        1.64452         39.4361          8.4485         51.3961 
        1.65676         38.8835         8.29959         50.9208 
          1.669         38.5712         8.15416         50.5762 
        1.68133         38.2259          8.0113         50.0841 
        1.69363         37.5711         7.87229         49.7033 
        1.70585         37.3429         7.73746          49.366 
        1.71809         36.6689         7.60553          48.864 
        1.73038         36.4709         7.47626         48.5579 
        1.74268         35.8769         7.34992         48.0764 
        1.75493         35.5388         7.22708          47.724 
        1.76714         35.1384         7.10736         47.3632 
        1.77942         34.8517         6.98975         46.9929 
        1.79173         34.3875         6.87451         46.5874 
        1.80402         33.9974          6.7621         46.3167 
         1.8163         33.6941         6.65227         45.8215 
         1.8286         33.1964          6.5447         45.5562 
         1.8409          32.867          6.4396         45.1374 
        1.85315         32.5225         6.33716         44.8753 
        1.86537         32.1058         6.23715         44.5323 
        1.87765         31.9189         6.13893          44.159 
        1.88995         31.4226          6.0426         43.7551 
        1.90221         31.1736         5.94867         43.4385 
        1.91445         30.6771         5.85689         43.1598 
        1.92674         30.4229         5.76673         42.7955 
        1.93902         30.0928         5.67847         42.4944 
        1.95124         29.6052         5.59252         42.2239 
         1.9635         29.3684         5.50814         41.8754 
        1.97583         29.0698         5.42496         41.6111 
        1.98812         28.7552         5.34382         41.2779 
        2.00039         28.4061          5.2645         40.9661 
        2.01264         28.0695         5.18687         40.7054 
        2.02492         27.8414         5.11069         40.3891 
        2.03717         27.4709         5.03617         40.0827 
        2.04942         27.2121         4.96323         39.7767 
        2.06171         26.9461         4.89149         39.5085 
        2.07397         26.6793         4.82133           39.21 
        2.08629         26.3731         4.75225         38.9263 
        2.09857         26.0827         4.68469         38.6655 
        2.11081         25.7823         4.61872         38.3776 
        2.12309          25.583         4.55387         38.0945 
        2.13538         25.1445         4.49016         37.8718 
        2.14763          25.035         4.42789         37.5794 
        2.15986         24.7259         4.36695         37.2937 
        2.17214         24.4692          4.3069         37.0691 
        2.18443         24.2051         4.24793         36.7606 
        2.19671         23.8987         4.19013         36.5199 
        2.20898         23.6741         4.13348         36.2472 
        2.22126         23.5634         4.07782         35.9959 
        2.23354         23.2703          4.0232         35.7911 
         2.2458         23.0561         3.96967         35.5297 
        2.25807         22.7161         3.91708         35.2596 
        2.27035          22.485         3.86538         35.0433 
        2.28263         22.3187         3.81465         34.8111 
         2.2949         22.0881         3.76486         34.5711 
        2.30718         21.8914         3.71594         34.3107 
        2.31946         21.7197         3.66786         34.0832 
        2.33169         21.4483         3.62085         33.8549 
        2.34393         21.2218         3.57458         33.6242 
        2.35622         21.0311         3.52898         33.4256 
        2.36847         20.7914         3.48429         33.1646 
        2.38076         20.6425         3.44025         32.9801 
        2.39305         20.3806         3.39699         32.7676 
        2.40534         20.2166         3.35446         32.5001 
        2.41762         19.9949         3.31267         32.3337 
        2.42989         19.8959         3.27165         32.0728 
        2.44216         19.5887         3.23133          31.891 
         2.4544           19.53         3.19179         31.6724 
        2.46667            19.3         3.15282         31.4684 
        2.47897         19.0646          3.1144         31.2514 
        2.49124          18.977         3.07673          31.051 
        2.50349          18.714         3.03974         30.8477 
        2.51578         18.5836         3.00324         30.6602 
        2.52805         18.3911         2.96741         30.4511 
        2.54029         18.2431         2.93225         30.2515 
        2.55257         18.1267         2.89756         30.0478 
        2.56487         17.8873         2.86336         29.8666 
        2.57716         17.8021         2.82976          29.652 
        2.58942         17.6565         2.79678         29.4893 
        2.60167         17.4352         2.76436         29.2933 
        2.61395         17.3112          2.7324         29.1021 
        2.62624         17.2328          2.7009         28.9111 
        2.63849         17.0298         2.66999         28.7464 
        2.65073          16.852         2.63961         28.5491 
        2.66302         16.7245         2.60959          28.382 
         2.6753         16.6536         2.58005         28.1993 
        2.68756         16.5176         2.55103         28.0393 
        2.69983         16.3495         2.52244         27.8316 
        2.71213         16.1907         2.49423         27.6567 
        2.72441         16.0746         2.46649         27.4805 
        2.73665         15.9701         2.43925         27.3081 
         2.7489         15.8684         2.41243         27.1439 
        2.76118         15.7516         2.38594         26.9697 
        2.77349         15.6378         2.35978         26.8105 
        2.78576         15.5177         2.33411         26.6571 
        2.79802          15.421         2.30884         26.4779 
        2.81031         15.3223         2.28389         26.3133 
        2.82259         15.1858         2.25931         26.1664 
        2.83483         15.1524         2.23519         25.9987 
         2.8471         15.0616         2.21137         25.8214 
         2.8594         14.9134         2.18783           25.66 
         2.8717         14.8642         2.16464         25.5091 
        2.88396          14.765         2.14187         25.3493 
        2.89619         14.7203         2.11947          25.197 
        2.90847         14.6001         2.09731         25.0562 
        2.92072         14.5375          2.0755          24.884 
        2.93299         14.4514         2.05399          24.754 
        2.94526         14.3982         2.03277         24.6105 
        2.95753         14.3711         2.01185         24.4484 
        2.96982         14.2669         1.99119          24.304 
        2.98209         14.1926         1.97086         24.1638 
        2.99436         14.1682          1.9508         24.0124 
        3.00666         14.1307         1.93099         23.8625 
        3.01894         14.0644         1.91149         23.7301 
        3.03119         14.0386         1.89228         23.5887 
        3.04345         13.9674         1.87334         23.4429 
        3.05573         13.9735         1.85462         23.3061 
          3.068         13.8917         1.83617          23.168 
        3.08026         13.8857           1.818         23.0211 
        3.09254         13.7993         1.80004         22.8891 
        3.10483         13.8331         1.78231         22.7617 
         3.1171           13.88         1.76485         22.6295 
        3.12933         13.8262         1.74767         22.4967 
        3.14159         13.7602         1.73069         22.3544 
