# k  (h/Mpc)    P(k)  (Mpc/h)^3    P_linear(k)  (Mpc/h)^3     P_NL(k)  ShotnoiseSubtracted = false
      0.0156606         4852.41         4968.76         4942.57 
      0.0273761         4200.04         4292.18         4276.29 
      0.0384619         3189.05         3232.31         3223.88 
      0.0498308         2492.15         2541.81          2535.2 
      0.0625568         2102.22         2159.88         2152.37 
      0.0751274         1830.88         1834.87         1822.72 
      0.0867833         1444.55         1477.19         1474.98 
      0.0984825         1179.63         1168.95          1175.6 
       0.111151          990.91         976.023         982.692 
       0.123864         890.223         879.572         885.059 
       0.135742         801.388          790.94         796.549 
        0.14762         682.631         676.284         689.531 
       0.160083          566.75         563.715         578.755 
       0.172465         501.708         492.011          510.34 
       0.184281         464.818         453.573         473.015 
       0.196406         424.058         418.871         434.194 
       0.209011          384.65         372.686         389.737 
       0.221538         343.722         325.691         349.525 
       0.233611         312.271         291.408         318.005 
       0.245665         293.172         268.957         292.693 
       0.258103         266.226         250.376          274.02 
       0.270422         248.867         230.066         253.279 
       0.282519         226.274         208.797         233.316 
       0.294636         219.337         190.237         216.106 
       0.306978         193.542         176.001         202.842 
       0.319417         185.174          164.55         190.404 
        0.33169         172.567          153.59         178.566 
       0.343948         164.563          142.31         168.161 
       0.356249         152.035         131.731         159.297 
       0.368458         145.949          122.87         148.914 
        0.38068         137.751         115.461         141.215 
       0.392856          128.45         108.697         134.587 
       0.405069          122.09         102.083         127.774 
       0.417459         115.572          95.679         120.935 
       0.429752         110.986         89.9303         115.376 
       0.441978         106.182         84.8845         110.999 
       0.454294         98.7692         80.3027         105.189 
        0.46658         98.7242         76.0036         101.011 
       0.478753          92.035         71.9479         96.9822 
       0.490964         89.1968         68.1381           93.13 
       0.503334         85.3726         64.6222         89.3846 
       0.515665         82.0553         61.4159         86.7752 
       0.527909         78.9101         58.4558         82.4245 
       0.540159         76.0802         55.6552         79.7516 
        0.55248         72.0478          52.998         76.7125 
       0.564743         70.6218         50.5378         74.3724 
        0.57686         68.4237         48.2765         71.8077 
       0.589077         64.9027         46.1418         69.7514 
       0.601441         63.1311         44.1121          67.553 
        0.61382         61.3304         42.1983         65.1625 
       0.626067         58.7831         40.4125         63.4026 
       0.638306         57.0309         38.7308         61.4035 
       0.650632         55.1481         37.1375         59.3046 
       0.662899         53.9311         35.6444         57.6058 
       0.675076         51.7143         34.2451         56.0291 
       0.687267         50.9862         32.9192         54.4581 
       0.699615         49.1636         31.6468         53.2501 
       0.711937         47.1782         30.4441         51.4585 
       0.724148         46.9389         29.3141         50.5544 
       0.736433         44.4017         28.2358         49.0656 
       0.748747         43.8281         27.2102         47.8227 
       0.761037         42.6106          26.238         46.7015 
       0.773197         41.6045         25.3233         45.7965 
       0.785376         40.1352         24.4512         44.6105 
       0.797761         39.6373         23.6067          43.709 
       0.810096         38.6325         22.8055         42.6386 
       0.822371         37.7289         22.0453         41.5999 
       0.834626          36.678         21.3212         40.8913 
       0.846916         35.7912         20.6278         39.9562 
       0.859215         34.6862         19.9651          39.081 
       0.871383         34.2053         19.3383          38.373 
        0.88363         33.3397         18.7347         37.6851 
       0.895928         32.5825         18.1548         36.8048 
       0.908253         31.9178         17.5984         36.2171 
       0.920535         31.3405         17.0674         35.4711 
       0.932774         30.8023         16.5602         34.7991 
        0.94508         30.1408         16.0711         34.0885 
       0.957324         29.4989         15.6043         33.5256 
        0.96953         28.8781         15.1576          32.869 
       0.981769         28.3315         14.7273         32.3886 
       0.994071         27.7004         14.3117         31.7968 
         1.0064         27.0852         13.9116         31.2627 
        1.01868          26.535          13.528         30.7758 
        1.03092         26.3276         13.1606         30.2251 
         1.0432         25.6154         12.8056         29.6528 
        1.05553         25.1391         12.4624         29.3773 
        1.06777         24.4943         12.1343         28.7636 
           1.08         23.9895         11.8184         28.3208 
        1.09227         23.6706         11.5127         27.9705 
         1.1046         23.3259         11.2168         27.4672 
         1.1169         22.9199         10.9319          27.066 
        1.12915         22.6646         10.6582         26.6876 
        1.14142         21.9767         10.3935         26.2759 
        1.15365         21.7874         10.1385         25.9158 
        1.16585          21.505         9.89281          25.573 
        1.17807         20.9941         9.65499         25.1159 
        1.19037         20.8092         9.42345         24.9028 
        1.20276         20.4939         9.19796           24.51 
        1.21504         20.0896         8.98166         24.2369 
        1.22728         19.6917         8.77323         23.8768 
        1.23954         19.4441         8.57094         23.5317 
        1.25184         19.0776         8.37467         23.2582 
        1.26414         18.8454         8.18447         22.9258 
        1.27632         18.5698         8.00191         22.6332 
         1.2886         18.3674         7.82364         22.3763 
        1.30093         17.9263          7.6502         22.1427 
        1.31316          17.734         7.48329         21.8289 
        1.32541         17.5161         7.32134         21.6136 
        1.33772         17.1964         7.16331         21.3424 
        1.35005         16.9773         7.00984         21.1145 
        1.36225          16.743         6.86244         20.8534 
        1.37447         16.4097         6.71901         20.5925 
        1.38676         16.2239         6.57904         20.3886 
        1.39907         15.9752         6.44283         20.1552 
        1.41133         15.7385         6.31107         19.9202 
        1.42358          15.543         6.18313         19.6877 
        1.43591         15.3111         6.05787         19.5172 
        1.44818         15.0948         5.93678           19.31 
        1.46037         15.0089         5.81972           19.06 
        1.47263         14.7266         5.70518         18.9114 
        1.48494         14.6135         5.59328         18.6655 
        1.49724         14.3938         5.48448         18.5108 
        1.50952         14.1946         5.37881          18.337 
        1.52178         14.0084         5.27608         18.1172 
        1.53409         13.7513         5.17562         17.9421 
        1.54637         13.7238         5.07799         17.7285 
        1.55858         13.4947         4.98344         17.5807 
        1.57081         13.2734         4.89117          17.425 
        1.58313         13.1767         4.80066         17.2516 
        1.59544         12.9489          4.7125         17.1017 
        1.60767         12.8238         4.62712         16.9166 
        1.61994          12.597         4.54356         16.7776 
        1.63225         12.5336          4.4619         16.6428 
        1.64452         12.3651         4.38247         16.4975 
        1.65676         12.2021         4.30523         16.3216 
          1.669         12.1021         4.22979         16.1717 
        1.68133         11.8681         4.15568         16.0228 
        1.69363         11.7349         4.08357          15.851 
        1.70585         11.6004         4.01364          15.762 
        1.71809          11.482          3.9452         15.6142 
        1.73038         11.3578         3.87814          15.495 
        1.74268         11.2459         3.81261         15.3399 
        1.75493         11.0492         3.74888         15.2047 
        1.76714         11.0604         3.68679         15.0877 
        1.77942         10.9153         3.62578         14.9386 
        1.79173         10.6978           3.566         14.8363 
        1.80402         10.6402         3.50769         14.7208 
         1.8163         10.5147         3.45072         14.5979 
         1.8286         10.3593         3.39492         14.4845 
         1.8409          10.262          3.3404         14.3682 
        1.85315         10.1571         3.28726         14.2425 
        1.86537         10.0655         3.23538         14.1391 
        1.87765         9.97624         3.18444         14.0267 
        1.88995         9.79551         3.13446         13.9217 
        1.90221         9.75953         3.08574         13.7921 
        1.91445         9.63356         3.03813         13.7087 
        1.92674         9.52893         2.99136         13.5915 
        1.93902         9.44563         2.94558         13.5095 
        1.95124         9.32427           2.901         13.4038 
         1.9635         9.23372         2.85722         13.2939 
        1.97583         9.15657         2.81408         13.1765 
        1.98812         9.08271         2.77199         13.0791 
        2.00039         8.99739         2.73084         13.0004 
        2.01264         8.90636         2.69057         12.9115 
        2.02492         8.83214         2.65106          12.801 
        2.03717         8.69633          2.6124          12.713 
        2.04942         8.60292         2.57457         12.6223 
        2.06171         8.57845         2.53735         12.5355 
        2.07397         8.46967         2.50096         12.4525 
        2.08629         8.39417         2.46512         12.3721 
        2.09857         8.31706         2.43008         12.2759 
        2.11081         8.24694         2.39586         12.2068 
        2.12309          8.1386         2.36222         12.0977 
        2.13538         8.06935         2.32917         12.0224 
        2.14763         7.98713         2.29687          11.944 
        2.15986         7.95218         2.26526         11.8713 
        2.17214         7.87541         2.23411         11.7704 
        2.18443          7.7747         2.20352         11.7048 
        2.19671         7.74791         2.17354         11.6261 
        2.20898         7.63374         2.14415         11.5525 
        2.22126         7.55687         2.11528         11.4716 
        2.23354         7.52412         2.08695         11.3876 
         2.2458         7.43557         2.05918         11.3268 
        2.25807         7.37579          2.0319         11.2411 
        2.27035         7.31952         2.00508         11.1734 
        2.28263         7.25883         1.97877         11.0972 
         2.2949         7.17628         1.95294         11.0324 
        2.30718         7.12255         1.92756         10.9754 
        2.31946         7.07187         1.90262         10.9009 
        2.33169         7.00912         1.87823         10.8337 
        2.34393         6.96144         1.85423         10.7595 
        2.35622           6.912         1.83058         10.6965 
        2.36847         6.84861          1.8074         10.6275 
        2.38076         6.79063         1.78456         10.5638 
        2.39305         6.70734         1.76211         10.4883 
        2.40534         6.67229         1.74005         10.4208 
        2.41762         6.62353         1.71837         10.3743 
        2.42989          6.5854          1.6971         10.3119 
        2.44216         6.52999         1.67618         10.2413 
         2.4544         6.46779         1.65567          10.182 
        2.46667         6.45766         1.63545          10.122 
        2.47897         6.40053         1.61553         10.0518 
        2.49124         6.32643         1.59599         9.99408 
        2.50349         6.29556          1.5768         9.94502 
        2.51578         6.23949         1.55787         9.88943 
        2.52805         6.20671         1.53928          9.8318 
        2.54029         6.14811         1.52104         9.77566 
        2.55257         6.13707         1.50305         9.71759 
        2.56487          6.0686         1.48531         9.65177 
        2.57716          6.0306         1.46788         9.60447 
        2.58942         6.00791         1.45077         9.55097 
        2.60167         5.96282         1.43395         9.49348 
        2.61395         5.90667         1.41737         9.44224 
        2.62624         5.89055         1.40103         9.38766 
        2.63849         5.86834           1.385         9.33687 
        2.65073          5.8155         1.36924         9.27826 
        2.66302         5.78209         1.35367         9.22393 
         2.6753         5.74272         1.33835         9.17361 
        2.68756         5.71539         1.32329         9.13136 
        2.69983         5.67904         1.30846          9.0713 
        2.71213         5.64404         1.29383         9.02101 
        2.72441         5.60943         1.27944         8.97402 
        2.73665         5.59608         1.26531          8.9201 
         2.7489         5.57444          1.2514         8.87373 
        2.76118          5.5235         1.23765         8.83401 
        2.77349         5.50238         1.22408         8.78002 
        2.78576         5.48531         1.21077         8.73346 
        2.79802         5.44717         1.19766         8.68636 
        2.81031         5.42985         1.18472         8.64331 
        2.82259         5.39752         1.17197           8.597 
        2.83483         5.38437         1.15946         8.54873 
         2.8471         5.36594          1.1471         8.50762 
         2.8594         5.35791         1.13489         8.46371 
         2.8717         5.31492         1.12286         8.41179 
        2.88396         5.29849         1.11105         8.37032 
        2.89619         5.26605         1.09943         8.33267 
        2.90847         5.26476         1.08793          8.2825 
        2.92072         5.26489         1.07662         8.23839 
        2.93299         5.25607         1.06546         8.20215 
        2.94526         5.23553         1.05445         8.15597 
        2.95753         5.21861          1.0436         8.11171 
        2.96982         5.19795         1.03289         8.07276 
        2.98209         5.19168         1.02234         8.02589 
        2.99436         5.18557         1.01194         7.98638 
        3.00666         5.19528         1.00166         7.95015 
        3.01894         5.16834        0.991542         7.90457 
        3.03119          5.1728         0.98158         7.86553 
        3.04345         5.16729        0.971754         7.82712 
        3.05573         5.15873        0.962043         7.78459 
          3.068         5.15212        0.952475         7.74898 
        3.08026         5.17647        0.943047          7.7121 
        3.09254         5.16946         0.93373         7.67089 
        3.10483         5.16286        0.924536         7.63524 
         3.1171         5.17279        0.915479         7.59985 
        3.12933         5.17753        0.906568         7.55759 
        3.14159          5.1662        0.897756         7.52104 
