# k  (h/Mpc)    P(k)  (Mpc/h)^3    P_linear(k)  (Mpc/h)^3     P_NL(k)  ShotnoiseSubtracted = false
      0.0156606         20485.2         20657.8         20498.3 
      0.0273761         17540.7         17830.8         17644.5 
      0.0384619         13257.5         13421.3         13257.6 
      0.0498308         10239.6         10550.7         10386.6 
      0.0625568         8647.56         8963.17         8816.66 
      0.0751274         7694.21         7613.18            7407 
      0.0867833         5963.35         6128.41         6065.07 
      0.0984825         5031.85         4849.24         4907.19 
       0.111151         4300.51         4048.62         4119.82 
       0.123864         3853.72         3648.35         3706.08 
       0.135742         3511.11         3280.59         3338.61 
        0.14762          3054.2         2804.95            2959 
       0.160083         2590.37            2338         2527.31 
       0.172465         2310.56         2040.56         2281.42 
       0.184281         2097.29         1881.11          2123.2 
       0.196406            1974         1737.17         1954.63 
       0.209011         1844.86         1545.61         1771.13 
       0.221538          1662.2         1350.69            1652 
       0.233611         1590.32          1208.5         1546.87 
       0.245665         1443.04         1115.39            1428 
       0.258103         1424.69         1038.32         1347.99 
       0.270422          1271.9         954.091         1265.75 
       0.282519          1199.3         865.884         1196.99 
       0.294636         1179.95         788.911         1133.26 
       0.306978         1075.74         729.872         1085.49 
       0.319417         1052.96         682.384         1023.28 
        0.33169         990.594          636.93         968.597 
       0.343948         949.827         590.149         938.459 
       0.356249         899.483         546.279         903.326 
       0.368458         865.874         509.533         862.367 
        0.38068         850.075         478.807         829.151 
       0.392856         806.513         450.755         799.809 
       0.405069         766.509         423.325         774.403 
       0.417459         737.386         396.769         745.955 
       0.429752         731.567         372.929         719.867 
       0.441978         706.132         352.005         701.396 
       0.454294         674.462         333.004         672.636 
        0.46658          655.88         315.176         658.636 
       0.478753         642.748         298.357         638.434 
       0.490964         618.019         282.558         618.827 
       0.503334         590.728         267.978         604.766 
       0.515665         589.121         254.681         591.357 
       0.527909          565.31         242.407         578.376 
       0.540159         551.301         230.793         563.444 
        0.55248         540.592         219.774         548.764 
       0.564743         536.435         209.572         539.431 
        0.57686         517.636         200.194          525.04 
       0.589077         506.642         191.342         513.391 
       0.601441          496.95         182.925         503.191 
        0.61382         483.873         174.989         494.445 
       0.626067         478.497         167.583         484.961 
       0.638306         460.728         160.609         475.289 
       0.650632         456.322         154.002         463.547 
       0.662899         452.514          147.81         458.076 
       0.675076         436.973         142.008         451.419 
       0.687267         425.186         136.509         440.672 
       0.699615         422.573         131.233         433.724 
       0.711937         415.153         126.246         425.704 
       0.724148         401.429          121.56         419.817 
       0.736433         392.119         117.088         412.209 
       0.748747         387.256         112.835         404.854 
       0.761037         380.245         108.804          399.76 
       0.773197         375.291         105.011         393.445 
       0.785376         369.995         101.394         387.634 
       0.797761         359.425         97.8924         381.628 
       0.810096         356.485         94.5696         376.861 
       0.822371         345.829         91.4173         370.694 
       0.834626         343.315         88.4145         366.163 
       0.846916         337.007         85.5394         360.485 
       0.859215         334.887         82.7912         355.294 
       0.871383         326.843         80.1917         350.516 
        0.88363         324.321          77.689         346.944 
       0.895928         318.729         75.2841         341.484 
       0.908253         310.806          72.977         335.971 
       0.920535         306.509         70.7748         332.057 
       0.932774         300.697         68.6716         327.182 
        0.94508         296.554         66.6437         323.822 
       0.957324         294.656         64.7079         319.447 
        0.96953         290.642         62.8554         315.518 
       0.981769         283.191          61.071         312.108 
       0.994071         282.256         59.3478         308.253 
         1.0064         276.579         57.6884         303.759 
        1.01868         273.592         56.0976         299.881 
        1.03092         265.659         54.5741         297.203 
         1.0432         262.814          53.102         293.604 
        1.05553         259.781         51.6787          289.62 
        1.06777         257.563         50.3182          286.47 
           1.08         251.583         49.0082         283.233 
        1.09227         250.094         47.7408         279.838 
         1.1046         245.795         46.5136         277.126 
         1.1169         240.252          45.332         273.398 
        1.12915         237.232         44.1974         270.797 
        1.14142         232.868         43.0994          267.48 
        1.15365          230.17         42.0421         264.659 
        1.16585         226.193         41.0233         261.574 
        1.17807         223.928         40.0371         259.023 
        1.19037         220.926         39.0769         256.753 
        1.20276         217.911         38.1418         253.405 
        1.21504         213.306         37.2449         250.605 
        1.22728         210.095         36.3806           247.6 
        1.23954         209.124         35.5417         245.488 
        1.25184          204.67         34.7278         242.827 
        1.26414         200.733         33.9391          240.47 
        1.27632         199.719         33.1821         238.412 
         1.2886         198.254         32.4429         235.578 
        1.30093         193.049         31.7236         232.727 
        1.31316         189.319         31.0315         230.282 
        1.32541         188.247         30.3599         228.111 
        1.33772         185.679         29.7046         225.893 
        1.35005          183.18         29.0682         223.355 
        1.36225         179.878          28.457         221.275 
        1.37447         177.348         27.8622         218.559 
        1.38676         175.513         27.2818         216.941 
        1.39907          172.89         26.7169         214.406 
        1.41133         169.884         26.1706          212.27 
        1.42358         167.929           25.64         210.269 
        1.43591         165.974         25.1206         208.249 
        1.44818         162.987         24.6185         206.178 
        1.46037          161.41          24.133         203.984 
        1.47263         158.656         23.6581         202.226 
        1.48494         156.834         23.1941         199.745 
        1.49724         154.565         22.7429         198.369 
        1.50952         151.723         22.3047         196.255 
        1.52178         150.796         21.8787         194.134 
        1.53409         147.726         21.4621         192.483 
        1.54637         145.876         21.0573         190.894 
        1.55858         143.904         20.6652         188.813 
        1.57081         141.637         20.2826         187.121 
        1.58313          139.77         19.9073         185.212 
        1.59544         137.305         19.5417         183.562 
        1.60767         136.256         19.1876         181.907 
        1.61994         133.837         18.8411          180.24 
        1.63225         132.047         18.5025          178.33 
        1.64452         129.815         18.1731         176.737 
        1.65676         128.046         17.8528         175.216 
          1.669         126.917           17.54         173.615 
        1.68133         124.386         17.2327         172.031 
        1.69363         122.403         16.9336         170.518 
        1.70585         120.441         16.6436             169 
        1.71809         118.994         16.3598         167.175 
        1.73038         117.978         16.0818         165.833 
        1.74268         116.825           15.81         164.226 
        1.75493         113.764         15.5458         162.856 
        1.76714           113.3         15.2882         161.487 
        1.77942         111.186         15.0353         159.885 
        1.79173          109.46         14.7874         158.513 
        1.80402         108.465         14.5456         157.106 
         1.8163         106.217         14.3093         155.775 
         1.8286         104.945         14.0779         154.307 
         1.8409         104.145         13.8519         152.871 
        1.85315          101.96         13.6315         151.632 
        1.86537         101.158         13.4164         150.375 
        1.87765          99.933         13.2051         149.091 
        1.88995         98.1676         12.9979         147.707 
        1.90221         96.9438         12.7958         146.519 
        1.91445         95.7184         12.5984         145.112 
        1.92674         94.2193         12.4045         143.874 
        1.93902         92.9629         12.2146         142.582 
        1.95124         91.8695         12.0298         141.382 
         1.9635         90.3574         11.8482         140.135 
        1.97583         89.0162         11.6693         138.968 
        1.98812         87.8941         11.4948         137.906 
        2.00039         86.8785         11.3242          136.62 
        2.01264         85.7961         11.1572         135.498 
        2.02492         84.8961         10.9933         134.279 
        2.03717         83.4335          10.833         133.199 
        2.04942         82.7512         10.6761          132.12 
        2.06171         80.9748         10.5218          130.97 
        2.07397         80.1734         10.3709         129.936 
        2.08629         79.1633         10.2223         128.806 
        2.09857         78.0726          10.077         127.768 
        2.11081          76.755         9.93507         126.589 
        2.12309         75.7195         9.79556         125.671 
        2.13538         74.7476         9.65853         124.563 
        2.14763         73.8129         9.52458         123.569 
        2.15986         72.7701         9.39349         122.478 
        2.17214         71.9685         9.26433         121.499 
        2.18443          71.017         9.13748         120.671 
        2.19671         69.9528         9.01316         119.632 
        2.20898         69.2604          8.8913         118.572 
        2.22126         68.2372         8.77156          117.67 
        2.23354         67.4845         8.65407         116.734 
         2.2458         66.2265         8.53893         115.795 
        2.25807           65.52         8.42579         114.844 
        2.27035         64.6136         8.31461         113.906 
        2.28263          63.776         8.20548         113.026 
         2.2949         62.8023         8.09837         112.138 
        2.30718         61.8906         7.99314         111.256 
        2.31946          61.471         7.88972         110.302 
        2.33169         60.3757         7.78859         109.467 
        2.34393         59.9259         7.68907         108.676 
        2.35622         58.7898         7.59097         107.789 
        2.36847         58.3753         7.49486         107.053 
        2.38076         57.3903         7.40013         106.079 
        2.39305         56.7832         7.30706         105.364 
        2.40534         56.0309         7.21558         104.493 
        2.41762         55.3807         7.12569         103.643 
        2.42989         54.5289         7.03746         102.908 
        2.44216         53.9877         6.95074          102.05 
         2.4544         53.1546         6.86567           101.3 
        2.46667         52.5664         6.78184         100.519 
        2.47897         51.9889          6.6992         99.7124 
        2.49124         51.4481         6.61817         98.9925 
        2.50349         50.9299          6.5386          98.234 
        2.51578         50.1437          6.4601         97.5837 
        2.52805         49.5746         6.38302         96.7608 
        2.54029         49.0786          6.3074         96.0026 
        2.55257         48.4374         6.23277         95.3459 
        2.56487         48.1575         6.15921         94.6619 
        2.57716         47.4044         6.08694         93.9463 
        2.58942         46.7559         6.01599         93.2449 
        2.60167         46.2288         5.94624         92.5648 
        2.61395          45.759          5.8775         91.8812 
        2.62624         45.1321         5.80974         91.1479 
        2.63849         44.6378         5.74327         90.4995 
        2.65073         44.2097         5.67791         89.8412 
        2.66302         43.6856         5.61333         89.1588 
         2.6753         43.2599          5.5498         88.5443 
        2.68756         42.8162         5.48738         87.8735 
        2.69983         42.2614         5.42587         87.2685 
        2.71213          41.862         5.36518         86.6419 
        2.72441         41.4306         5.30553         86.0054 
        2.73665         40.9226         5.24693         85.4102 
         2.7489         40.5093         5.18925         84.8063 
        2.76118         40.1387         5.13225         84.1875 
        2.77349         39.6865         5.07598         83.5928 
        2.78576         39.3212         5.02077         82.9675 
        2.79802         38.9868         4.96641         82.4576 
        2.81031         38.4498         4.91274         81.8522 
        2.82259         38.2668         4.85987         81.2443 
        2.83483         37.7671         4.80799         80.7236 
         2.8471         37.4623         4.75676         80.1374 
         2.8594         37.1115         4.70612         79.5581 
         2.8717         36.9343         4.65623          79.041 
        2.88396         36.5089         4.60726         78.4831 
        2.89619         36.2966         4.55908         77.8932 
        2.90847         35.8981          4.5114         77.3344 
        2.92072          35.692         4.46449          76.853 
        2.93299          35.536         4.41822          76.344 
        2.94526         35.1273         4.37256         75.8111 
        2.95753          34.907         4.32757         75.2762 
        2.96982         34.5944         4.28313         74.7727 
        2.98209         34.3883         4.23941         74.2797 
        2.99436         34.1149         4.19625         73.7401 
        3.00666          34.075         4.15363         73.2473 
        3.01894         33.7069         4.11168         72.7528 
        3.03119         33.6722         4.07037         72.2843 
        3.04345         33.5051         4.02963         71.8161 
        3.05573         33.1715         3.98936         71.3277 
          3.068          33.104         3.94968         70.8526 
        3.08026         32.9292         3.91059         70.3751 
        3.09254         32.8613         3.87195         69.9177 
        3.10483         32.8234         3.83382         69.4626 
         3.1171          32.649         3.79627         68.9984 
        3.12933         32.5137         3.75931          68.537 
        3.14159         32.3909         3.72277         68.0715 
