# k  (h/Mpc)    Pcb(k)  (Mpc/h)^3    Pcb_linear(k) (Mpc/h)^3    Pcb_NL(k) (Mpc/h)^3   ShotnoiseSubtracted = false
      0.0156606         2205.87          2207.2         2196.52 
      0.0273761         1917.84         1910.07         1905.17 
      0.0384619         1457.29         1439.59         1438.27 
      0.0498308         1143.18         1132.58         1132.15 
      0.0625568         964.565         962.684         961.373 
      0.0751274         833.033          817.97         815.359 
      0.0867833         661.916         658.589         658.293 
      0.0984825         535.263         521.206         522.974 
       0.111151         448.053         435.209         436.904 
       0.123864         402.436         392.219         393.425 
       0.135742         361.423         352.707         353.871 
        0.14762         307.038         301.585         304.429 
       0.160083         255.042         251.391         254.667 
       0.172465         224.421         219.418         223.328 
       0.184281         208.018         202.278         206.416 
       0.196406           189.8         186.804         189.954 
       0.209011         170.753         166.209         169.813 
       0.221538         151.365         145.251         150.311 
       0.233611         136.179         129.962         135.576 
       0.245665         127.765         119.951         124.934 
       0.258103         115.161         111.664         116.621 
       0.270422         108.073         102.606         107.401 
       0.282519         98.0338         93.1211         98.2677 
       0.294636         92.9154         84.8438         90.2698 
       0.306978         82.4072         78.4948         84.0935 
       0.319417          78.522         73.3882         78.8093 
        0.33169         72.9719         68.5001         73.7362 
       0.343948         69.0983         63.4694         68.7617 
       0.356249         63.3127         58.7514         64.6082 
       0.368458         60.2664         54.7998         60.1487 
        0.38068         56.3902          51.495          56.805 
       0.392856         52.7865         48.4783         53.8374 
       0.405069         49.9014         45.5286         50.6945 
       0.417459          46.522         42.6724         47.9278 
       0.429752         44.4883         40.1086          45.349 
       0.441978         42.3181         37.8583         43.3178 
       0.454294         39.4014         35.8148         40.9873 
        0.46658         38.8761         33.8975         39.0245 
       0.478753         36.1806         32.0887         37.2239 
       0.490964         34.8875         30.3897         35.6521 
       0.503334         33.3892         28.8215         33.8949 
       0.515665         31.6103         27.3914         32.6716 
       0.527909         30.2459         26.0713         30.9628 
       0.540159         28.8987         24.8224         29.7014 
        0.55248           27.01         23.6373         28.4016 
       0.564743         26.6282         22.5399         27.4322 
        0.57686         25.6749         21.5314         26.3328 
       0.589077         24.1424         20.5793         25.4398 
       0.601441         23.2394         19.6741         24.4685 
        0.61382         22.3928         18.8205         23.4686 
       0.626067         21.4852         18.0241         22.6852 
       0.638306         20.7367          17.274         21.8274 
       0.650632         20.1766         16.5634         21.1208 
       0.662899          19.237         15.8975         20.3503 
       0.675076         18.3375         15.2734         19.6687 
       0.687267         17.9994          14.682         18.9847 
       0.699615         17.4036         14.1146         18.4067 
       0.711937          16.496         13.5782         17.8174 
       0.724148         16.3779         13.0742         17.3062 
       0.736433         15.4341         12.5933         16.7268 
       0.748747         15.0946         12.1358         16.2606 
       0.761037         14.7279         11.7022         15.7946 
       0.773197         14.1423         11.2943          15.367 
       0.785376         13.6297         10.9053         14.9238 
       0.797761         13.2816         10.5287         14.4857 
       0.810096         12.9453         10.1713         14.1383 
       0.822371         12.5949         9.83229         13.6994 
       0.834626         12.1831         9.50932          13.368 
       0.846916         11.7813          9.2001         13.0141 
       0.859215         11.3446         8.90453         12.6934 
       0.871383         11.1013         8.62495         12.3975 
        0.88363          10.812         8.35577         12.0756 
       0.895928         10.5945         8.09711         11.7571 
       0.908253         10.2948         7.84897         11.4899 
       0.920535         9.96234         7.61212         11.2008 
       0.932774         9.78942         7.38591         10.8959 
        0.94508          9.4551         7.16781         10.6862 
       0.957324         9.25772         6.95961         10.4675 
        0.96953         8.92975         6.76036         10.2184 
       0.981769         8.81837         6.56845         9.97699 
       0.994071         8.60399         6.38311         9.76676 
         1.0064         8.30845         6.20463         9.56193 
        1.01868         8.13282         6.03354         9.35777 
        1.03092         7.98006         5.86969         9.14761 
         1.0432         7.68514         5.71136         8.95918 
        1.05553          7.5587         5.55828         8.79976 
        1.06777         7.33175         5.41194         8.61472 
           1.08         7.20557         5.27105         8.44138 
        1.09227         7.03991         5.13473         8.27106 
         1.1046          6.8852         5.00275         8.09954 
         1.1169         6.66304         4.87566         7.94811 
        1.12915         6.64125         4.75363         7.82675 
        1.14142         6.38907         4.63554         7.65415 
        1.15365         6.28736         4.52183         7.51577 
        1.16585         6.20005         4.41224          7.3965 
        1.17807         6.03248         4.30617         7.24037 
        1.19037         5.89167          4.2029         7.11492 
        1.20276         5.75607         4.10233         6.98026 
        1.21504         5.65189         4.00586          6.8752 
        1.22728         5.51212          3.9129         6.74048 
        1.23954         5.42216         3.82268         6.64861 
        1.25184         5.30235         3.73514         6.52374 
        1.26414         5.23324         3.65031         6.40306 
        1.27632          5.0727         3.56889         6.31286 
         1.2886         5.01139         3.48938         6.20641 
        1.30093         4.90187         3.41203         6.12249 
        1.31316         4.77436         3.33758         6.01309 
        1.32541         4.70808         3.26535         5.93158 
        1.33772         4.62092         3.19487         5.82574 
        1.35005         4.54555         3.12642         5.74285 
        1.36225         4.45467         3.06068         5.64453 
        1.37447         4.36899         2.99671         5.57351 
        1.38676         4.27915         2.93429         5.48555 
        1.39907          4.1942         2.87353         5.41099 
        1.41133          4.1307         2.81477         5.32876 
        1.42358         4.05741         2.75771         5.24631 
        1.43591         4.00064         2.70184         5.18597 
        1.44818         3.89758         2.64783         5.10878 
        1.46037         3.82411         2.59563         5.03366 
        1.47263         3.76856         2.54454         4.96837 
        1.48494         3.71654         2.49463         4.89839 
        1.49724         3.64315         2.44611         4.82989 
        1.50952          3.6237         2.39898         4.76732 
        1.52178         3.53024         2.35316         4.70754 
        1.53409          3.4582         2.30835         4.63435 
        1.54637         3.41227         2.26481         4.57735 
        1.55858         3.35923         2.22264         4.50892 
        1.57081         3.29623         2.18149         4.46651 
        1.58313         3.24022         2.14112         4.40452 
        1.59544         3.19014          2.1018         4.35457 
        1.60767         3.15037         2.06372         4.29528 
        1.61994         3.08665         2.02645         4.24791 
        1.63225          3.0361         1.99003         4.19414 
        1.64452         2.98734          1.9546         4.13972 
        1.65676         2.93528         1.92015         4.09267 
          1.669         2.90377         1.88651         4.04404 
        1.68133         2.82914         1.85346         3.99916 
        1.69363         2.82285          1.8213          3.9533 
        1.70585         2.77518          1.7901         3.90383 
        1.71809         2.74114         1.75958         3.86203 
        1.73038          2.6923         1.72967          3.8148 
        1.74268         2.64355         1.70044         3.77387 
        1.75493         2.61311         1.67202         3.73221 
        1.76714         2.58289         1.64433         3.68525 
        1.77942         2.54044         1.61712          3.6488 
        1.79173         2.50634         1.59045         3.60458 
        1.80402         2.46856         1.56445         3.56782 
         1.8163         2.44734         1.53904          3.5318 
         1.8286         2.39977         1.51415          3.4989 
         1.8409         2.36373         1.48984         3.46112 
        1.85315         2.33784         1.46614         3.41565 
        1.86537         2.30842           1.443         3.38812 
        1.87765         2.27462         1.42028         3.35205 
        1.88995         2.23892         1.39799         3.31859 
        1.90221         2.21005         1.37626         3.28306 
        1.91445         2.18625         1.35502         3.25679 
        1.92674         2.16434         1.33416         3.21674 
        1.93902          2.1235         1.31374         3.18125 
        1.95124         2.09413         1.29386         3.15604 
         1.9635         2.07862         1.27434         3.12308 
        1.97583          2.0388         1.25509         3.09354 
        1.98812         2.01543         1.23632         3.06475 
        2.00039         1.99064         1.21797         3.03296 
        2.01264         1.95964         1.20001         3.01118 
        2.02492          1.9417         1.18239         2.98185 
        2.03717         1.92093         1.16515         2.95105 
        2.04942         1.89289         1.14827         2.92238 
        2.06171         1.86636         1.13167         2.89439 
        2.07397         1.84678         1.11544            2.87 
        2.08629         1.82881         1.09946         2.84744 
        2.09857           1.805         1.08383         2.81966 
        2.11081         1.78162         1.06857         2.79342 
        2.12309         1.76579         1.05356         2.77176 
        2.13538         1.73828         1.03882         2.74607 
        2.14763         1.72963         1.02442         2.72133 
        2.15986         1.70681         1.01032         2.70076 
        2.17214         1.67624        0.996425         2.67159 
        2.18443         1.66719        0.982782         2.65168 
        2.19671          1.6474         0.96941         2.62991 
        2.20898         1.62724        0.956303         2.60859 
        2.22126         1.61074        0.943425         2.58708 
        2.23354         1.59196        0.930789         2.56482 
         2.2458          1.5812        0.918405         2.54102 
        2.25807         1.55634        0.906237         2.52119 
        2.27035         1.54032        0.894278         2.50272 
        2.28263          1.5187        0.882541         2.48261 
         2.2949          1.5112         0.87102         2.46271 
        2.30718         1.49372        0.859702         2.44398 
        2.31946          1.4726         0.84858         2.42404 
        2.33169         1.46168        0.837702         2.40516 
        2.34393         1.45375        0.826999         2.38711 
        2.35622         1.43202        0.816448         2.36845 
        2.36847         1.41992         0.80611         2.34888 
        2.38076         1.40014        0.795921          2.3306 
        2.39305         1.38853        0.785911         2.31104 
        2.40534         1.37673        0.776073         2.29632 
        2.41762         1.35961        0.766404         2.27886 
        2.42989         1.34846        0.756914         2.26299 
        2.44216         1.33829        0.747587         2.24525 
         2.4544          1.3271        0.738438         2.23032 
        2.46667         1.30986        0.729421         2.21355 
        2.47897         1.30007        0.720533         2.19545 
        2.49124         1.28473        0.711818         2.18089 
        2.50349         1.27481         0.70326         2.16392 
        2.51578         1.26322        0.694816          2.1466 
        2.52805         1.24805        0.686527         2.13292 
        2.54029         1.24187        0.678393         2.11755 
        2.55257         1.22674        0.670366         2.10246 
        2.56487          1.2162        0.662455         2.08889 
        2.57716         1.21076        0.654681         2.07319 
        2.58942         1.20128        0.647051         2.05938 
        2.60167         1.19056        0.639549         2.04468 
        2.61395         1.17624        0.632155         2.03213 
        2.62624         1.16947        0.624867         2.01766 
        2.63849         1.16025        0.617718         2.00343 
        2.65073         1.15055        0.610688         1.98987 
        2.66302          1.1412        0.603742         1.97656 
         2.6753         1.13888        0.596909          1.9639 
        2.68756         1.12569        0.590195         1.95167 
        2.69983         1.11739         0.58358         1.93823 
        2.71213         1.10725        0.577053         1.92593 
        2.72441          1.1002        0.570637         1.91315 
        2.73665         1.09319        0.564334         1.90235 
         2.7489         1.08567         0.55813          1.8911 
        2.76118         1.07696           0.552         1.87684 
        2.77349         1.07347        0.545947         1.86528 
        2.78576         1.06784         0.54001          1.8537 
        2.79802           1.061        0.534163         1.84111 
        2.81031         1.05176         0.52839         1.83026 
        2.82259         1.04475        0.522704         1.81805 
        2.83483         1.04164        0.517123         1.80743 
         2.8471         1.03578        0.511613         1.79595 
         2.8594         1.02995        0.506167          1.7852 
         2.8717         1.02608        0.500802         1.77532 
        2.88396          1.0184        0.495534         1.76429 
        2.89619         1.01407        0.490352         1.75315 
        2.90847         1.00868        0.485224         1.74266 
        2.92072         1.00662        0.480178         1.73268 
        2.93299         1.00231        0.475202         1.72174 
        2.94526         1.00041        0.470292          1.7119 
        2.95753        0.995549        0.465452         1.70221 
        2.96982        0.991884        0.460672         1.69178 
        2.98209        0.989647         0.45597         1.68215 
        2.99436        0.987152        0.451328         1.67243 
        3.00666        0.986463        0.446744         1.66258 
        3.01894        0.982865        0.442232         1.65347 
        3.03119        0.980803        0.437789          1.6438 
        3.04345        0.977657        0.433407         1.63456 
        3.05573        0.976533        0.429076         1.62613 
          3.068         0.97508        0.424808         1.61692 
        3.08026        0.973888        0.420604         1.60743 
        3.09254        0.975548        0.416448         1.59834 
        3.10483        0.975995        0.412347         1.58991 
         3.1171        0.976611        0.408308         1.58131 
        3.12933        0.976156        0.404333         1.57221 
        3.14159        0.975505        0.400403         1.56367 
