# k  (h/Mpc)    P(k)  (Mpc/h)^3    P_linear(k)  (Mpc/h)^3     P_NL(k)  ShotnoiseSubtracted = false
      0.0156606         238.086         245.162         244.037 
      0.0273761         207.674         212.128         211.709 
      0.0384619         157.629         159.873         159.878 
      0.0498308         124.219         125.776         125.871 
      0.0625568         104.877         106.907         106.867 
      0.0751274         89.4656         90.8362         90.7016 
      0.0867833         71.8477         73.1367         73.1254 
      0.0984825         57.3706         57.8803         57.9763 
       0.111151         47.9134         48.3302         48.4144 
       0.123864         43.0069          43.556         43.5846 
       0.135742         38.5811         39.1682         39.1815 
        0.14762         32.8956         33.4911         33.5741 
       0.160083         27.4286          27.917         28.0303 
       0.172465          23.973         24.3664          24.497 
       0.184281         22.1332          22.463         22.5917 
       0.196406         20.3094         20.7446         20.8332 
       0.209011         18.1318         18.4575         18.5654 
       0.221538         15.9289         16.1301         16.2916 
       0.233611         14.2489         14.4323         14.6119 
       0.245665         13.2326         13.3205         13.4766 
       0.258103         12.1229         12.4003         12.5527 
       0.270422         11.2392         11.3944         11.5399 
       0.282519          10.205         10.3411         10.5022 
       0.294636         9.39828         9.42191         9.59259 
       0.306978         8.54286         8.71687         8.89203 
       0.319417         8.05369         8.14977         8.31914 
        0.33169         7.50179         7.60694          7.7695 
       0.343948         6.99625         7.04828         7.20978 
       0.356249         6.42821         6.52435         6.71108 
       0.368458         6.03253         6.08551         6.24982 
        0.38068          5.6379         5.71857         5.88205 
       0.392856         5.31381         5.38355         5.54854 
       0.405069         5.01471         5.05596         5.21136 
       0.417459         4.63478          4.7388         4.90313 
       0.429752         4.38816         4.45409         4.61548 
       0.441978         4.16051         4.20418         4.37552 
       0.454294         3.91306         3.97725         4.13886 
        0.46658         3.73953         3.76433         3.92193 
       0.478753         3.52722         3.56346         3.71986 
       0.490964         3.36352         3.37477         3.54114 
       0.503334         3.20093         3.20064         3.35578 
       0.515665          3.0161         3.04183         3.20546 
       0.527909         2.89241         2.89523          3.0459 
       0.540159         2.73754         2.75652         2.90451 
        0.55248         2.59511         2.62492         2.76621 
       0.564743         2.50862         2.50306         2.65532 
        0.57686         2.39289         2.39107           2.537 
       0.589077         2.26312         2.28534         2.43659 
       0.601441         2.17741         2.18481         2.33242 
        0.61382         2.08402         2.09003         2.23203 
       0.626067         1.98815         2.00158         2.14207 
       0.638306          1.9141         1.91829         2.05582 
       0.650632         1.84836         1.83937         1.97905 
       0.662899         1.77468         1.76542         1.90004 
       0.675076         1.68696         1.69611         1.83042 
       0.687267         1.61946         1.63044         1.75788 
       0.699615         1.57657         1.56743         1.69353 
       0.711937         1.51015         1.50786         1.63713 
       0.724148         1.46413         1.45189         1.57812 
       0.736433         1.40078         1.39848         1.51948 
       0.748747         1.35188         1.34769         1.47322 
       0.761037         1.29996         1.29953         1.42088 
       0.773197         1.25361         1.25423         1.37719 
       0.785376         1.20958         1.21104         1.33052 
       0.797761         1.16924         1.16921         1.28434 
       0.810096         1.14158         1.12953         1.24857 
       0.822371         1.10439         1.09188         1.20546 
       0.834626         1.06984         1.05601         1.16726 
       0.846916          1.0347         1.02167         1.13603 
       0.859215        0.993299         0.98885         1.10288 
       0.871383         0.96392        0.957802         1.06861 
        0.88363        0.935097         0.92791         1.03783 
       0.895928         0.91033        0.899186         1.00663 
       0.908253        0.884016         0.87163        0.978439 
       0.920535        0.857746        0.845328        0.949251 
       0.932774        0.830454        0.820207        0.921038 
        0.94508        0.808542        0.795986        0.896705 
       0.957324        0.787318        0.772866        0.874868 
        0.96953        0.760433        0.750739        0.850742 
       0.981769        0.738825        0.729427        0.825725 
       0.994071        0.719754        0.708845        0.807529 
         1.0064        0.699103        0.689026        0.785125 
        1.01868        0.681265        0.670025        0.765244 
        1.03092        0.666304         0.65183        0.744183 
         1.0432        0.649337        0.634247        0.726223 
        1.05553         0.62897        0.617248        0.709493 
        1.06777        0.612098        0.600997        0.692318 
           1.08         0.60054        0.585351        0.674753 
        1.09227        0.581419        0.570213        0.658053 
         1.1046        0.567552        0.555557        0.643547 
         1.1169        0.553531        0.541443        0.628194 
        1.12915         0.53882        0.527892        0.613594 
        1.14142        0.529174        0.514778         0.59939 
        1.15365        0.516234         0.50215        0.586258 
        1.16585        0.502875        0.489981        0.572485 
        1.17807        0.493974        0.478202        0.560622 
        1.19037        0.477326        0.466734         0.54733 
        1.20276        0.468976        0.455565        0.534351 
        1.21504        0.459615        0.444852        0.525272 
        1.22728        0.450706        0.434529        0.511936 
        1.23954        0.439199         0.42451        0.503029 
        1.25184         0.43163        0.414789        0.491027 
        1.26414        0.421561        0.405369        0.480637 
        1.27632        0.409244        0.396326        0.471104 
         1.2886        0.399309        0.387497        0.460586 
        1.30093        0.391053        0.378907        0.452949 
        1.31316        0.381288         0.37064        0.443189 
        1.32541        0.374262        0.362619         0.43498 
        1.33772        0.367125        0.354791        0.426361 
        1.35005        0.361689         0.34719        0.418269 
        1.36225        0.353696         0.33989        0.409564 
        1.37447        0.346995        0.332786        0.402575 
        1.38676          0.3406        0.325853        0.394093 
        1.39907          0.3334        0.319107        0.387244 
        1.41133        0.325451        0.312581        0.379957 
        1.42358        0.320944        0.306245        0.372035 
        1.43591        0.314641        0.300041        0.366733 
        1.44818        0.308218        0.294043        0.360092 
        1.46037        0.302296        0.288245        0.352673 
        1.47263        0.296373        0.282572        0.346945 
        1.48494        0.290799         0.27703        0.341073 
        1.49724        0.285395        0.271641        0.335137 
        1.50952        0.279631        0.266407         0.32811 
        1.52178        0.275183        0.261319        0.322902 
        1.53409        0.270756        0.256344         0.31748 
        1.54637        0.264751        0.251508         0.31173 
        1.55858        0.260803        0.246825        0.306599 
        1.57081        0.256193        0.242255        0.301179 
        1.58313        0.252404        0.237772        0.296813 
        1.59544          0.2482        0.233406        0.291489 
        1.60767         0.24385        0.229177        0.286799 
        1.61994        0.238371        0.225038        0.282544 
        1.63225        0.234003        0.220994        0.278064 
        1.64452         0.23152         0.21706        0.273202 
        1.65676        0.228221        0.213234        0.269051 
          1.669        0.224422        0.209497        0.264527 
        1.68133        0.219921        0.205827        0.260719 
        1.69363        0.216108        0.202256        0.256633 
        1.70585        0.212574        0.198792        0.252677 
        1.71809        0.209192        0.195402        0.248695 
        1.73038        0.206411        0.192081        0.245034 
        1.74268        0.202116        0.188835        0.241015 
        1.75493         0.20094        0.185679        0.237947 
        1.76714        0.196758        0.182603        0.234216 
        1.77942        0.194383        0.179581        0.230805 
        1.79173        0.191444        0.176621        0.227019 
        1.80402        0.187946        0.173733        0.223944 
         1.8163        0.185496        0.170911        0.220195 
         1.8286        0.182575        0.168147        0.217961 
         1.8409        0.179679        0.165447         0.21435 
        1.85315        0.177717        0.162815        0.211264 
        1.86537        0.173883        0.160246        0.208371 
        1.87765        0.171528        0.157722        0.205401 
        1.88995        0.170169        0.155247        0.202766 
        1.90221        0.167955        0.152834        0.199773 
        1.91445        0.164545        0.150476        0.197149 
        1.92674        0.162259         0.14816        0.194465 
        1.93902        0.159859        0.145892        0.191599 
        1.95124        0.157543        0.143684        0.189044 
         1.9635        0.155556        0.141516        0.186439 
        1.97583        0.153882        0.139379        0.183858 
        1.98812        0.151488        0.137294        0.181854 
        2.00039        0.150171        0.135256        0.179139 
        2.01264        0.147798        0.133262        0.176936 
        2.02492        0.146427        0.131305        0.174624 
        2.03717        0.143613         0.12939        0.172379 
        2.04942        0.142188        0.127516         0.17005 
        2.06171        0.140111        0.125673        0.167872 
        2.07397        0.137941         0.12387        0.165846 
        2.08629        0.136527        0.122095        0.163651 
        2.09857        0.134974         0.12036         0.16166 
        2.11081        0.133436        0.118665        0.159394 
        2.12309         0.13123        0.116999        0.157776 
        2.13538        0.129893        0.115362         0.15567 
        2.14763        0.128425        0.113762        0.153856 
        2.15986        0.126627        0.112196        0.152049 
        2.17214        0.125127        0.110654        0.150113 
        2.18443        0.124118        0.109138        0.148231 
        2.19671        0.122249        0.107654        0.146623 
        2.20898        0.121057        0.106198        0.144716 
        2.22126         0.11926        0.104768        0.143131 
        2.23354        0.117867        0.103365        0.141531 
         2.2458        0.116783        0.101989        0.139502 
        2.25807        0.115495        0.100638        0.138173 
        2.27035        0.114063       0.0993101        0.136511 
        2.28263        0.112684       0.0980067        0.135016 
         2.2949        0.111691       0.0967273        0.133329 
        2.30718        0.110153       0.0954705        0.131871 
        2.31946         0.10929       0.0942353        0.130423 
        2.33169        0.107582       0.0930274        0.128887 
        2.34393        0.107077       0.0918387        0.127591 
        2.35622        0.105871        0.090667         0.12601 
        2.36847         0.10478       0.0895191        0.124657 
        2.38076        0.103478       0.0883876        0.123312 
        2.39305        0.102637        0.087276        0.121949 
        2.40534        0.101376       0.0861834         0.12064 
        2.41762        0.100331       0.0851097        0.119304 
        2.42989       0.0993501       0.0840559        0.117959 
        2.44216       0.0984555         0.08302        0.116754 
         2.4544       0.0973872        0.082004        0.115555 
        2.46667       0.0963587       0.0810027        0.114214 
        2.47897       0.0950772       0.0800157        0.113025 
        2.49124       0.0945232       0.0790479        0.111846 
        2.50349       0.0934748       0.0780975        0.110631 
        2.51578       0.0924222       0.0771598        0.109472 
        2.52805       0.0920869       0.0762393        0.108372 
        2.54029        0.091003        0.075336        0.107284 
        2.55257       0.0903308       0.0744447        0.106214 
        2.56487       0.0894689       0.0735661        0.105106 
        2.57716       0.0887977       0.0727029        0.104017 
        2.58942       0.0877466       0.0718554        0.102919 
        2.60167       0.0868679       0.0710223        0.101894 
        2.61395       0.0861707       0.0702012        0.100915 
        2.62624        0.085834        0.069392       0.0999159 
        2.63849       0.0847397        0.068598       0.0989188 
        2.65073       0.0840459       0.0678173       0.0979096 
        2.66302       0.0835273        0.067046       0.0969285 
         2.6753       0.0828306       0.0662872       0.0959955 
        2.68756       0.0823736       0.0655416       0.0950789 
        2.69983       0.0813991       0.0648071       0.0940342 
        2.71213       0.0807781       0.0640822       0.0932112 
        2.72441       0.0801582       0.0633697       0.0923753 
        2.73665        0.079433       0.0626698       0.0914629 
         2.7489       0.0791719       0.0619808       0.0905818 
        2.76118        0.078506          0.0613       0.0897273 
        2.77349       0.0778364       0.0606279       0.0889148 
        2.78576       0.0774808       0.0599685       0.0881149 
        2.79802       0.0767523       0.0593193       0.0871411 
        2.81031       0.0761371       0.0586781        0.086422 
        2.82259       0.0756364       0.0580467        0.085574 
        2.83483       0.0752405        0.057427       0.0847501 
         2.8471       0.0747173       0.0568151       0.0840872 
         2.8594       0.0745734       0.0562103       0.0833238 
         2.8717       0.0737951       0.0556145       0.0825113 
        2.88396       0.0735018       0.0550295       0.0818029 
        2.89619       0.0729356        0.054454       0.0810889 
        2.90847       0.0725311       0.0538846       0.0803512 
        2.92072       0.0720118       0.0533243       0.0795753 
        2.93299       0.0717101       0.0527716       0.0788631 
        2.94526       0.0714259       0.0522263       0.0782066 
        2.95753       0.0708762       0.0516889       0.0775193 
        2.96982       0.0706238       0.0511581       0.0767891 
        2.98209       0.0700144       0.0506359       0.0760996 
        2.99436       0.0699323       0.0501205       0.0754373 
        3.00666       0.0696181       0.0496114       0.0747733 
        3.01894       0.0693539       0.0491103       0.0741719 
        3.03119       0.0691423       0.0486169       0.0735301 
        3.04345       0.0686678       0.0481303       0.0729028 
        3.05573       0.0687372       0.0476493       0.0723001 
          3.068       0.0683839       0.0471754       0.0716409 
        3.08026       0.0681059       0.0467084       0.0710564 
        3.09254       0.0680103        0.046247       0.0704675 
        3.10483       0.0677664       0.0457916       0.0698805 
         3.1171       0.0676889        0.045343       0.0692674 
        3.12933       0.0673631       0.0449016       0.0686344 
        3.14159       0.0670887       0.0444652       0.0681276 
