# k  (h/Mpc)    P(k)  (Mpc/h)^3    P_linear(k)  (Mpc/h)^3     P_NL(k)  ShotnoiseSubtracted = false
      0.0156606         9642.51          9589.6         9532.38 
      0.0273761         8312.33         8280.67         8233.61 
      0.0384619         6304.72         6234.55         6200.51 
      0.0498308         4904.48         4901.99         4870.44 
      0.0625568         4138.13         4164.99         4134.68 
      0.0751274         3638.24         3538.02          3493.1 
      0.0867833         2848.04          2848.2         2837.06 
      0.0984825         2355.02         2253.82         2272.31 
       0.111151         1989.89         1881.79         1901.37 
       0.123864         1786.87         1695.79         1712.25 
       0.135742         1614.65         1524.89         1541.82 
        0.14762         1385.59         1303.83         1346.12 
       0.160083         1154.47         1086.79         1135.91 
       0.172465         1027.36         948.546         1009.64 
       0.184281          947.12         874.436         938.186 
       0.196406          869.41          807.53         860.016 
       0.209011          797.65         718.488         775.071 
       0.221538         718.065         627.885         706.699 
       0.233611         664.479          561.79         650.239 
       0.245665          617.07         518.508         598.122 
       0.258103          577.19         482.684         561.831 
       0.270422         529.218         443.529         522.311 
       0.282519         485.689         402.525         485.227 
       0.294636         479.798         366.744         453.725 
       0.306978         426.128         339.299         429.701 
       0.319417         409.574         317.224          403.93 
        0.33169         384.538         296.094         379.779 
       0.343948         366.697         274.347          362.63 
       0.356249         342.501         253.954         345.794 
       0.368458         331.595         236.871         325.569 
        0.38068         316.283         222.588         310.251 
       0.392856         295.948         209.547         297.056 
       0.405069         283.922         196.796         285.712 
       0.417459         270.978         184.451         270.549 
       0.429752         261.289         173.369         260.044 
       0.441978         252.385         163.641         251.594 
       0.454294         235.821         154.808         239.544 
        0.46658         235.379          146.52         232.201 
       0.478753         223.501         138.702         223.766 
       0.490964          216.36         131.357         215.546 
       0.503334         204.613         124.579         208.869 
       0.515665         201.142         118.398         203.735 
       0.527909         195.116         112.691          195.85 
       0.540159         189.035         107.292         190.172 
        0.55248         184.554          102.17          184.04 
       0.564743         179.235         97.4269          179.63 
        0.57686         173.235         93.0675         173.818 
       0.589077         165.975         88.9524         169.891 
       0.601441         162.868         85.0394         165.568 
        0.61382         160.962           81.35         160.975 
       0.626067         155.667         77.9073         156.967 
       0.638306         149.208         74.6653         153.504 
       0.650632         144.479         71.5936         148.319 
       0.662899         144.587         68.7152          145.35 
       0.675076         139.423         66.0177         141.942 
       0.687267         135.925         63.4615         138.751 
       0.699615         132.574         61.0088           135.9 
       0.711937         129.002         58.6901         132.657 
       0.724148         127.279         56.5117         130.774 
       0.736433         123.406          54.433         127.504 
       0.748747         120.704         52.4558         124.809 
       0.761037         118.593         50.5815         121.994 
       0.773197         116.003         48.8183         120.633 
       0.785376         114.064         47.1371         117.686 
       0.797761         112.328          45.509         116.077 
       0.810096          108.78         43.9643         113.586 
       0.822371         106.175         42.4989         111.583 
       0.834626         104.206         41.1029         109.661 
       0.846916         103.124         39.7663         107.884 
       0.859215         101.275         38.4887         105.876 
       0.871383         99.6842         37.2803         104.101 
        0.88363         97.2304         36.1168         102.757 
       0.895928         95.4098         34.9987         101.198 
       0.908253         92.9285         33.9262         99.3518 
       0.920535         92.4804         32.9024         98.0041 
       0.932774         90.2359         31.9247         96.2603 
        0.94508         89.2825         30.9819         94.7982 
       0.957324         87.5133          30.082         93.5583 
        0.96953         87.5295         29.2208         91.9531 
       0.981769         84.6219         28.3912          91.013 
       0.994071         83.7939         27.5901         89.6726 
         1.0064         81.9113         26.8187         88.3664 
        1.01868         81.1304         26.0792         87.2583 
        1.03092         79.5598         25.3709          86.075 
         1.0432          78.219         24.6866         84.8549 
        1.05553         76.1811         24.0249         84.1027 
        1.06777         76.0299         23.3924         82.9903 
           1.08         74.4768         22.7834         81.8716 
        1.09227           73.33         22.1942         80.7059 
         1.1046         72.1356         21.6237         79.7396 
         1.1169         71.3063         21.0744          78.596 
        1.12915         70.3785         20.5469         77.8053 
        1.14142          69.019         20.0365         76.8521 
        1.15365         67.7378          19.545         75.9727 
        1.16585         66.8836         19.0713         74.9967 
        1.17807         65.8613         18.6128         74.1928 
        1.19037         65.7646         18.1665         73.4566 
        1.20276         64.3918         17.7318         72.6037 
        1.21504         63.9164         17.3148          71.727 
        1.22728         62.5309          16.913         71.0038 
        1.23954         61.8979          16.523         70.0976 
        1.25184         60.8487         16.1446         69.4928 
        1.26414         59.8687          15.778         68.6837 
        1.27632         59.3392          15.426         68.0713 
         1.2886         58.6298         15.0824         67.2241 
        1.30093         57.8357          14.748         66.3938 
        1.31316         56.9974         14.4262         65.9552 
        1.32541          56.628          14.114         65.2123 
        1.33772         55.6436         13.8094         64.5321 
        1.35005         55.1025         13.5135         63.9257 
        1.36225         54.1542         13.2294         63.2708 
        1.37447         52.9052         12.9529         62.6113 
        1.38676         53.0534          12.683         61.9864 
        1.39907         52.1837         12.4204         61.5029 
        1.41133         51.1687         12.1665         60.9907 
        1.42358         50.5697         11.9198         60.2492 
        1.43591         50.1909         11.6783         59.7697 
        1.44818         49.5021         11.4449         59.0683 
        1.46037         48.9231         11.2192         58.6455 
        1.47263          48.392         10.9984         58.1698 
        1.48494         47.5484         10.7827         57.5503 
        1.49724         47.0845          10.573         57.0186 
        1.50952         46.7323         10.3692         56.4896 
        1.52178         46.0302         10.1712         56.0468 
        1.53409         45.6169         9.97753         55.5515 
        1.54637         44.7438         9.78933         55.0157 
        1.55858         43.9866         9.60705         54.4858 
        1.57081         43.8726         9.42917         54.1232 
        1.58313         43.3247         9.25469         53.6709 
        1.59544         42.6264         9.08473         53.1452 
        1.60767         42.0969         8.92013         52.6879 
        1.61994         41.4994         8.75905         52.2641 
        1.63225         41.2089         8.60162         51.7809 
        1.64452         40.7534          8.4485         51.3961 
        1.65676         40.1666         8.29959         50.9208 
          1.669         39.8511         8.15416         50.5762 
        1.68133         39.4895          8.0113         50.0841 
        1.69363         38.8117         7.87229         49.7033 
        1.70585         38.5755         7.73746          49.366 
        1.71809         37.8656         7.60553          48.864 
        1.73038         37.6581         7.47626         48.5579 
        1.74268         37.0324         7.34992         48.0764 
        1.75493         36.6821         7.22708          47.724 
        1.76714         36.2454         7.10736         47.3632 
        1.77942         35.9708         6.98975         46.9929 
        1.79173         35.4767         6.87451         46.5874 
        1.80402         35.0749          6.7621         46.3167 
         1.8163         34.7375         6.65227         45.8215 
         1.8286         34.2398          6.5447         45.5562 
         1.8409         33.8811          6.4396         45.1374 
        1.85315         33.5311         6.33716         44.8753 
        1.86537         33.1002         6.23715         44.5323 
        1.87765         32.8885         6.13893          44.159 
        1.88995          32.373          6.0426         43.7551 
        1.90221         32.1244         5.94867         43.4385 
        1.91445         31.5979         5.85689         43.1598 
        1.92674         31.3396         5.76673         42.7955 
        1.93902         31.0025         5.67847         42.4944 
        1.95124         30.5107         5.59252         42.2239 
         1.9635         30.2387         5.50814         41.8754 
        1.97583          29.932         5.42496         41.6111 
        1.98812         29.5831         5.34382         41.2779 
        2.00039         29.2293          5.2645         40.9661 
        2.01264          28.873         5.18687         40.7054 
        2.02492         28.6334         5.11069         40.3891 
        2.03717         28.2607         5.03617         40.0827 
        2.04942         27.9863         4.96323         39.7767 
        2.06171         27.6949         4.89149         39.5085 
        2.07397         27.4231         4.82133           39.21 
        2.08629         27.0981         4.75225         38.9263 
        2.09857         26.8059         4.68469         38.6655 
        2.11081          26.487         4.61872         38.3776 
        2.12309         26.2804         4.55387         38.0945 
        2.13538         25.8172         4.49016         37.8718 
        2.14763         25.7012         4.42789         37.5794 
        2.15986         25.3935         4.36695         37.2937 
        2.17214          25.116          4.3069         37.0691 
        2.18443         24.8369         4.24793         36.7606 
        2.19671         24.5192         4.19013         36.5199 
        2.20898         24.2752         4.13348         36.2472 
        2.22126         24.1705         4.07782         35.9959 
        2.23354         23.8549          4.0232         35.7911 
         2.2458         23.6208         3.96967         35.5297 
        2.25807         23.2773         3.91708         35.2596 
        2.27035         23.0351         3.86538         35.0433 
        2.28263         22.8588         3.81465         34.8111 
         2.2949          22.618         3.76486         34.5711 
        2.30718         22.4182         3.71594         34.3107 
        2.31946         22.2319         3.66786         34.0832 
        2.33169         21.9518         3.62085         33.8549 
        2.34393           21.71         3.57458         33.6242 
        2.35622         21.5114         3.52898         33.4256 
        2.36847         21.2708         3.48429         33.1646 
        2.38076         21.1144         3.44025         32.9801 
        2.39305         20.8276         3.39699         32.7676 
        2.40534         20.6672         3.35446         32.5001 
        2.41762         20.4326         3.31267         32.3337 
        2.42989          20.337         3.27165         32.0728 
        2.44216         20.0156         3.23133          31.891 
         2.4544         19.9338         3.19179         31.6724 
        2.46667         19.7094         3.15282         31.4684 
        2.47897         19.4645          3.1144         31.2514 
        2.49124         19.3671         3.07673          31.051 
        2.50349         19.1024         3.03974         30.8477 
        2.51578         18.9533         3.00324         30.6602 
        2.52805         18.7611         2.96741         30.4511 
        2.54029         18.6095         2.93225         30.2515 
        2.55257         18.4834         2.89756         30.0478 
        2.56487          18.232         2.86336         29.8666 
        2.57716         18.1501         2.82976          29.652 
        2.58942         17.9855         2.79678         29.4893 
        2.60167         17.7718         2.76436         29.2933 
        2.61395         17.6312          2.7324         29.1021 
        2.62624         17.5545          2.7009         28.9111 
        2.63849         17.3471         2.66999         28.7464 
        2.65073         17.1556         2.63961         28.5491 
        2.66302         17.0141         2.60959          28.382 
         2.6753         16.9429         2.58005         28.1993 
        2.68756          16.817         2.55103         28.0393 
        2.69983         16.6358         2.52244         27.8316 
        2.71213          16.467         2.49423         27.6567 
        2.72441         16.3504         2.46649         27.4805 
        2.73665         16.2442         2.43925         27.3081 
         2.7489         16.1187         2.41243         27.1439 
        2.76118         16.0141         2.38594         26.9697 
        2.77349         15.8955         2.35978         26.8105 
        2.78576         15.7621         2.33411         26.6571 
        2.79802         15.6587         2.30884         26.4779 
        2.81031         15.5576         2.28389         26.3133 
        2.82259         15.4331         2.25931         26.1664 
        2.83483         15.3759         2.23519         25.9987 
         2.8471         15.2893         2.21137         25.8214 
         2.8594          15.139         2.18783           25.66 
         2.8717         15.0841         2.16464         25.5091 
        2.88396         14.9766         2.14187         25.3493 
        2.89619         14.9255         2.11947          25.197 
        2.90847         14.8132         2.09731         25.0562 
        2.92072          14.732          2.0755          24.884 
        2.93299         14.6551         2.05399          24.754 
        2.94526          14.603         2.03277         24.6105 
        2.95753         14.5681         2.01185         24.4484 
        2.96982         14.4569         1.99119          24.304 
        2.98209         14.3772         1.97086         24.1638 
        2.99436         14.3558          1.9508         24.0124 
        3.00666          14.308         1.93099         23.8625 
        3.01894         14.2445         1.91149         23.7301 
        3.03119          14.208         1.89228         23.5887 
        3.04345         14.1486         1.87334         23.4429 
        3.05573         14.1529         1.85462         23.3061 
          3.068         14.0602         1.83617          23.168 
        3.08026          14.052           1.818         23.0211 
        3.09254         13.9664         1.80004         22.8891 
        3.10483         13.9956         1.78231         22.7617 
         3.1171         14.0481         1.76485         22.6295 
        3.12933         13.9887         1.74767         22.4967 
        3.14159         13.9135         1.73069         22.3544 
