# k  (h/Mpc)    Pcb(k)  (Mpc/h)^3    Pcb_linear(k) (Mpc/h)^3    Pcb_NL(k) (Mpc/h)^3   ShotnoiseSubtracted = false
      0.0156606         12803.8         12846.5         12763.7 
      0.0273761           11031         11109.3         11031.3 
      0.0384619         8366.18         8370.29         8308.67 
      0.0498308         6495.53         6584.09         6524.74 
      0.0625568         5483.63         5595.82         5540.68 
      0.0751274         4843.11         4754.33         4674.48 
      0.0867833         3777.91          3827.8         3805.97 
      0.0984825          3144.6         3029.23         3057.78 
       0.111151         2666.54         2529.37         2560.81 
       0.123864         2393.19         2279.48         2305.66 
       0.135742          2167.6         2049.82         2076.62 
        0.14762         1868.66         1752.71         1821.85 
       0.160083         1563.31         1460.98         1542.72 
       0.172465         1393.23         1275.16         1377.77 
       0.184281         1278.81         1175.55          1281.3 
       0.196406         1181.27         1085.61         1175.13 
       0.209011         1090.27         965.921         1060.95 
       0.221538         983.221         844.124         975.385 
       0.233611         919.956         755.272         902.845 
       0.245665         847.039         697.088         830.879 
       0.258103         807.621         648.929         781.749 
       0.270422         731.827          596.29         729.157 
       0.282519         677.112         541.167         680.893 
       0.294636         670.919         493.063         639.572 
       0.306978         600.024         456.166         608.223 
       0.319417         579.155         426.489         572.187 
        0.33169         545.358         398.082         538.831 
       0.343948         519.672         368.846         517.784 
       0.356249         487.431         341.428         495.364 
       0.368458         472.882         318.463         468.159 
        0.38068         454.243         299.258         447.401 
       0.392856         426.831         281.727         429.206 
       0.405069         409.583         264.585         414.966 
       0.417459         391.959         247.986         394.186 
       0.429752         379.817         233.086         379.609 
       0.441978         367.451         220.009         368.142 
       0.454294         345.703         208.134         351.496 
        0.46658         341.943         196.991         342.061 
       0.478753         328.781          186.48         330.145 
       0.490964          317.41         176.606         318.733 
       0.503334         299.509         167.492         309.725 
       0.515665         297.182         159.182         302.717 
       0.527909         287.518          151.51         292.869 
       0.540159         279.765         144.252         284.489 
        0.55248          274.25         137.365          276.17 
       0.564743         268.123         130.988          270.39 
        0.57686         258.207         125.127         262.082 
       0.589077         248.263         119.594         256.402 
       0.601441         245.004         114.333         250.262 
        0.61382         242.016         109.373         244.512 
       0.626067         236.443         104.744          238.82 
       0.638306         225.552         100.386         234.102 
       0.650632         220.297          96.256         226.832 
       0.662899         219.565         92.3861         223.251 
       0.675076         211.395         88.7593         218.405 
       0.687267         206.005         85.3227         213.584 
       0.699615         202.284          82.025         209.448 
       0.711937         197.941         78.9077         205.399 
       0.724148         193.596         75.9788         202.346 
       0.736433         189.232          73.184         197.829 
       0.748747          185.28         70.5258         193.864 
       0.761037         182.454         68.0059         190.131 
       0.773197         178.994         65.6352         187.887 
       0.785376         176.968         63.3749         183.836 
       0.797761         172.931         61.1861         181.466 
       0.810096         169.572         59.1093         178.184 
       0.822371         163.642          57.139         175.206 
       0.834626         162.249         55.2621         172.273 
       0.846916         160.027         53.4651         169.731 
       0.859215          158.58         51.7474         167.052 
       0.871383         154.926         50.1227         164.269 
        0.88363         152.569         48.5584         162.424 
       0.895928         149.386         47.0552         160.081 
       0.908253         145.322         45.6132          157.18 
       0.920535         144.744         44.2368         155.163 
       0.932774         140.151         42.9222         152.681 
        0.94508         139.105         41.6547         150.885 
       0.957324          138.07         40.4448         148.659 
        0.96953         136.842         39.2869         146.297 
       0.981769         132.557         38.1716         144.988 
       0.994071         131.838         37.0945         142.963 
         1.0064         128.599         36.0574         140.823 
        1.01868         127.231          35.063         139.264 
        1.03092         125.112         34.1108         137.604 
         1.0432         122.862         33.1907         135.814 
        1.05553         120.313         32.3011           134.4 
        1.06777         120.071         31.4507         132.922 
           1.08         117.544         30.6319         131.139 
        1.09227         116.128         29.8398         129.728 
         1.1046           114.1         29.0728         128.121 
         1.1169         112.743         28.3342         126.392 
        1.12915         110.961          27.625         125.072 
        1.14142         109.252         26.9388         123.488 
        1.15365          107.36         26.2779         122.143 
        1.16585         105.997         25.6411         120.651 
        1.17807         104.318         25.0247         119.688 
        1.19037         104.042         24.4246         118.415 
        1.20276         101.736         23.8401         116.988 
        1.21504         100.886         23.2795         115.648 
        1.22728         98.7414         22.7393         114.421 
        1.23954         98.0306         22.2149         113.219 
        1.25184         95.9456         21.7062         112.079 
        1.26414         94.8265         21.2133         110.948 
        1.27632         93.9768         20.7401         110.281 
         1.2886         92.3003          20.278         108.651 
        1.30093          90.724         19.8285         107.467 
        1.31316         90.0649         19.3959         106.561 
        1.32541         88.9737         18.9761         105.606 
        1.33772         87.7367         18.5665         104.506 
        1.35005          86.838         18.1688         103.425 
        1.36225         85.5988         17.7867         102.447 
        1.37447         83.7748          17.415         101.347 
        1.38676         83.6777         17.0522         100.238 
        1.39907           81.89         16.6991         99.4959 
        1.41133         80.5958         16.3576         98.7122 
        1.42358         79.7183          16.026          97.557 
        1.43591          79.139         15.7014         96.6137 
        1.44818         78.0662         15.3875         95.7234 
        1.46037         76.9072         15.0841         94.9115 
        1.47263         75.6495         14.7872          94.155 
        1.48494         75.1059         14.4972         93.2027 
        1.49724         73.7878         14.2152         92.2222 
        1.50952         73.0169         13.9413           91.38 
        1.52178         72.1124          13.675         90.6508 
        1.53409         71.5289         13.4147          89.861 
        1.54637          69.759         13.1616         88.9934 
        1.55858         69.1506         12.9166         88.1581 
        1.57081         68.4224         12.6774         87.4685 
        1.58313         67.3523         12.4428         86.7251 
        1.59544         66.5918         12.2143         85.8891 
        1.60767          65.852          11.993         85.1575 
        1.61994         64.9334         11.7764         84.5745 
        1.63225         63.9655         11.5648         83.6027 
        1.64452          63.261         11.3589         83.0053 
        1.65676         62.3014         11.1587         82.2322 
          1.669         61.8758         10.9632         81.5814 
        1.68133         61.1974         10.7711         80.8383 
        1.69363         60.1566         10.5842          80.261 
        1.70585         59.7233         10.4029         79.5297 
        1.71809         58.4565         10.2255         78.9589 
        1.73038         57.8966         10.0517         78.2052 
        1.74268         57.1267         9.88187         77.5865 
        1.75493         56.5481         9.71672         76.9066 
        1.76714         55.7992         9.55576         76.2488 
        1.77942         55.4762         9.39764         75.6452 
        1.79173         54.4834         9.24269         74.9515 
        1.80402         53.9321         9.09156          74.437 
         1.8163         53.2534          8.9439         73.7289 
         1.8286         52.4457         8.79927         73.2776 
         1.8409         51.7144         8.65796         72.5702 
        1.85315         51.1092         8.52023         72.1294 
        1.86537         50.5632         8.38578         71.4896 
        1.87765         49.9895         8.25372         70.8094 
        1.88995         49.3601          8.1242         70.2764 
        1.90221         48.9509         7.99791           69.71 
        1.91445         48.1645         7.87452         69.2243 
        1.92674         47.6739          7.7533         68.6363 
        1.93902         47.0917         7.63463          68.056 
        1.95124          46.707         7.51908         67.6283 
         1.9635         45.8419         7.40562          67.005 
        1.97583         45.4038          7.2938         66.5682 
        1.98812         44.7078          7.1847         65.9831 
        2.00039         44.4051         7.07806         65.4593 
        2.01264         43.6504         6.97369         64.9914 
        2.02492         43.2518         6.87126         64.5038 
        2.03717         42.6303         6.77107          63.945 
        2.04942          42.111         6.67301          63.502 
        2.06171         41.6677         6.57655         62.9398 
        2.07397         41.0596         6.48222         62.5304 
        2.08629         40.6219         6.38934         61.9994 
        2.09857         40.2985         6.29851         61.5888 
        2.11081         39.6059         6.20982          61.064 
        2.12309         39.2355         6.12262         60.6075 
        2.13538         38.7618         6.03697         60.1839 
        2.14763           38.41         5.95325         59.7253 
        2.15986         38.1675         5.87131         59.2508 
        2.17214         37.4173         5.79058         58.8932 
        2.18443          37.227         5.71129         58.3701 
        2.19671         36.5591         5.63358         57.9222 
        2.20898         36.1349         5.55742         57.4836 
        2.22126         35.8356         5.48258         57.0519 
        2.23354         35.3612         5.40914         56.6921 
         2.2458         35.0786         5.33718         56.2511 
        2.25807         34.4937         5.26646          55.806 
        2.27035         34.1383         5.19696         55.4126 
        2.28263         33.7126         5.12876         55.0148 
         2.2949         33.3219         5.06181         54.6215 
        2.30718         33.0346         4.99603         54.2189 
        2.31946         32.6024          4.9314         53.8346 
        2.33169         32.3139         4.86818         53.4186 
        2.34393         31.8298         4.80598         53.0094 
        2.35622         31.4913         4.74467         52.6697 
        2.36847         31.1196         4.68459         52.2496 
        2.38076         30.9181         4.62538         51.9212 
        2.39305         30.5273         4.56721          51.551 
        2.40534         30.2109         4.51003         51.1082 
        2.41762         29.8284         4.45384         50.7624 
        2.42989         29.4889          4.3987         50.4282 
        2.44216         29.2166         4.34449         50.0614 
         2.4544         28.9199         4.29132         49.7235 
        2.46667         28.4371         4.23892         49.3404 
        2.47897         28.2554         4.18727         49.0163 
        2.49124         27.9618         4.13662         48.6528 
        2.50349         27.6115         4.08689          48.348 
        2.51578         27.2564         4.03782         48.0116 
        2.52805         27.0419         3.98965         47.6486 
        2.54029          26.867         3.94238         47.3269 
        2.55257         26.5174         3.89574         47.0015 
        2.56487          26.298         3.84976         46.6731 
        2.57716         26.0075         3.80458         46.3527 
        2.58942         25.6901         3.76024         46.0464 
        2.60167         25.4021         3.71664         45.6937 
        2.61395           25.18         3.67367         45.3901 
        2.62624         24.9251         3.63132         45.0937 
        2.63849         24.7385         3.58978         44.7786 
        2.65073         24.4626         3.54892         44.4509 
        2.66302         24.1368         3.50856         44.1763 
         2.6753         23.9489         3.46885         43.8735 
        2.68756         23.7141         3.42983         43.5866 
        2.69983          23.546         3.39139         43.2769 
        2.71213         23.2845         3.35346         42.9947 
        2.72441         23.1317         3.31617         42.6823 
        2.73665         22.8645         3.27954         42.3999 
         2.7489         22.6823         3.24349         42.1218 
        2.76118         22.5044         3.20787         41.8108 
        2.77349         22.3444         3.17269         41.5597 
        2.78576         22.1701         3.13819         41.2821 
        2.79802         21.8531         3.10421          41.003 
        2.81031         21.7501         3.07066         40.7507 
        2.82259         21.6083         3.03762          40.467 
        2.83483         21.3733         3.00519         40.1875 
         2.8471         21.3076         2.97317         39.9208 
         2.8594         21.0686         2.94151         39.6725 
         2.8717         20.8679         2.91033         39.4018 
        2.88396         20.7308         2.87972         39.1318 
        2.89619         20.6615         2.84961         38.8835 
        2.90847           20.49         2.81981         38.6239 
        2.92072         20.3139         2.79049         38.3931 
        2.93299         20.2573         2.76157         38.1395 
        2.94526         20.1258         2.73303         37.8894 
        2.95753         19.9737         2.70491         37.6495 
        2.96982         19.9392         2.67713         37.4073 
        2.98209          19.752          2.6498         37.1707 
        2.99436         19.7282         2.62283         36.9333 
        3.00666         19.5679         2.59619         36.6899 
        3.01894         19.5222         2.56997         36.4423 
        3.03119         19.3634         2.54415         36.2043 
        3.04345         19.3226         2.51868         35.9839 
        3.05573         19.2464         2.49351         35.7604 
          3.068          19.219         2.46871         35.5178 
        3.08026          19.204         2.44428         35.2946 
        3.09254         19.0912         2.42012         35.0825 
        3.10483         19.0591          2.3963          34.866 
         3.1171         19.0178         2.37282         34.6454 
        3.12933         18.9784         2.34972         34.4251 
        3.14159         18.9531         2.32688         34.2039 
