# k  (h/Mpc)    P(k)  (Mpc/h)^3    P_linear(k)  (Mpc/h)^3     P_NL(k)  ShotnoiseSubtracted = false
      0.0156606         16558.3           16782         16662.9 
      0.0273761         14209.9           14487         14359.5 
      0.0384619         10755.1         10905.2         10797.5 
      0.0498308          8325.7         8573.21         8466.64 
      0.0625568         7028.87          7283.5         7186.95 
      0.0751274         6232.85         6186.67         6049.37 
      0.0867833         4844.52          4980.2         4939.68 
      0.0984825         4061.17         3940.76         3983.23 
       0.111151         3457.67         3290.17         3339.64 
       0.123864         3101.05         2964.91         3005.48 
       0.135742         2816.82         2666.07         2707.21 
        0.14762          2440.3         2279.53         2388.34 
       0.160083         2054.62         1900.06         2031.52 
       0.172465          1832.6         1658.35         1824.77 
       0.184281         1672.68         1528.77         1697.84 
       0.196406         1559.15         1411.79         1559.75 
       0.209011         1448.64         1256.11         1410.86 
       0.221538         1306.88         1097.71         1308.09 
       0.233611         1237.67         982.154         1218.82 
       0.245665         1129.65         906.483         1123.15 
       0.258103         1098.69         843.851         1058.62 
       0.270422         985.767         775.395          991.07 
       0.282519         921.373          703.71         931.703 
       0.294636         911.375         641.154         879.181 
       0.306978         822.868         593.172         839.568 
       0.319417         799.595          554.58         790.655 
        0.33169         753.485         517.639         746.375 
       0.343948         719.414          479.62         721.103 
       0.356249         677.887         443.967         692.313 
       0.368458         656.438         414.103         657.606 
        0.38068          637.41         389.132         630.516 
       0.392856         602.138         366.334         606.492 
       0.405069         575.428         344.041         587.748 
       0.417459         552.525         322.459         562.149 
       0.429752         541.113         303.084         542.051 
       0.441978         523.029         286.079         527.006 
       0.454294         496.374         270.637         504.474 
        0.46658         485.524         256.148         492.775 
       0.478753         472.261         242.479          476.62 
       0.490964          454.82         229.639         461.239 
       0.503334         431.216          217.79         449.527 
       0.515665         430.193         206.984         439.777 
       0.527909         414.229         197.008         428.132 
       0.540159         403.856         187.569         416.254 
        0.55248         396.002         178.614         405.014 
       0.564743         391.171         170.322         397.638 
        0.57686         376.065         162.701         386.311 
       0.589077         364.245         155.507         377.713 
       0.601441         360.077         148.666         369.394 
        0.61382          352.82         142.216         362.506 
       0.626067         347.478         136.197         354.783 
       0.638306         332.902          130.53         347.996 
       0.650632          327.97          125.16         338.235 
       0.662899         325.288         120.128          334.12 
       0.675076          312.83         115.412         328.057 
       0.687267         305.113         110.943         320.365 
       0.699615         300.938         106.655         314.996 
       0.711937         296.382         102.602         309.342 
       0.724148         287.082         98.7935         304.715 
       0.736433         280.841         95.1596         298.643 
       0.748747         276.615          91.703         293.038 
       0.761037         271.572         88.4265         288.594 
       0.773197           268.2         85.3439         284.605 
       0.785376         264.264         82.4049         279.676 
       0.797761         257.799         79.5587         275.421 
       0.810096         255.015         76.8583         271.619 
       0.822371         245.551         74.2963         267.118 
       0.834626         244.936         71.8559         263.259 
       0.846916         239.683         69.5193         259.384 
       0.859215         239.719         67.2858         255.652 
       0.871383         233.281         65.1731         251.801 
        0.88363         231.735         63.1391           249.2 
       0.895928         226.452         61.1846         245.261 
       0.908253         220.396         59.3096         241.266 
       0.920535          219.46         57.5199          238.04 
       0.932774         212.683         55.8105         234.756 
        0.94508         210.659         54.1624         232.307 
       0.957324         210.128         52.5892         228.884 
        0.96953         207.177         51.0836         225.677 
       0.981769         200.851         49.6334         223.538 
       0.994071         199.999         48.2329          220.64 
         1.0064         195.557         46.8843         217.317 
        1.01868         192.933         45.5914         214.781 
        1.03092          189.22         44.3533         212.575 
         1.0432         185.688         43.1569         209.952 
        1.05553         183.073         42.0002          207.33 
        1.06777         182.847         40.8944         205.229 
           1.08         178.342         39.8298         202.625 
        1.09227         176.166         38.7997         200.458 
         1.1046         173.565         37.8024         198.316 
         1.1169         170.597         36.8421         195.599 
        1.12915         168.118           35.92         193.799 
        1.14142         165.467         35.0276         191.273 
        1.15365         163.262         34.1684         189.264 
        1.16585         161.025         33.3403         186.809 
        1.17807         158.898         32.5388         185.404 
        1.19037         157.664         31.7585         183.536 
        1.20276         155.026         30.9985         181.254 
        1.21504         152.369         30.2696         179.309 
        1.22728         149.456         29.5671         177.037 
        1.23954         148.936         28.8854          175.74 
        1.25184         146.117         28.2239         173.724 
        1.26414         143.861         27.5829         171.905 
        1.27632          143.36         26.9677         170.865 
         1.2886         141.097         26.3669         168.518 
        1.30093         137.129         25.7824         166.695 
        1.31316         136.231         25.2198         164.831 
        1.32541         134.492         24.6741         163.592 
        1.33772         133.247         24.1414         161.823 
        1.35005         131.334         23.6242         160.008 
        1.36225         129.691         23.1275         158.576 
        1.37447         127.565         22.6441         156.749 
        1.38676         126.223         22.1724         155.268 
        1.39907          123.77         21.7133          153.75 
        1.41133         122.088         21.2693         152.447 
        1.42358         120.358         20.8381         151.008 
        1.43591         119.254          20.416         149.314 
        1.44818          118.13         20.0079         148.059 
        1.46037         115.894         19.6134         146.526 
        1.47263         114.775         19.2273         145.417 
        1.48494         113.127         18.8502         143.743 
        1.49724         111.577         18.4836         142.391 
        1.50952          109.55         18.1274           141.1 
        1.52178         109.034         17.7812         139.684 
        1.53409         107.118         17.4426         138.516 
        1.54637         105.632         17.1136         137.309 
        1.55858         103.923          16.795         135.909 
        1.57081         102.571          16.484         134.753 
        1.58313         101.404          16.179         133.444 
        1.59544         100.274         15.8818         132.287 
        1.60767          98.902         15.5941         131.004 
        1.61994           97.32         15.3125         130.103 
        1.63225         96.0702         15.0373         128.545 
        1.64452         94.4618         14.7696         127.438 
        1.65676         93.1926         14.5093         126.405 
          1.669         92.5989          14.255         125.378 
        1.68133         90.9605         14.0053         124.193 
        1.69363         90.0731         13.7623         123.141 
        1.70585         88.5377         13.5266         122.016 
        1.71809         87.3602         13.2959         120.896 
        1.73038         86.6515         13.0699         119.849 
        1.74268         85.3469         12.8491         118.781 
        1.75493         84.3137         12.6343         117.719 
        1.76714         82.9842          12.425         116.774 
        1.77942          82.209         12.2194         115.652 
        1.79173         80.8588          12.018         114.746 
        1.80402         80.2324         11.8214           113.8 
         1.8163         78.8526         11.6294         112.665 
         1.8286         77.7652         11.4414         111.766 
         1.8409          77.064         11.2576         110.799 
        1.85315         75.8516         11.0786         109.927 
        1.86537         75.0123         10.9037         108.985 
        1.87765          74.329          10.732         107.982 
        1.88995         73.1097         10.5636         107.157 
        1.90221         72.1962         10.3994         106.228 
        1.91445         70.9412          10.239         105.312 
        1.92674         70.1041         10.0813         104.465 
        1.93902         69.2306         9.92704         103.524 
        1.95124         68.6857          9.7768         102.761 
         1.9635         67.5788         9.62928         101.744 
        1.97583         66.7271         9.48387         101.052 
        1.98812         65.9075         9.34202          100.17 
        2.00039         64.8649         9.20336         99.3381 
        2.01264         64.3788         9.06764         98.5006 
        2.02492         63.4089         8.93447         97.7039 
        2.03717         62.4288         8.80419         96.8416 
        2.04942         62.0001         8.67668         96.1643 
        2.06171         60.8088         8.55126         95.3264 
        2.07397         60.2025          8.4286         94.6016 
        2.08629         59.6178         8.30784         93.7762 
        2.09857         58.7314         8.18973         93.0413 
        2.11081         57.6939          8.0744         92.2025 
        2.12309         57.3606         7.96102         91.5755 
        2.13538         56.4506         7.84966         90.8015 
        2.14763         55.7828          7.7408         90.0798 
        2.15986         54.7525         7.63426         89.3419 
        2.17214         54.3477         7.52929           88.62 
        2.18443          53.738         7.42619           88.01 
        2.19671         52.8104         7.32515         87.2521 
        2.20898         52.6196         7.22611           86.56 
        2.22126         51.7553          7.1288         85.8436 
        2.23354         51.0672         7.03331         85.2121 
         2.2458         50.4843         6.93974         84.5772 
        2.25807         49.8986         6.84779         83.8537 
        2.27035         49.3568         6.75743         83.1966 
        2.28263         48.5212         6.66874         82.5353 
         2.2949         48.1509         6.58169         81.9043 
        2.30718         47.3258         6.49617         81.3034 
        2.31946         46.8096         6.41212         80.6864 
        2.33169         46.2136         6.32993         80.0578 
        2.34393         45.4791         6.24904          79.451 
        2.35622         45.2227         6.16932         78.8302 
        2.36847         44.6275         6.09121         78.2827 
        2.38076         44.0361         6.01422         77.6197 
        2.39305         43.5053         5.93858         77.0725 
        2.40534         43.0569         5.86423         76.4385 
        2.41762         42.6457         5.79117         75.8268 
        2.42989          42.019         5.71947          75.329 
        2.44216         41.6521         5.64899         74.7337 
         2.4544          41.142         5.57985         74.1637 
        2.46667         40.7111         5.51172         73.5798 
        2.47897         40.2259         5.44456         73.0496 
        2.49124          39.686          5.3787         72.5183 
        2.50349         39.1746         5.31404         71.9548 
        2.51578         38.6981         5.25024          71.484 
        2.52805         38.4928          5.1876         70.9236 
        2.54029         37.9547         5.12614          70.367 
        2.55257         37.3931         5.06549         69.8791 
        2.56487         37.1358          5.0057         69.3965 
        2.57716          36.648         4.94697         68.9061 
        2.58942         36.2044          4.8893         68.3774 
        2.60167         35.7706         4.83262         67.8723 
        2.61395         35.4102         4.77675         67.3865 
        2.62624         35.1551         4.72168         66.8809 
        2.63849         34.8215         4.66766          66.419 
        2.65073         34.4498         4.61454         65.9127 
        2.66302         33.9764         4.56205         65.4403 
         2.6753         33.6018         4.51042         64.9819 
        2.68756          33.132         4.45969         64.4853 
        2.69983         32.9531          4.4097         64.0677 
        2.71213         32.6287         4.36038         63.6304 
        2.72441         32.3404          4.3119         63.1582 
        2.73665          31.983         4.26427         62.7011 
         2.7489         31.8306         4.21739          62.264 
        2.76118         31.3377         4.17107         61.8373 
        2.77349         31.2118         4.12534         61.4021 
        2.78576         30.9738         4.08047         60.9494 
        2.79802          30.515         4.03629         60.5609 
        2.81031         30.2471         3.99267         60.1331 
        2.82259         30.0863         3.94971         59.6912 
        2.83483         29.7417         3.90754         59.2904 
         2.8471         29.4116          3.8659         58.8894 
         2.8594          29.309         3.82475          58.484 
         2.8717         29.0131         3.78421         58.0806 
        2.88396         28.7661          3.7444         57.6608 
        2.89619         28.5127         3.70524         57.2553 
        2.90847         28.3423          3.6665         56.8829 
        2.92072         28.1086         3.62837         56.4908 
        2.93299         27.9716         3.59077         56.1021 
        2.94526         27.7078         3.55366           55.74 
        2.95753         27.5625         3.51709         55.3676 
        2.96982         27.4828         3.48098         54.9885 
        2.98209         27.1995         3.44544         54.6247 
        2.99436         27.0163         3.41037          54.241 
        3.00666          26.946         3.37573         53.8876 
        3.01894         26.7183         3.34164         53.5085 
        3.03119         26.6319         3.30807         53.1608 
        3.04345         26.4566         3.27495         52.8313 
        3.05573         26.4152         3.24222         52.4819 
          3.068         26.2769         3.20998           52.13 
        3.08026         26.1048         3.17821         51.7794 
        3.09254         26.0299          3.1468         51.4399 
        3.10483          26.039         3.11582         51.1105 
         3.1171         25.9788         3.08529         50.7778 
        3.12933         25.8854         3.05526         50.4399 
        3.14159         25.7552         3.02557         50.1068 
