# k  (h/Mpc)    P(k)  (Mpc/h)^3    P_linear(k)  (Mpc/h)^3     P_NL(k)  ShotnoiseSubtracted = false
      0.0156606         13814.8           13704         13613.4 
      0.0273761           11875         11831.1         11742.8 
      0.0384619         8995.43         8906.62         8835.36 
      0.0498308         6975.24         7002.35         6933.16 
      0.0625568         5886.87         5949.18          5885.4 
      0.0751274         5204.58         5053.42          4961.6 
      0.0867833         4054.94         4068.02         4042.31 
      0.0984825         3381.67         3219.01         3250.51 
       0.111151         2870.59         2687.61         2722.79 
       0.123864         2575.57         2421.94         2451.11 
       0.135742          2334.5         2177.83         2207.63 
        0.14762         2015.35          1862.1         1939.62 
       0.160083         1688.65         1552.12          1644.3 
       0.172465         1505.38         1354.67         1470.67 
       0.184281         1379.47         1248.83         1367.91 
       0.196406         1277.25         1153.27         1254.98 
       0.209011         1181.03          1026.1         1133.59 
       0.221538         1065.31         896.707         1044.64 
       0.233611         1000.24         802.313         968.695 
       0.245665         918.445         740.499         891.714 
       0.258103         880.944         689.336         839.388 
       0.270422         795.548         633.416         783.699 
       0.282519         738.181         574.857          733.08 
       0.294636         731.363         523.756         689.477 
       0.306978          655.76          484.56          656.45 
       0.319417         633.974         453.034         617.714 
        0.33169         597.259         422.858         582.034 
       0.343948         569.216         391.801         560.229 
       0.356249         534.531         362.676         536.496 
       0.368458         518.543          338.28         507.658 
        0.38068         499.465         317.882         485.578 
       0.392856         470.042         299.258         466.129 
       0.405069         450.618         281.047         451.133 
       0.417459          431.61         263.417         429.198 
       0.429752         419.248          247.59         413.491 
       0.441978         405.566         233.698         401.268 
       0.454294         382.502         221.083         383.419 
        0.46658         377.013         209.247         373.527 
       0.478753         363.803         198.081         360.703 
       0.490964         350.911         187.593          348.47 
       0.503334         331.298         177.913         338.882 
       0.515665         329.433         169.085         331.356 
       0.527909         318.238         160.936         321.138 
       0.540159         309.943         153.225         311.991 
        0.55248         303.875          145.91         303.105 
       0.564743         297.952         139.136         297.009 
        0.57686         286.646         132.911          288.06 
       0.589077         276.018         127.034         281.795 
       0.601441         272.762         121.446         275.165 
        0.61382         268.896         116.177         269.224 
       0.626067         263.393          111.26         263.095 
       0.638306         251.361          106.63         257.999 
       0.650632         246.137         102.243         250.184 
       0.662899         244.841         98.1328         246.547 
       0.675076         235.563         94.2803         241.387 
       0.687267         229.617         90.6299         235.986 
       0.699615          225.73         87.1271         231.582 
       0.711937         221.383         83.8158         227.268 
       0.724148         215.812         80.7047         223.858 
       0.736433         211.105         77.7361         219.013 
       0.748747         207.006         74.9124         214.704 
       0.761037         203.681         72.2358          210.81 
       0.773197          200.23         69.7177         208.225 
       0.785376         197.838         67.3168         203.967 
       0.797761         193.152         64.9917          201.25 
       0.810096         189.959         62.7857         197.863 
       0.822371         182.951         60.6929         194.567 
       0.834626         181.936         58.6993         191.403 
       0.846916         178.918         56.7905         188.613 
       0.859215         177.926          54.966         185.744 
       0.871383         173.446         53.2401         182.698 
        0.88363         171.314         51.5785         180.723 
       0.895928         167.535         49.9819         178.049 
       0.908253         162.918         48.4502         174.908 
       0.920535         162.356         46.9881         172.615 
       0.932774         156.967         45.5918          170.01 
        0.94508         155.732         44.2454         168.123 
       0.957324         155.043         42.9603         165.585 
        0.96953         153.238         41.7304         163.022 
       0.981769         148.475         40.5457         161.572 
       0.994071         147.751         39.4016          159.37 
         1.0064         144.144         38.2999         156.952 
        1.01868         142.412         37.2438         155.238 
        1.03092         140.104         36.2324         153.451 
         1.0432         137.451          35.255         151.486 
        1.05553         134.912         34.3101         149.823 
        1.06777         134.677         33.4068         148.243 
           1.08         131.596         32.5371         146.255 
        1.09227         130.147         31.6956         144.775 
         1.1046         127.925         30.8809         143.016 
         1.1169         126.319         30.0964         141.088 
        1.12915         124.263         29.3432         139.643 
        1.14142         122.354         28.6142         137.849 
        1.15365         120.529         27.9123          136.38 
        1.16585         118.865         27.2358         134.662 
        1.17807         117.044         26.5811         133.666 
        1.19037         116.595         25.9436          132.24 
        1.20276         114.083         25.3228         130.635 
        1.21504         112.893         24.7273         129.186 
        1.22728         110.581         24.1535         127.731 
        1.23954          109.84         23.5966         126.513 
        1.25184         107.489         23.0562         125.166 
        1.26414         106.175         22.5326          123.89 
        1.27632          105.42           22.03         123.226 
         1.2886          103.45         21.5392         121.394 
        1.30093         101.277         21.0617         120.092 
        1.31316         100.833         20.6022         118.967 
        1.32541          99.404         20.1563         117.989 
        1.33772          98.211         19.7212         116.743 
        1.35005         97.0523         19.2987         115.491 
        1.36225         95.7762         18.8929         114.437 
        1.37447          93.805         18.4981         113.201 
        1.38676         93.4899         18.1127         111.972 
        1.39907         91.3819         17.7377         111.089 
        1.41133         90.0847          17.375           110.2 
        1.42358         89.0035         17.0227         109.006 
        1.43591         88.4041         16.6779         107.866 
        1.44818         87.3142         16.3445         106.944 
        1.46037         85.8115         16.0222         105.952 
        1.47263         84.4425         15.7069         105.128 
        1.48494         83.8773         15.3988         104.044 
        1.49724         82.4234         15.0993          102.94 
        1.50952         81.2896         14.8084         102.034 
        1.52178         80.4148         14.5255         101.173 
        1.53409         79.6706          14.249         100.285 
        1.54637          77.814         13.9802         99.3425 
        1.55858         77.0705         13.7199         98.4112 
        1.57081          76.061         13.4658         97.5923 
        1.58313          75.018         13.2167          96.736 
        1.59544         74.2176         12.9739         95.8369 
        1.60767         73.1984         12.7389         94.9808 
        1.61994         72.2415         12.5088         94.3609 
        1.63225         71.1356          12.284         93.2393 
        1.64452         70.2714         12.0653         92.5474 
        1.65676         69.2258         11.8527         91.7195 
          1.669         68.7381          11.645         90.9797 
        1.68133         67.9297          11.441         90.1382 
        1.69363          66.924         11.2424         89.4699 
        1.70585         66.2459         11.0499         88.6321 
        1.71809         64.9571         10.8615         88.0032 
        1.73038         64.2475         10.6769         87.1345 
        1.74268         63.3186         10.4964         86.4523 
        1.75493         62.7739          10.321         85.6767 
        1.76714         61.7867         10.1501         84.9528 
        1.77942         61.4263         9.98209         84.2451 
        1.79173          60.347         9.81751         83.4978 
        1.80402         59.6823         9.65698         82.8964 
         1.8163         58.9522         9.50014         82.0857 
         1.8286         58.0688         9.34651         81.5544 
         1.8409          57.186         9.19641            80.8 
        1.85315         56.4474         9.05012         80.2685 
        1.86537         55.8882          8.9073         79.5412 
        1.87765         55.1874         8.76704         78.7786 
        1.88995         54.4904         8.62946         78.2105 
        1.90221         53.9844         8.49532         77.5634 
        1.91445          53.044         8.36424         76.9877 
        1.92674         52.5479         8.23549         76.3513 
        1.93902         51.8857         8.10944         75.6848 
        1.95124          51.481          7.9867         75.1982 
         1.9635         50.4981         7.86619          74.477 
        1.97583         50.0049         7.74741         73.9896 
        1.98812         49.3244         7.63153         73.3295 
        2.00039         48.7745         7.51826         72.7502 
        2.01264         48.0548         7.40739         72.1901 
        2.02492         47.5021          7.2986         71.6488 
        2.03717         46.8657         7.19217         71.0155 
        2.04942         46.2579         7.08801          70.534 
        2.06171         45.6908         6.98556         69.9061 
        2.07397          45.068         6.88536         69.4342 
        2.08629         44.5718         6.78671         68.8263 
        2.09857         44.1939         6.69022         68.3533 
        2.11081         43.2776         6.59601         67.7584 
        2.12309         42.9527         6.50339         67.2641 
        2.13538         42.4294         6.41242          66.757 
        2.14763         42.0123         6.32349         66.2502 
        2.15986         41.5868         6.23645         65.7231 
        2.17214         40.8733          6.1507         65.2956 
        2.18443         40.6659         6.06648         64.7392 
        2.19671         39.9033         5.98394         64.2162 
        2.20898          39.537         5.90304         63.7286 
        2.22126         39.0838         5.82355          63.236 
        2.23354         38.5538         5.74554         62.8188 
         2.2458         38.2123          5.6691         62.3383 
        2.25807         37.7392         5.59399         61.8295 
        2.27035         37.2597         5.52017         61.3784 
        2.28263          36.777         5.44772         60.9197 
         2.2949         36.2678         5.37661         60.4813 
        2.30718         35.9606         5.30674         60.0408 
        2.31946         35.4476         5.23809         59.6123 
        2.33169         35.0981         5.17094         59.1446 
        2.34393         34.5594         5.10487         58.6941 
        2.35622         34.2559         5.03974         58.2797 
        2.36847         33.8156         4.97593         57.8355 
        2.38076         33.5907         4.91304         57.4402 
        2.39305         33.1562         4.85125         57.0232 
        2.40534         32.7894         4.79052         56.5384 
        2.41762          32.399         4.73083         56.1347 
        2.42989         31.9376         4.67226         55.7722 
        2.44216         31.7063         4.61468         55.3498 
         2.4544         31.4048         4.55821         54.9663 
        2.46667         30.8494         4.50255         54.5301 
        2.47897         30.6257         4.44768         54.1617 
        2.49124         30.2455         4.39389         53.7634 
        2.50349         29.8873         4.34106         53.4062 
        2.51578         29.5498         4.28894         53.0324 
        2.52805         29.3627         4.23777         52.6269 
        2.54029         29.0839         4.18756         52.2637 
        2.55257          28.696         4.13801         51.9028 
        2.56487          28.405         4.08918         51.5356 
        2.57716         28.1345          4.0412         51.1937 
        2.58942         27.7518         3.99409         50.8241 
        2.60167          27.433         3.94778         50.4299 
        2.61395         27.1973         3.90214         50.0971 
        2.62624         26.9517         3.85716          49.753 
        2.63849         26.7205         3.81303         49.4032 
        2.65073          26.406         3.76963         49.0372 
        2.66302         26.0991         3.72676         48.7247 
         2.6753         25.8458         3.68458         48.3839 
        2.68756         25.5548         3.64314         48.0474 
        2.69983         25.3618         3.60231         47.7171 
        2.71213         25.0068         3.56201         47.4021 
        2.72441         24.9139         3.52241         47.0523 
        2.73665         24.6439          3.4835         46.7343 
         2.7489         24.4686         3.44521         46.4226 
        2.76118         24.2179         3.40737         46.0833 
        2.77349          24.013         3.37001         45.7964 
        2.78576         23.8326         3.33335         45.4763 
        2.79802         23.5312         3.29726         45.1665 
        2.81031         23.3597         3.26163         44.8781 
        2.82259         23.1762         3.22653         44.5592 
        2.83483         22.9312         3.19208         44.2542 
         2.8471         22.8218         3.15807         43.9627 
         2.8594         22.5761         3.12445         43.6842 
         2.8717         22.3494         3.09133         43.3816 
        2.88396         22.2702         3.05882          43.078 
        2.89619         22.1172         3.02683          42.797 
        2.90847         21.9406         2.99518         42.5091 
        2.92072         21.7959         2.96403         42.2446 
        2.93299         21.7029         2.93331         41.9542 
        2.94526         21.5446           2.903          41.684 
        2.95753         21.3601         2.87313         41.4238 
        2.96982         21.3466         2.84362         41.1475 
        2.98209         21.1364          2.8146         40.8797 
        2.99436         21.0296         2.78595         40.6149 
        3.00666         20.9118         2.75765         40.3476 
        3.01894          20.849          2.7298         40.0712 
        3.03119         20.6722         2.70237         39.8053 
        3.04345         20.5792         2.67532         39.5572 
        3.05573         20.5074         2.64859         39.3087 
          3.068         20.4763         2.62224         39.0467 
        3.08026         20.4549         2.59629         38.7928 
        3.09254         20.3255         2.57064         38.5541 
        3.10483         20.3259         2.54533         38.3133 
         3.1171         20.2357         2.52039         38.0662 
        3.12933         20.2296         2.49586         37.8229 
        3.14159         20.2097          2.4716         37.5775 
