# k  (h/Mpc)    Pcb(k)  (Mpc/h)^3    Pcb_linear(k) (Mpc/h)^3    Pcb_NL(k) (Mpc/h)^3   ShotnoiseSubtracted = false
      0.0156606         18812.1         18902.8         18762.6 
      0.0273761         16148.7         16343.7         16186.1 
      0.0384619         12223.4         12313.1         12176.8 
      0.0498308         9453.91         9685.02         9549.03 
      0.0625568          7985.1         8231.03         8108.78 
      0.0751274         7095.92         6993.12         6820.26 
      0.0867833         5506.59         5630.21         5577.99 
      0.0984825         4632.94         4455.58         4506.29 
       0.111151         3952.74         3720.32         3781.02 
       0.123864         3543.08         3352.75         3402.23 
       0.135742         3223.67         3014.96          3064.9 
        0.14762         2799.09         2577.94         2710.57 
       0.160083         2365.47         2148.85         2310.58 
       0.172465         2109.94         1875.54         2080.88 
       0.184281         1919.56         1729.02         1936.43 
       0.196406         1798.51         1596.74          1780.8 
       0.209011         1676.15         1420.69         1612.25 
       0.221538         1511.04         1241.55         1499.73 
       0.233611         1439.27         1110.87         1401.12 
       0.245665         1308.75         1025.29         1292.26 
       0.258103         1283.98         954.454         1218.97 
       0.270422         1147.75         877.032            1143 
       0.282519         1078.08         795.956         1077.86 
       0.294636         1063.36         725.204         1018.93 
       0.306978         965.137         670.935         974.607 
       0.319417         941.318         627.286         918.308 
        0.33169         886.174         585.504          868.05 
       0.343948          847.79         542.503         840.045 
       0.356249         800.758         502.176         807.629 
       0.368458         772.966         468.399         769.117 
        0.38068         755.085         440.152         738.494 
       0.392856         714.932         414.366          711.36 
       0.405069          680.95         389.153         689.231 
       0.417459         654.474          364.74         661.631 
       0.429752          645.37         342.826         638.256 
       0.441978         623.151         323.591         621.249 
       0.454294          593.46         306.125         595.249 
        0.46658         578.072         289.737         582.242 
       0.478753         564.682         274.276         563.771 
       0.490964         542.996         259.754         546.063 
       0.503334         517.072         246.349         532.945 
       0.515665         515.925         234.126          521.31 
       0.527909         495.571         222.842         508.777 
       0.540159         482.961         212.167         495.097 
        0.55248         473.467         202.037         481.993 
       0.564743         469.146         192.658         473.587 
        0.57686          451.59         184.038         460.551 
       0.589077         439.735           175.9         450.241 
       0.601441         432.957         168.162         440.832 
        0.61382         422.512         160.867         433.024 
       0.626067         416.957         154.059         424.251 
       0.638306         400.676         147.648         415.985 
       0.650632         395.959         141.574             405 
       0.662899         392.414         135.882         400.258 
       0.675076         377.851         130.548         393.763 
       0.687267         368.077         125.493          384.38 
       0.699615         364.251         120.643          378.21 
       0.711937         358.525         116.058         371.352 
       0.724148         346.473          111.75         365.963 
       0.736433         338.525          107.64         359.028 
       0.748747         334.006          103.73         352.464 
       0.761037         327.646         100.024         347.644 
       0.773197         323.621         96.5367         342.482 
       0.785376         318.613         93.2122         337.081 
       0.797761          310.06         89.9929         331.749 
       0.810096         307.423         86.9383         327.514 
       0.822371          296.91         84.0404         322.108 
       0.834626          295.39         81.2799         317.839 
       0.846916         289.133         78.6368          313.03 
       0.859215         288.546         76.1104         308.559 
       0.871383         280.981         73.7207         304.196 
        0.88363         279.203           71.42         301.066 
       0.895928         273.408         69.2091         296.276 
       0.908253         266.392         67.0882         291.533 
       0.920535         263.937         65.0637         287.825 
       0.932774         257.299         63.1302         283.773 
        0.94508         254.192          61.266         280.818 
       0.957324         253.017         59.4865         276.878 
        0.96953         249.298         57.7834          273.28 
       0.981769         242.159          56.143         270.496 
       0.994071         241.217         54.5589         267.072 
         1.0064         235.981         53.0334         263.133 
        1.01868         233.084         51.5709         259.865 
        1.03092         227.078         50.1704         257.403 
         1.0432         223.669         48.8171         254.267 
        1.05553          220.85         47.5087          250.92 
        1.06777         219.908         46.2579         248.303 
           1.08         214.457         45.0536          245.35 
        1.09227         212.205         43.8885          242.51 
         1.1046          208.93         42.7604         240.083 
         1.1169         204.386         41.6741         236.799 
        1.12915         201.633         40.6311         234.654 
        1.14142         198.307         39.6217         231.662 
        1.15365         195.544         38.6498         229.221 
        1.16585         192.451         37.7131         226.378 
        1.17807         190.133         36.8065         224.447 
        1.19037         188.019         35.9238         222.342 
        1.20276         185.299         35.0642         219.497 
        1.21504         181.367         34.2396         217.117 
        1.22728         178.181          33.445         214.358 
        1.23954          177.55         32.6739         212.771 
        1.25184         174.031         31.9257         210.378 
        1.26414         170.927         31.2006         208.248 
        1.27632         170.222         30.5046         206.699 
         1.2886         168.449         29.8251         204.069 
        1.30093         163.581         29.1639         201.746 
        1.31316         161.074         28.5276         199.486 
        1.32541         159.734         27.9102         197.844 
        1.33772         158.082         27.3078         195.784 
        1.35005         155.528         26.7227         193.588 
        1.36225         153.041         26.1608         191.817 
        1.37447         150.919          25.614           189.5 
        1.38676         149.059         25.0804         187.928 
        1.39907         146.597         24.5612         185.894 
        1.41133         144.248         24.0589         184.188 
        1.42358         142.423         23.5712         182.457 
        1.43591         140.721         23.0937         180.538 
        1.44818         138.725          22.632         178.883 
        1.46037         136.742         22.1858         177.008 
        1.47263         135.016         21.7491         175.605 
        1.48494         132.944         21.3226         173.473 
        1.49724          131.12         20.9078         172.081 
        1.50952         128.718          20.505         170.393 
        1.52178         128.142         20.1133         168.552 
        1.53409          125.34         19.7304         167.167 
        1.54637         123.879         19.3582         165.762 
        1.55858         121.689         18.9978         163.978 
        1.57081         120.007          18.646         162.585 
        1.58313         118.465          18.301         160.936 
        1.59544         116.691         17.9649         159.536 
        1.60767         115.604         17.6394         158.034 
        1.61994         113.498         17.3209         156.774 
        1.63225         112.101         17.0095         154.995 
        1.64452         110.014         16.7067         153.608 
        1.65676         108.404         16.4123         152.335 
          1.669         107.717         16.1247         151.045 
        1.68133         105.357         15.8422         149.652 
        1.69363         104.105         15.5673         148.317 
        1.70585         102.205         15.3007             147 
        1.71809         101.014         15.0398         145.479 
        1.73038         100.282         14.7842         144.308 
        1.74268         99.0597         14.5343         142.948 
        1.75493         96.8488         14.2914         141.707 
        1.76714          95.862         14.0547         140.562 
        1.77942         94.4403         13.8221         139.139 
        1.79173         93.0758         13.5942         138.041 
        1.80402         92.3075         13.3719         136.839 
         1.8163         90.3649         13.1547         135.571 
         1.8286         89.1429          12.942         134.376 
         1.8409         88.5064         12.7342         133.163 
        1.85315          86.935         12.5316         132.103 
        1.86537         85.9199         12.3338             131 
        1.87765         85.1121         12.1396         129.857 
        1.88995          83.647         11.9491         128.745 
        1.90221         82.4939         11.7634         127.655 
        1.91445         81.4304         11.5819          126.47 
        1.92674         80.0387         11.4036         125.429 
        1.93902         79.0385         11.2291         124.306 
        1.95124         78.2037         11.0591         123.296 
         1.9635         76.9611         10.8922          122.16 
        1.97583         75.7957         10.7278         121.236 
        1.98812         74.8198         10.5673         120.227 
        2.00039          73.896         10.4105         119.172 
        2.01264          73.084         10.2569         118.181 
        2.02492         72.1569         10.1063         117.165 
        2.03717         70.9351         9.95893         116.165 
        2.04942         70.5814          9.8147          115.31 
        2.06171         68.9557         9.67283         114.303 
        2.07397         68.1867         9.53409         113.396 
        2.08629         67.3941         9.39748         112.408 
        2.09857          66.354         9.26388         111.513 
        2.11081         65.3187         9.13343         110.484 
        2.12309         64.5332         9.00518         109.729 
        2.13538         63.7284         8.87921         108.773 
        2.14763         62.8583         8.75607         107.902 
        2.15986         61.7698         8.63555         106.979 
        2.17214         61.2566         8.51682         106.095 
        2.18443         60.5032          8.4002         105.392 
        2.19671          59.352         8.28591         104.489 
        2.20898         59.0197         8.17388         103.604 
        2.22126         58.1113          8.0638         102.768 
        2.23354         57.4234          7.9558         101.984 
         2.2458         56.5338         7.84995         101.193 
        2.25807         55.7728         7.74594         100.341 
        2.27035         55.1421         7.64372         99.5267 
        2.28263         54.3737         7.54341         98.7439 
         2.2949         53.7716         7.44493         97.9739 
        2.30718         52.7794          7.3482         97.2358 
        2.31946         52.4521         7.25313         96.4355 
        2.33169         51.5164         7.16015          95.696 
        2.34393         50.9736         7.06866         94.9833 
        2.35622         50.2755         6.97848         94.2331 
        2.36847         49.8226         6.89012         93.5901 
        2.38076         48.9384         6.80303         92.7469 
        2.39305         48.3893         6.71747         92.1105 
        2.40534         47.8667         6.63338         91.3542 
        2.41762         47.2822         6.55074         90.6074 
        2.42989         46.6987         6.46963         89.9917 
        2.44216         46.1657          6.3899         89.2575 
         2.4544         45.5448          6.3117         88.5819 
        2.46667         45.0198         6.23463         87.8849 
        2.47897         44.5346         6.15866         87.2159 
        2.49124         43.9483         6.08417         86.5954 
        2.50349         43.6346         6.01102         85.9111 
        2.51578         42.9157         5.93885         85.3538 
        2.52805         42.4306           5.868         84.6506 
        2.54029         42.0043         5.79847         83.9698 
        2.55257         41.3898         5.72987          83.399 
        2.56487         41.0464         5.66225          82.819 
        2.57716         40.4709         5.59581         82.2098 
        2.58942         39.9148         5.53058         81.5776 
        2.60167         39.6122         5.46646          80.986 
        2.61395         39.0288         5.40326         80.3996 
        2.62624         38.7816         5.34097         79.7572 
        2.63849         38.2639         5.27986         79.1992 
        2.65073         37.9154         5.21977         78.6127 
        2.66302         37.4095         5.16041         78.0289 
         2.6753         36.9786           5.102         77.4824 
        2.68756         36.5868         5.04462         76.8986 
        2.69983         36.2249         4.98808          76.386 
        2.71213         35.8555         4.93228          75.848 
        2.72441          35.487         4.87744         75.2872 
        2.73665         34.9779         4.82357         74.7465 
         2.7489         34.8451         4.77054         74.2194 
        2.76118         34.3563         4.71815          73.703 
        2.77349         34.0686         4.66641         73.1724 
        2.78576         33.8064         4.61566         72.6249 
        2.79802         33.4183         4.56569         72.1829 
        2.81031         33.0323         4.51634         71.6529 
        2.82259          32.964         4.46774         71.1229 
        2.83483         32.5008         4.42004         70.6644 
         2.8471         32.1728         4.37295         70.1667 
         2.8594         31.9294          4.3264         69.6552 
         2.8717         31.7554         4.28054         69.1895 
        2.88396         31.3874         4.23551         68.7013 
        2.89619         31.2486         4.19122         68.1926 
        2.90847         30.9118         4.14739         67.7234 
        2.92072          30.723         4.10426         67.2866 
        2.93299         30.5368         4.06173         66.8273 
        2.94526         30.2224         4.01976         66.3765 
        2.95753         30.0338         3.97839         65.9198 
        2.96982           29.89         3.93754           65.47 
        2.98209         29.6135         3.89734          65.036 
        2.99436         29.4195         3.85767         64.5661 
        3.00666         29.3574         3.81849         64.1449 
        3.01894         29.0916         3.77992         63.7011 
        3.03119         28.9684         3.74195         63.2875 
        3.04345         28.8504         3.70449         62.8887 
        3.05573         28.5871         3.66747         62.4672 
          3.068         28.5921           3.631         62.0467 
        3.08026         28.4241         3.59505         61.6293 
        3.09254         28.3063         3.55953         61.2249 
        3.10483         28.2989         3.52449         60.8291 
         3.1171         28.0872         3.48996         60.4281 
        3.12933         28.0724         3.45599         60.0193 
        3.14159         27.9409          3.4224         59.6122 
