# k  (h/Mpc)    Pcb(k)  (Mpc/h)^3    Pcb_linear(k) (Mpc/h)^3    Pcb_NL(k) (Mpc/h)^3   ShotnoiseSubtracted = false
      0.0156606         249.006         249.835         248.689 
      0.0273761         217.369         216.341         215.914 
      0.0384619         165.036          163.09         163.095 
      0.0498308         130.068         128.323          128.42 
      0.0625568         109.823         109.081          109.04 
      0.0751274         93.6982         92.6865         92.5491 
      0.0867833         75.2406         74.6282         74.6167 
      0.0984825         60.0867         59.0616         59.1595 
       0.111151         50.1833         49.3172         49.4031 
       0.123864         45.0444         44.4459         44.4751 
       0.135742         40.4094         39.9686         39.9823 
        0.14762         34.4523         34.1757         34.2604 
       0.160083         28.7258         28.4878         28.6033 
       0.172465         25.1073         24.8646         24.9979 
       0.184281         23.1818         22.9224         23.0537 
       0.196406         21.2709         21.1689         21.2592 
       0.209011         18.9915          18.835         18.9451 
       0.221538         16.6851         16.4601         16.6249 
       0.233611          14.925         14.7276         14.9108 
       0.245665         13.8622          13.593         13.7522 
       0.258103          12.697          12.654         12.8095 
       0.270422         11.7733         11.6276          11.776 
       0.282519           10.69         10.5527          10.717 
       0.294636         9.84685         9.61469         9.78887 
       0.306978         8.94848         8.89521         9.07396 
       0.319417         8.43691         8.31652         8.48935 
        0.33169         7.85875         7.76259         7.92847 
       0.343948         7.33011          7.1925          7.3573 
       0.356249         6.73438         6.65785          6.8484 
       0.368458         6.32053         6.21004         6.37771 
        0.38068         5.90676         5.83554         6.00237 
       0.392856         5.56717         5.49369         5.66205 
       0.405069         5.25351         5.15941         5.31799 
       0.417459         4.85548         4.83575         5.00343 
       0.429752         4.59768          4.5452          4.7099 
       0.441978         4.35909          4.2902         4.46504 
       0.454294         4.09968         4.05863         4.22354 
        0.46658         3.91893         3.84135         4.00218 
       0.478753         3.69565         3.63638         3.79598 
       0.490964          3.5248         3.44384         3.61361 
       0.503334          3.3545         3.26612         3.42444 
       0.515665         3.16064         3.10407         3.27104 
       0.527909         3.03093         2.95447         3.10822 
       0.540159         2.86863         2.81294         2.96396 
        0.55248         2.71932         2.67864         2.82282 
       0.564743         2.62962         2.55428         2.70966 
        0.57686         2.50803         2.43999         2.58892 
       0.589077         2.37167         2.33211         2.48645 
       0.601441         2.28174         2.22952         2.38015 
        0.61382         2.18394         2.13279         2.27771 
       0.626067         2.08361         2.04254          2.1859 
       0.638306         2.00608         1.95754         2.09789 
       0.650632         1.93739         1.87701         2.01955 
       0.662899         1.86013         1.80155         1.93892 
       0.675076         1.76817         1.73082         1.86787 
       0.687267         1.69734         1.66381         1.79386 
       0.699615         1.65268          1.5995         1.72818 
       0.711937         1.58292         1.53872         1.67063 
       0.724148         1.53482          1.4816         1.61041 
       0.736433         1.46837          1.4271         1.55057 
       0.748747         1.41729         1.37527         1.50336 
       0.761037         1.36276         1.32613         1.44996 
       0.773197         1.31404          1.2799         1.40538 
       0.785376         1.26806         1.23582         1.35774 
       0.797761         1.22581         1.19314         1.31063 
       0.810096         1.19682         1.15264         1.27412 
       0.822371         1.15803         1.11422         1.23013 
       0.834626         1.12179         1.07762         1.19115 
       0.846916         1.08479         1.04258         1.15928 
       0.859215         1.04142         1.00909         1.12545 
       0.871383         1.01049        0.977403         1.09047 
        0.88363        0.980562        0.946899         1.05906 
       0.895928        0.954537        0.917587         1.02723 
       0.908253        0.926981        0.889468        0.998463 
       0.920535        0.899504        0.862627        0.968677 
       0.932774        0.870728        0.836992        0.939887 
        0.94508        0.847859        0.812276        0.915056 
       0.957324        0.825674        0.788683        0.892772 
        0.96953        0.797503        0.766103        0.868152 
       0.981769        0.774681        0.744355        0.842623 
       0.994071        0.754799        0.723352        0.824055 
         1.0064         0.73318        0.703127        0.801192 
        1.01868        0.714451        0.683737        0.780905 
        1.03092        0.698903        0.665169        0.759413 
         1.0432        0.680889        0.647227        0.741085 
        1.05553        0.659646         0.62988        0.724013 
        1.06777         0.64195        0.613297        0.706486 
           1.08        0.629893         0.59733        0.688561 
        1.09227        0.609738        0.581882        0.671519 
         1.1046        0.595209        0.566926        0.656716 
         1.1169        0.580618        0.552523        0.641049 
        1.12915        0.565205        0.538695         0.62615 
        1.14142        0.555028        0.525312        0.611656 
        1.15365        0.541521        0.512426        0.598255 
        1.16585        0.527544        0.500008          0.5842 
        1.17807        0.518283        0.487987        0.572095 
        1.19037         0.50068        0.476285         0.55853 
        1.20276         0.49196        0.464888        0.545285 
        1.21504        0.482164        0.453955        0.536021 
        1.22728        0.472895        0.443421        0.522412 
        1.23954        0.460829        0.433197        0.513323 
        1.25184        0.452858        0.423277        0.501075 
        1.26414        0.442352        0.413664        0.490472 
        1.27632        0.429387        0.404437        0.480745 
         1.2886        0.418977        0.395427        0.470011 
        1.30093        0.410321        0.386661        0.462218 
        1.31316        0.399967        0.378224        0.452258 
        1.32541        0.392658        0.370039        0.443882 
        1.33772        0.385272        0.362052        0.435086 
        1.35005        0.379512        0.354295        0.426828 
        1.36225        0.371115        0.346845        0.417945 
        1.37447        0.364102        0.339596        0.410814 
        1.38676        0.357402        0.332522        0.402158 
        1.39907        0.349843        0.325637        0.395168 
        1.41133        0.341496        0.318978        0.387732 
        1.42358        0.336811        0.312511        0.379649 
        1.43591        0.330192         0.30618        0.374237 
        1.44818        0.323492         0.30006        0.367461 
        1.46037        0.317236        0.294144         0.35989 
        1.47263        0.310999        0.288354        0.354045 
        1.48494        0.305243        0.282699        0.348053 
        1.49724        0.299578          0.2772        0.341996 
        1.50952         0.29349        0.271859        0.334824 
        1.52178        0.288836        0.266667         0.32951 
        1.53409        0.284176        0.261589        0.323977 
        1.54637        0.277819        0.256655        0.318109 
        1.55858        0.273751        0.251876        0.312873 
        1.57081        0.268945        0.247212        0.307342 
        1.58313        0.264913        0.242638        0.302887 
        1.59544        0.260539        0.238182        0.297454 
        1.60767        0.255997        0.233867        0.292668 
        1.61994        0.250216        0.229643        0.288326 
        1.63225        0.245645        0.225516        0.283755 
        1.64452        0.243061        0.221501        0.278793 
        1.65676        0.239592        0.217597        0.274556 
          1.669        0.235643        0.213785         0.26994 
        1.68133        0.230903        0.210039        0.266054 
        1.69363        0.226872        0.206394        0.261884 
        1.70585        0.223194         0.20286        0.257848 
        1.71809        0.219633        0.199401        0.253784 
        1.73038        0.216741        0.196011        0.250048 
        1.74268        0.212251        0.192699        0.245947 
        1.75493         0.21101        0.189478        0.242816 
        1.76714        0.206574         0.18634        0.239008 
        1.77942        0.204115        0.183256        0.235528 
        1.79173        0.201005        0.180235        0.231665 
        1.80402        0.197347        0.177288        0.228526 
         1.8163        0.194788        0.174408        0.224701 
         1.8286        0.191706        0.171588        0.222421 
         1.8409        0.188708        0.168832        0.218736 
        1.85315         0.18663        0.166147        0.215587 
        1.86537        0.182585        0.163525        0.212635 
        1.87765        0.180133         0.16095        0.209604 
        1.88995        0.178695        0.158424        0.206915 
        1.90221        0.176361        0.155961        0.203861 
        1.91445        0.172813        0.153555        0.201183 
        1.92674        0.170379        0.151191        0.198444 
        1.93902        0.167825        0.148877         0.19552 
        1.95124        0.165415        0.146624        0.192912 
         1.9635        0.163375        0.144412        0.190254 
        1.97583        0.161581        0.142231         0.18762 
        1.98812        0.159113        0.140104        0.185576 
        2.00039        0.157753        0.138024        0.182805 
        2.01264        0.155251        0.135989        0.180557 
        2.02492        0.153772        0.133991        0.178197 
        2.03717        0.150858        0.132038        0.175906 
        2.04942        0.149321        0.130125         0.17353 
        2.06171        0.147199        0.128244        0.171307 
        2.07397        0.144914        0.126405        0.169239 
        2.08629        0.143433        0.124594        0.166999 
        2.09857        0.141774        0.122823        0.164968 
        2.11081        0.140176        0.121093        0.162655 
        2.12309        0.137877        0.119393        0.161004 
        2.13538        0.136456        0.117722        0.158856 
        2.14763        0.134938         0.11609        0.157005 
        2.15986        0.133064        0.114492         0.15516 
        2.17214        0.131441        0.112918        0.153184 
        2.18443        0.130405        0.111372        0.151264 
        2.19671        0.128447        0.109856        0.149623 
        2.20898        0.127202        0.108371        0.147677 
        2.22126        0.125314        0.106912         0.14606 
        2.23354        0.123862         0.10548        0.144427 
         2.2458        0.122708        0.104076        0.142356 
        2.25807        0.121356        0.102697           0.141 
        2.27035        0.119859        0.101342        0.139304 
        2.28263          0.1184        0.100012        0.137778 
         2.2949        0.117365       0.0987065        0.136058 
        2.30718        0.115748       0.0974239        0.134569 
        2.31946        0.114858       0.0961635        0.133091 
        2.33169        0.113062       0.0949308        0.131524 
        2.34393        0.112505       0.0937178        0.130202 
        2.35622        0.111252       0.0925222        0.128588 
        2.36847         0.11012       0.0913507        0.127207 
        2.38076        0.108762       0.0901961        0.125835 
        2.39305         0.10786       0.0890617        0.124445 
        2.40534        0.106537       0.0879468        0.123108 
        2.41762        0.105475       0.0868511        0.121745 
        2.42989         0.10444       0.0857757        0.120373 
        2.44216        0.103481       0.0847187        0.119142 
         2.4544        0.102345       0.0836819        0.117919 
        2.46667        0.101277       0.0826601        0.116551 
        2.47897       0.0999183       0.0816529        0.115337 
        2.49124       0.0993741       0.0806652        0.114135 
        2.50349       0.0982659       0.0796954        0.112894 
        2.51578       0.0971744       0.0787386        0.111712 
        2.52805       0.0967845       0.0777992         0.11059 
        2.54029        0.095688       0.0768774        0.109479 
        2.55257       0.0949626       0.0759678        0.108387 
        2.56487       0.0940367       0.0750713        0.107257 
        2.57716       0.0933478       0.0741904        0.106145 
        2.58942        0.092239       0.0733256        0.105024 
        2.60167       0.0913336       0.0724755        0.103978 
        2.61395       0.0906052       0.0716376         0.10298 
        2.62624       0.0902666       0.0708117         0.10196 
        2.63849       0.0891104       0.0700016        0.100943 
        2.65073       0.0883693       0.0692049       0.0999129 
        2.66302       0.0878286       0.0684178       0.0989116 
         2.6753       0.0870779       0.0676434       0.0979595 
        2.68756        0.086625       0.0668826       0.0970242 
        2.69983       0.0855975        0.066133       0.0959582 
        2.71213       0.0849532       0.0653933       0.0951183 
        2.72441       0.0842986       0.0646662       0.0942652 
        2.73665       0.0835256        0.063952       0.0933342 
         2.7489       0.0832892       0.0632489       0.0924351 
        2.76118       0.0825558       0.0625542       0.0915631 
        2.77349       0.0818531       0.0618683        0.090734 
        2.78576       0.0815009       0.0611955       0.0899176 
        2.79802       0.0807293       0.0605329       0.0889239 
        2.81031       0.0800724       0.0598787       0.0881901 
        2.82259       0.0795827       0.0592343       0.0873248 
        2.83483       0.0791459       0.0586019        0.086484 
         2.8471       0.0785706       0.0579775       0.0858076 
         2.8594       0.0784731       0.0573603       0.0850285 
         2.8717       0.0776508       0.0567523       0.0841994 
        2.88396       0.0773431       0.0561554       0.0834765 
        2.89619       0.0767423       0.0555681       0.0827478 
        2.90847        0.076325        0.054987       0.0819951 
        2.92072       0.0757446       0.0544152       0.0812033 
        2.93299       0.0754671       0.0538513       0.0804766 
        2.94526       0.0751409       0.0532948       0.0798066 
        2.95753          0.0746       0.0527464       0.0791052 
        2.96982       0.0743452       0.0522047       0.0783601 
        2.98209       0.0736842       0.0516718       0.0776565 
        2.99436        0.073593       0.0511458       0.0769806 
        3.00666        0.073296       0.0506263        0.076303 
        3.01894       0.0730123        0.050115       0.0756893 
        3.03119       0.0727837       0.0496115       0.0750344 
        3.04345       0.0722989       0.0491149       0.0743942 
        3.05573       0.0723889       0.0486241       0.0737793 
          3.068       0.0720256       0.0481405       0.0731065 
        3.08026        0.071713        0.047664       0.0725101 
        3.09254       0.0716183       0.0471931       0.0719091 
        3.10483       0.0713568       0.0467284       0.0713101 
         3.1171       0.0712895       0.0462706       0.0706845 
        3.12933         0.07094       0.0458202       0.0700385 
        3.14159         0.07067       0.0453749       0.0695213 
