# k  (h/Mpc)    P(k)  (Mpc/h)^3    P_linear(k)  (Mpc/h)^3     P_NL(k)  ShotnoiseSubtracted = false
      0.0156606         18770.3         18762.6         18623.4 
      0.0273761         16086.7         16195.7         16039.6 
      0.0384619         12165.1           12191         12056.1 
      0.0498308         9403.32         9583.81         9449.24 
      0.0625568         7938.96         8141.89         8020.97 
      0.0751274         7053.03         6915.69         6744.74 
      0.0867833         5472.25            5567         5515.35 
      0.0984825         4603.46         4405.04         4455.17 
       0.111151          3927.2         3677.79         3737.79 
       0.123864         3519.79         3314.19          3363.1 
       0.135742         3202.34         2980.13         3029.49 
        0.14762         2780.47         2548.05         2679.15 
       0.160083         2349.64         2123.87         2283.72 
       0.172465         2095.73         1853.68         2056.63 
       0.184281         1906.43         1708.84         1913.82 
       0.196406         1786.24         1578.08         1759.98 
       0.209011         1664.67         1404.06         1593.37 
       0.221538         1500.59            1227         1482.15 
       0.233611         1429.36         1097.83         1384.68 
       0.245665         1299.63         1013.25         1277.09 
       0.258103         1275.12          943.24         1204.65 
       0.270422          1139.7         866.721         1129.56 
       0.282519         1070.55         786.592         1065.18 
       0.294636         1055.83         716.668         1006.94 
       0.306978         958.335         663.035         963.132 
       0.319417         934.672         619.897         907.491 
        0.33169         879.854         578.605         857.822 
       0.343948         841.741         536.108         830.143 
       0.356249         795.015         496.256         798.107 
       0.368458         767.345         462.875         760.046 
        0.38068         749.618         434.962         729.787 
       0.392856         709.751         409.479          702.97 
       0.405069         675.932         384.561         681.098 
       0.417459         649.613         360.436         653.823 
       0.429752         640.601          338.78         630.724 
       0.441978         618.515         319.772         613.916 
       0.454294         589.024         302.511         588.222 
        0.46658         573.702         286.315         575.367 
       0.478753           560.4         271.036         557.112 
       0.490964         538.823         256.684          539.61 
       0.503334         513.107         243.439          526.65 
       0.515665         511.941         231.361         515.152 
       0.527909          491.69          220.21         502.766 
       0.540159         479.144          209.66         489.246 
        0.55248         469.692          199.65         476.296 
       0.564743         465.379         190.381         467.991 
        0.57686         447.958         181.863         455.108 
       0.589077         436.207         173.821         444.919 
       0.601441         429.406         166.175         435.622 
        0.61382         419.009         158.965         427.906 
       0.626067         413.463         152.238         419.236 
       0.638306         397.317         145.903         411.068 
       0.650632         392.624           139.9         400.212 
       0.662899          389.08         134.276         395.526 
       0.675076         374.628         129.004         389.107 
       0.687267         364.894         124.009         379.836 
       0.699615         361.095         119.217         373.738 
       0.711937         355.377         114.686         366.961 
       0.724148         343.401         110.429         361.635 
       0.736433         335.497         106.367         354.782 
       0.748747         331.001         102.503         348.296 
       0.761037         324.668         98.8407         343.533 
       0.773197         320.645         95.3951         338.432 
       0.785376         315.663         92.1099         333.094 
       0.797761         307.158         88.9285         327.826 
       0.810096         304.519         85.9101          323.64 
       0.822371           294.1         83.0464         318.298 
       0.834626         292.554         80.3185         314.079 
       0.846916         286.351         77.7067         309.327 
       0.859215         285.724         75.2102         304.909 
       0.871383         278.218         72.8487         300.598 
        0.88363          276.42         70.5752         297.504 
       0.895928          270.68         68.3905         292.772 
       0.908253         263.717         66.2946         288.084 
       0.920535         261.238         64.2941          284.42 
       0.932774         254.674         62.3834         280.416 
        0.94508          251.56         60.5412         277.496 
       0.957324         250.369         58.7828         273.602 
        0.96953         246.671         57.0998         270.047 
       0.981769         239.594         55.4789         267.296 
       0.994071          238.64         53.9134         263.912 
         1.0064         233.444          52.406          260.02 
        1.01868         230.567         50.9608          256.79 
        1.03092         224.582         49.5769         254.358 
         1.0432         221.203         48.2396         251.259 
        1.05553         218.404         46.9466         247.951 
        1.06777         217.441         45.7106         245.366 
           1.08         212.027         44.5206         242.447 
        1.09227         209.804         43.3692         239.641 
         1.1046         206.537         42.2545         237.243 
         1.1169         202.017          41.181         233.998 
        1.12915         199.287         40.1503         231.877 
        1.14142         195.983         39.1529         228.921 
        1.15365         193.232         38.1924         226.509 
        1.16585          190.15         37.2669         223.699 
        1.17807         187.847          36.371         221.791 
        1.19037         185.733         35.4987         219.711 
        1.20276         183.035         34.6493           216.9 
        1.21504         179.129         33.8345         214.548 
        1.22728          175.97         33.0493         211.821 
        1.23954          175.33         32.2872         210.253 
        1.25184         171.837         31.5479         207.889 
        1.26414         168.754         30.8314         205.784 
        1.27632         168.041         30.1437         204.253 
         1.2886         166.282         29.4721         201.654 
        1.30093         161.472         28.8188         199.358 
        1.31316         158.962           28.19         197.125 
        1.32541         157.632         27.5799         195.503 
        1.33772         155.989         26.9846         193.467 
        1.35005         153.454         26.4065         191.297 
        1.36225         150.976         25.8512         189.547 
        1.37447          148.87         25.3109         187.258 
        1.38676         147.026         24.7836         185.704 
        1.39907         144.597         24.2705         183.694 
        1.41133         142.252         23.7742         182.009 
        1.42358         140.448         23.2922         180.298 
        1.43591         138.753         22.8204         178.401 
        1.44818         136.765         22.3642         176.766 
        1.46037         134.811         21.9232         174.913 
        1.47263         133.087         21.4917         173.527 
        1.48494         131.037         21.0702          171.42 
        1.49724         129.229         20.6604         170.045 
        1.50952         126.855         20.2623         168.376 
        1.52178         126.272         19.8753         166.557 
        1.53409         123.496         19.4969         165.189 
        1.54637         122.046         19.1291           163.8 
        1.55858         119.885         18.7729         162.038 
        1.57081         118.211         18.4253         160.661 
        1.58313         116.683         18.0844         159.032 
        1.59544         114.918         17.7523         157.648 
        1.60767         113.848         17.4306         156.164 
        1.61994         111.759         17.1159         154.919 
        1.63225         110.376         16.8082         153.161 
        1.64452         108.311          16.509          151.79 
        1.65676         106.722          16.218         150.532 
          1.669         106.033         15.9339         149.257 
        1.68133         103.699         15.6547         147.881 
        1.69363         102.454         15.3831         146.562 
        1.70585         100.576         15.1196          145.26 
        1.71809          99.397         14.8618         143.757 
        1.73038          98.668         14.6092           142.6 
        1.74268         97.4589         14.3623         141.257 
        1.75493          95.268         14.1223          140.03 
        1.76714         94.3021         13.8883         138.898 
        1.77942          92.885         13.6585         137.493 
        1.79173          91.537         13.4333         136.408 
        1.80402         90.7735         13.2137          135.22 
         1.8163         88.8563         12.9991         133.966 
         1.8286         87.6475         12.7889         132.786 
         1.8409         87.0182         12.5835         131.587 
        1.85315         85.4604         12.3833         130.539 
        1.86537         84.4608         12.1879          129.45 
        1.87765         83.6608          11.996          128.32 
        1.88995         82.2139         11.8077         127.221 
        1.90221         81.0715         11.6242         126.144 
        1.91445         80.0255         11.4448         124.973 
        1.92674         78.6474         11.2686         123.944 
        1.93902         77.6603         11.0962         122.835 
        1.95124         76.8285         10.9282         121.837 
         1.9635          75.604         10.7633         120.714 
        1.97583         74.4527         10.6008         119.801 
        1.98812         73.4902         10.4422         118.804 
        2.00039         72.5798         10.2872         117.762 
        2.01264          71.772         10.1355         116.783 
        2.02492          70.862         9.98669         115.779 
        2.03717         69.6583         9.84107          114.79 
        2.04942         69.3024         9.69854         113.945 
        2.06171         67.7022         9.55836         112.951 
        2.07397         66.9434         9.42125         112.054 
        2.08629         66.1617         9.28626         111.078 
        2.09857         65.1362         9.15425         110.193 
        2.11081         64.1141         9.02534         109.177 
        2.12309         63.3346         8.89861          108.43 
        2.13538          62.543         8.77412         107.486 
        2.14763         61.6882         8.65244         106.625 
        2.15986         60.6164         8.53335         105.713 
        2.17214         60.1086         8.41602          104.84 
        2.18443         59.3651         8.30078         104.145 
        2.19671         58.2313         8.18784         103.252 
        2.20898         57.9002         8.07714         102.378 
        2.22126         57.0072         7.96837         101.551 
        2.23354         56.3299         7.86164         100.777 
         2.2458         55.4506         7.75705         99.9954 
        2.25807         54.7024         7.65427         99.1535 
        2.27035         54.0749         7.55326         98.3488 
        2.28263         53.3227         7.45413         97.5752 
         2.2949         52.7256         7.35682         96.8143 
        2.30718          51.754         7.26123          96.085 
        2.31946         51.4295         7.16728         95.2942 
        2.33169         50.5068         7.07541         94.5634 
        2.34393         49.9768           6.985         93.8592 
        2.35622         49.2818         6.89589         93.1178 
        2.36847         48.8406         6.80858         92.4824 
        2.38076         47.9707         6.72252         91.6492 
        2.39305         47.4288         6.63797         91.0203 
        2.40534          46.914         6.55487          90.273 
        2.41762         46.3383         6.47321          89.535 
        2.42989         45.7613         6.39306         88.9266 
        2.44216           45.24         6.31427         88.2011 
         2.4544         44.6269           6.237         87.5335 
        2.46667         44.1104         6.16084         86.8447 
        2.47897         43.6334         6.08577         86.1837 
        2.49124         43.0599         6.01216         85.5705 
        2.50349         42.7498         5.93988         84.8943 
        2.51578         42.0424         5.86856         84.3436 
        2.52805         41.5637         5.79855         83.6487 
        2.54029          41.147         5.72985          82.976 
        2.55257         40.5432         5.66205         82.4119 
        2.56487         40.2062         5.59523         81.8388 
        2.57716         39.6394         5.52958         81.2368 
        2.58942         39.0929         5.46512         80.6121 
        2.60167         38.7952         5.40176         80.0274 
        2.61395         38.2233         5.33931          79.448 
        2.62624         37.9769         5.27776         78.8133 
        2.63849         37.4675         5.21737         78.2618 
        2.65073         37.1258         5.15799         77.6823 
        2.66302         36.6325         5.09933         77.1054 
         2.6753         36.2089         5.04162         76.5653 
        2.68756         35.8241         4.98491         75.9885 
        2.69983         35.4657         4.92904          75.482 
        2.71213         35.1037         4.87391         74.9503 
        2.72441         34.7413         4.81972         74.3961 
        2.73665         34.2431         4.76648         73.8618 
         2.7489         34.1093         4.71408          73.341 
        2.76118         33.6325         4.66231         72.8307 
        2.77349         33.3471         4.61119         72.3064 
        2.78576         33.0889         4.56103         71.7653 
        2.79802         32.7102         4.51165         71.3286 
        2.81031         32.3322         4.46289         70.8048 
        2.82259         32.2631         4.41487         70.2811 
        2.83483         31.8089         4.36773         69.8281 
         2.8471         31.4891         4.32119         69.3363 
         2.8594         31.2485         4.27519         68.8308 
         2.8717         31.0788         4.22988         68.3707 
        2.88396         30.7162         4.18538         67.8882 
        2.89619         30.5808         4.14161         67.3855 
        2.90847         30.2496          4.0983         66.9219 
        2.92072         30.0666         4.05569         66.4902 
        2.93299         29.8835         4.01366         66.0364 
        2.94526         29.5734         3.97218         65.5909 
        2.95753         29.3886         3.93131         65.1396 
        2.96982          29.245         3.89094         64.6952 
        2.98209         28.9773         3.85121         64.2662 
        2.99436         28.7858         3.81201          63.802 
        3.00666         28.7252         3.77329         63.3857 
        3.01894         28.4631         3.73519         62.9472 
        3.03119         28.3454         3.69766         62.5385 
        3.04345           28.23         3.66065         62.1444 
        3.05573         27.9679         3.62406         61.7279 
          3.068         27.9742         3.58802         61.3124 
        3.08026         27.8084         3.55251         60.8999 
        3.09254          27.695         3.51741         60.5003 
        3.10483          27.688         3.48277         60.1091 
         3.1171         27.4789         3.44865         59.7129 
        3.12933         27.4641         3.41508         59.3089 
        3.14159         27.3356         3.38189         58.9067 
