# k  (h/Mpc)    P(k)  (Mpc/h)^3    P_linear(k)  (Mpc/h)^3     P_NL(k)  ShotnoiseSubtracted = false
      0.0156606         84.1705         88.7087         88.3016 
      0.0273761         73.4754         76.7819         76.6301 
      0.0384619         55.7616         57.8776         57.8794 
      0.0498308         43.9738         45.5374         45.5718 
      0.0625568          37.137         38.7077         38.6932 
      0.0751274         31.6074         32.8898          32.841 
      0.0867833         25.4369         26.4817         26.4776 
      0.0984825         20.2795         20.9579         20.9926 
       0.111151         16.9291            17.5         17.5305 
       0.123864         15.2007         15.7713         15.7817 
       0.135742          13.636         14.1826         14.1874 
        0.14762         11.6453          12.127         12.1571 
       0.160083         9.71745         10.1087         10.1497 
       0.172465         8.49407         8.82304         8.87033 
       0.184281         7.83277         8.13383         8.18044 
       0.196406         7.19522          7.5116         7.54366 
       0.209011         6.41799         6.68344         6.72251 
       0.221538         5.62609         5.84073         5.89921 
       0.233611         5.04205         5.22596         5.29097 
       0.245665         4.66944         4.82337         4.87987 
       0.258103         4.30011         4.49015         4.54535 
       0.270422         3.97562         4.12594         4.17862 
       0.282519         3.60939         3.74453         3.80285 
       0.294636         3.31198         3.41169         3.47349 
       0.306978         3.03047         3.15639         3.21982 
       0.319417         2.85052         2.95104         3.01237 
        0.33169         2.65778         2.75448         2.81335 
       0.343948         2.47106         2.55219         2.61067 
       0.356249         2.27672         2.36248         2.43009 
       0.368458         2.12969         2.20358         2.26307 
        0.38068         1.99764          2.0707          2.1299 
       0.392856         1.88058         1.94939         2.00914 
       0.405069         1.77544         1.83077         1.88704 
       0.417459         1.64621         1.71593         1.77543 
       0.429752         1.55546         1.61284         1.67128 
       0.441978          1.4726         1.52234         1.58439 
       0.454294         1.38989         1.44017         1.49869 
        0.46658         1.32206         1.36307         1.42014 
       0.478753         1.25184         1.29034         1.34697 
       0.490964         1.18965         1.22201         1.28226 
       0.503334         1.13091         1.15896         1.21514 
       0.515665         1.06931         1.10146          1.1607 
       0.527909         1.02454         1.04837         1.10293 
       0.540159        0.971443        0.998143         1.05173 
        0.55248        0.921582        0.950488         1.00165 
       0.564743         0.88752        0.906366        0.961499 
        0.57686        0.846655        0.865811        0.918655 
       0.589077        0.803886        0.827528        0.882297 
       0.601441        0.774802        0.791126        0.844576 
        0.61382        0.740126        0.756803        0.808224 
       0.626067         0.70716        0.724776        0.775649 
       0.638306        0.680035        0.694616        0.744418 
       0.650632        0.654307        0.666041        0.716619 
       0.662899         0.62956        0.639263        0.688008 
       0.675076         0.59969        0.614168        0.662799 
       0.687267        0.576544        0.590388        0.636534 
       0.699615        0.559365         0.56757        0.613231 
       0.711937        0.536896           0.546        0.592807 
       0.724148        0.519886        0.525733         0.57144 
       0.736433        0.498913        0.506395        0.550207 
       0.748747        0.481134        0.488001        0.533456 
       0.761037        0.463093        0.470565        0.514505 
       0.773197        0.447574        0.454161        0.498686 
       0.785376        0.431055        0.438521        0.481783 
       0.797761        0.417359        0.423375        0.465065 
       0.810096        0.406523        0.409005        0.452111 
       0.822371        0.393149        0.395372        0.436499 
       0.834626        0.380703        0.382385        0.422668 
       0.846916        0.368847        0.369951         0.41136 
       0.859215        0.354445        0.358065        0.399355 
       0.871383        0.345012        0.346823        0.386945 
        0.88363         0.33401        0.335999        0.375799 
       0.895928        0.325423        0.325598        0.364503 
       0.908253        0.315779         0.31562        0.354296 
       0.920535        0.306635        0.306096        0.343726 
       0.932774        0.297617        0.296999         0.33351 
        0.94508        0.289134        0.288229        0.324699 
       0.957324        0.281526        0.279857        0.316792 
        0.96953        0.272296        0.271845        0.308056 
       0.981769        0.264956        0.264128        0.298997 
       0.994071        0.258307        0.256675        0.292409 
         1.0064         0.25086        0.249498        0.284296 
        1.01868        0.244756        0.242618        0.277097 
        1.03092        0.239091        0.236029        0.269471 
         1.0432        0.233262        0.229663        0.262967 
        1.05553        0.226298        0.223507         0.25691 
        1.06777          0.2201        0.217623         0.25069 
           1.08        0.215735        0.211957         0.24433 
        1.09227         0.20962        0.206476        0.238283 
         1.1046        0.204511        0.201169         0.23303 
         1.1169        0.199486        0.196058        0.227471 
        1.12915        0.194189        0.191151        0.222184 
        1.14142        0.190884        0.186403        0.217041 
        1.15365        0.186293         0.18183        0.212286 
        1.16585        0.181546        0.177423        0.207298 
        1.17807        0.178199        0.173158        0.203003 
        1.19037        0.173122        0.169006         0.19819 
        1.20276        0.170073        0.164962         0.19349 
        1.21504        0.166117        0.161082        0.190203 
        1.22728        0.162892        0.157344        0.185374 
        1.23954        0.159378        0.153716        0.182148 
        1.25184        0.156114        0.150196        0.177802 
        1.26414        0.152693        0.146785         0.17404 
        1.27632        0.148655        0.143511        0.170588 
         1.2886        0.145322        0.140314        0.166779 
        1.30093        0.142414        0.137203        0.164014 
        1.31316         0.13906         0.13421         0.16048 
        1.32541        0.136538        0.131305        0.157508 
        1.33772        0.133903        0.128471        0.154387 
        1.35005        0.131832        0.125719        0.151456 
        1.36225        0.129054        0.123075        0.148304 
        1.37447        0.126573        0.120503        0.145774 
        1.38676        0.124459        0.117992        0.142702 
        1.39907        0.122119         0.11555        0.140222 
        1.41133        0.119272        0.113187        0.137583 
        1.42358        0.117289        0.110892        0.134715 
        1.43591        0.115369        0.108646        0.132795 
        1.44818        0.113096        0.106474        0.130391 
        1.46037        0.110892        0.104374        0.127704 
        1.47263        0.108913         0.10232         0.12563 
        1.48494        0.106765        0.100313        0.123504 
        1.49724        0.104734       0.0983621        0.121354 
        1.50952        0.103059       0.0964669         0.11881 
        1.52178        0.101405       0.0946244        0.116924 
        1.53409       0.0999351       0.0928228        0.114961 
        1.54637       0.0980093       0.0910719        0.112878 
        1.55858       0.0960701       0.0893761         0.11102 
        1.57081       0.0946106       0.0877213        0.109058 
        1.58313       0.0932532       0.0860981        0.107477 
        1.59544       0.0919386       0.0845169        0.105549 
        1.60767        0.090461       0.0829856        0.103851 
        1.61994       0.0885079       0.0814871         0.10231 
        1.63225        0.086824       0.0800224        0.100688 
        1.64452       0.0858699       0.0785979       0.0989274 
        1.65676       0.0848119       0.0772126       0.0974241 
          1.669       0.0834359       0.0758597        0.095786 
        1.68133       0.0818414       0.0745306       0.0944071 
        1.69363       0.0804346       0.0732374       0.0929274 
        1.70585       0.0792771       0.0719831       0.0914951 
        1.71809       0.0780566       0.0707557       0.0900532 
        1.73038       0.0769402        0.069553       0.0887276 
        1.74268       0.0754333       0.0683777       0.0872722 
        1.75493       0.0749048       0.0672349       0.0861614 
        1.76714       0.0736127       0.0661211       0.0848102 
        1.77942       0.0727353        0.065027       0.0835753 
        1.79173       0.0717583       0.0639549       0.0822043 
        1.80402       0.0705727       0.0629091       0.0810907 
         1.8163       0.0695716       0.0618874       0.0797334 
         1.8286        0.068541       0.0608866       0.0789242 
         1.8409       0.0674368       0.0599088       0.0776167 
        1.85315       0.0667819       0.0589558       0.0764994 
        1.86537       0.0654759       0.0580254       0.0754517 
        1.87765       0.0648092       0.0571117       0.0743763 
        1.88995       0.0640309       0.0562155       0.0734222 
        1.90221       0.0633224       0.0553416       0.0723384 
        1.91445       0.0621836       0.0544878       0.0713881 
        1.92674       0.0614876        0.053649       0.0704164 
        1.93902       0.0605486       0.0528279       0.0693786 
        1.95124       0.0598685       0.0520283       0.0684533 
         1.9635       0.0590024       0.0512433       0.0675102 
        1.97583       0.0584117       0.0504695       0.0665755 
        1.98812       0.0575593       0.0497146       0.0658501 
        2.00039       0.0569129       0.0489767       0.0648668 
        2.01264        0.056196       0.0482545       0.0640692 
        2.02492       0.0556698       0.0475458       0.0632318 
        2.03717       0.0547133       0.0468525       0.0624188 
        2.04942       0.0543136        0.046174       0.0615757 
        2.06171       0.0534666       0.0455066       0.0607871 
        2.07397       0.0527104       0.0448538       0.0600532 
        2.08629         0.05214       0.0442111       0.0592585 
        2.09857       0.0516222       0.0435826       0.0585375 
        2.11081       0.0510879       0.0429689        0.057717 
        2.12309       0.0503304       0.0423655        0.057131 
        2.13538       0.0498614       0.0417729       0.0563687 
        2.14763       0.0493054       0.0411936       0.0557119 
        2.15986       0.0487878       0.0406266       0.0550575 
        2.17214       0.0481206        0.040068       0.0543563 
        2.18443       0.0477745       0.0395194       0.0536749 
        2.19671       0.0470987       0.0389817       0.0530927 
        2.20898       0.0467182       0.0384546       0.0524021 
        2.22126       0.0459874       0.0379368       0.0518281 
        2.23354       0.0455872       0.0374286       0.0512488 
         2.2458       0.0451203       0.0369307       0.0505141 
        2.25807       0.0445964       0.0364414       0.0500328 
        2.27035       0.0442179       0.0359605        0.049431 
        2.28263       0.0436293       0.0354885       0.0488896 
         2.2949       0.0432936       0.0350253        0.048279 
        2.30718       0.0428192       0.0345702        0.047751 
        2.31946        0.042454       0.0341229       0.0472264 
        2.33169        0.041763       0.0336855       0.0466702 
        2.34393       0.0417163       0.0332551       0.0462012 
        2.35622       0.0411243       0.0328308       0.0456287 
        2.36847       0.0408555       0.0324151       0.0451386 
        2.38076       0.0402946       0.0320054       0.0446515 
        2.39305       0.0401164       0.0316029       0.0441583 
        2.40534       0.0396425       0.0312073        0.043684 
        2.41762       0.0392048       0.0308185       0.0432004 
        2.42989       0.0388548       0.0304369       0.0427134 
        2.44216       0.0385506       0.0300618       0.0422768 
         2.4544       0.0381565       0.0296939       0.0418428 
        2.46667       0.0379022       0.0293313       0.0413572 
        2.47897       0.0373733       0.0289739       0.0409265 
        2.49124       0.0371051       0.0286235          0.0405 
        2.50349       0.0367327       0.0282793       0.0400597 
        2.51578       0.0364075       0.0279398       0.0396403 
        2.52805       0.0362372       0.0276065       0.0392419 
        2.54029       0.0357941       0.0272794        0.038848 
        2.55257       0.0355176       0.0269566       0.0384605 
        2.56487       0.0352559       0.0266385       0.0380593 
        2.57716       0.0350664       0.0263259       0.0376648 
        2.58942       0.0346363       0.0260191       0.0372672 
        2.60167       0.0343303       0.0257174        0.036896 
        2.61395       0.0340894       0.0254201       0.0365417 
        2.62624       0.0339754       0.0251271       0.0361799 
        2.63849       0.0335969       0.0248396       0.0358188 
        2.65073       0.0332233       0.0245569       0.0354534 
        2.66302       0.0331125       0.0242776       0.0350981 
         2.6753        0.032844       0.0240028       0.0347603 
        2.68756       0.0326816       0.0237328       0.0344284 
        2.69983       0.0323507       0.0234668       0.0340501 
        2.71213       0.0321156       0.0232044       0.0337521 
        2.72441       0.0318268       0.0229464       0.0334494 
        2.73665       0.0316811       0.0226929        0.033119 
         2.7489        0.031443       0.0224434          0.0328 
        2.76118       0.0312839       0.0221969       0.0324905 
        2.77349       0.0309648       0.0219536       0.0321963 
        2.78576       0.0308677       0.0217148       0.0319067 
        2.79802       0.0306569       0.0214797       0.0315541 
        2.81031       0.0304256       0.0212475       0.0312937 
        2.82259       0.0301469       0.0210189       0.0309866 
        2.83483         0.02991       0.0207945       0.0306883 
         2.8471       0.0298622       0.0205729       0.0304483 
         2.8594       0.0296607       0.0203539       0.0301718 
         2.8717        0.029441       0.0201382       0.0298776 
        2.88396       0.0293849       0.0199264       0.0296211 
        2.89619       0.0291342        0.019718       0.0293625 
        2.90847       0.0290194       0.0195118       0.0290954 
        2.92072        0.028811       0.0193089       0.0288145 
        2.93299       0.0286488       0.0191088       0.0285566 
        2.94526       0.0285516       0.0189113       0.0283189 
        2.95753       0.0283381       0.0187167         0.02807 
        2.96982       0.0282072       0.0185245       0.0278056 
        2.98209       0.0280311       0.0183354       0.0275559 
        2.99436        0.027969       0.0181488       0.0273161 
        3.00666       0.0278202       0.0179644       0.0270757 
        3.01894       0.0277547        0.017783       0.0268579 
        3.03119       0.0276329       0.0176044       0.0266255 
        3.04345       0.0274925       0.0174281       0.0263983 
        3.05573       0.0274406        0.017254       0.0261801 
          3.068       0.0272691       0.0170824       0.0259414 
        3.08026       0.0271668       0.0169133       0.0257298 
        3.09254       0.0271213       0.0167462       0.0255165 
        3.10483       0.0270283       0.0165813        0.025304 
         3.1171       0.0269869       0.0164189        0.025082 
        3.12933       0.0267787        0.016259       0.0248527 
        3.14159       0.0266924        0.016101       0.0246692 
