# k  (h/Mpc)    Pcb(k)  (Mpc/h)^3    Pcb_linear(k) (Mpc/h)^3    Pcb_NL(k) (Mpc/h)^3   ShotnoiseSubtracted = false
      0.0156606         16686.3         16758.1         16639.1 
      0.0273761         14341.7         14490.2         14362.7 
      0.0384619         10864.1           10917         10809.1 
      0.0498308         8413.88         8587.05         8480.31 
      0.0625568         7105.91         7297.97         7201.23 
      0.0751274         6303.01         6200.43         6062.83 
      0.0867833         4899.45         4992.04         4951.43 
      0.0984825         4107.95         3950.56         3993.14 
       0.111151         3497.91         3298.65         3348.24 
       0.123864         3137.19         2972.75         3013.43 
       0.135742         2849.87         2673.24          2714.5 
        0.14762         2469.11         2285.76         2394.86 
       0.160083         2079.03         1905.31         2037.13 
       0.172465          1854.4         1662.97         1829.86 
       0.184281         1692.41         1533.06         1702.61 
       0.196406          1577.7         1415.78         1564.15 
       0.209011         1465.94         1259.68         1414.86 
       0.221538         1322.44         1100.84         1311.83 
       0.233611         1252.57         984.967         1222.31 
       0.245665         1143.11         909.087         1126.38 
       0.258103         1112.01         846.281         1061.67 
       0.270422         997.549         777.634         993.931 
       0.282519         932.486         705.747         934.399 
       0.294636          922.28         643.013         881.731 
       0.306978         832.798         594.895         842.006 
       0.319417         809.271         556.193         792.954 
        0.33169         762.563         519.146         748.548 
       0.343948          728.09         481.019         723.206 
       0.356249         686.061         445.263         694.334 
       0.368458          664.29         415.314         659.528 
        0.38068         645.095         390.268         632.356 
       0.392856         609.419         367.405         608.265 
       0.405069         582.308         345.049          589.47 
       0.417459         559.115         323.403         563.795 
       0.429752         547.625         303.972         543.638 
       0.441978         529.299         286.918         528.551 
       0.454294         502.338         271.431         505.954 
        0.46658         491.284           256.9         494.222 
       0.478753         477.889         243.191          478.02 
       0.490964         460.191         230.315         462.597 
       0.503334         436.335          218.43         450.848 
       0.515665         435.294         207.592         441.069 
       0.527909         419.085         197.587         429.391 
       0.540159         408.569         188.121          417.48 
        0.55248         400.598          179.14         406.208 
       0.564743         395.723         170.823         398.809 
        0.57686         380.431          163.18         387.449 
       0.589077         368.501         155.965         378.826 
       0.601441         364.226         149.104         370.482 
        0.61382         356.841         142.635         363.574 
       0.626067         351.427         136.599         355.829 
       0.638306         336.701         130.915         349.022 
       0.650632         331.721         125.529         339.233 
       0.662899         328.978         120.482         335.106 
       0.675076         316.365         115.752         329.025 
       0.687267         308.532         111.271          321.31 
       0.699615         304.312          106.97         315.926 
       0.711937         299.691         102.905         310.254 
       0.724148         290.246         99.0851         305.614 
       0.736433         283.912         95.4405         299.525 
       0.748747          279.64         91.9738         293.904 
       0.761037         274.513         88.6876         289.446 
       0.773197         271.095          85.596         285.445 
       0.785376         267.092         82.6482         280.502 
       0.797761         260.532         79.7937         276.235 
       0.810096         257.719         77.0853         272.421 
       0.822371         248.151         74.5158         267.907 
       0.834626         247.504         72.0682         264.036 
       0.846916         242.175         69.7247          260.15 
       0.859215         242.197         67.4846         256.408 
       0.871383         235.673         65.3658         252.545 
        0.88363         234.101         63.3257         249.936 
       0.895928         228.758         61.3655         245.985 
       0.908253          222.63         59.4849         241.979 
       0.920535         221.652         57.6899         238.744 
       0.932774         214.816         55.9755          235.45 
        0.94508         212.743         54.3225         232.994 
       0.957324         212.187         52.7447          229.56 
        0.96953         209.187         51.2346         226.344 
       0.981769         202.791         49.7802         224.199 
       0.994071         201.917         48.3756         221.293 
         1.0064         197.425          47.023         217.959 
        1.01868         194.765         45.7263         215.417 
        1.03092         190.973         44.4845         213.204 
         1.0432         187.408         43.2846         210.573 
        1.05553         184.765         42.1244         207.943 
        1.06777         184.519         41.0154         205.836 
           1.08         179.952         39.9476         203.224 
        1.09227         177.752         38.9145         201.051 
         1.1046         175.112         37.9142         198.903 
         1.1169         172.085         36.9511         196.177 
        1.12915         169.579         36.0262         194.372 
        1.14142         166.894         35.1313         191.839 
        1.15365         164.653         34.2695         189.824 
        1.16585          162.38          33.439         187.362 
        1.17807         160.223         32.6351         185.953 
        1.19037         158.957         31.8525         184.079 
        1.20276         156.303         31.0903          181.79 
        1.21504         153.589         30.3591         179.839 
        1.22728         150.642         29.6546         177.561 
        1.23954         150.113         28.9709          176.26 
        1.25184         147.264         28.3074         174.238 
        1.26414         144.973         27.6646         172.413 
        1.27632         144.459         27.0475         171.371 
         1.2886         142.179         26.4449         169.017 
        1.30093         138.167         25.8587         167.188 
        1.31316         137.226         25.2945         165.319 
        1.32541         135.476         24.7471         164.076 
        1.33772         134.216         24.2129         162.302 
        1.35005         132.269         23.6942         160.482 
        1.36225         130.598         23.1959         159.046 
        1.37447         128.458         22.7111         157.213 
        1.38676         127.084          22.238         155.728 
        1.39907         124.621         21.7776         154.205 
        1.41133         122.907         21.3322         152.898 
        1.42358         121.161         20.8998         151.455 
        1.43591         120.029         20.4764         149.756 
        1.44818         118.883         20.0671         148.497 
        1.46037         116.636         19.6714          146.96 
        1.47263         115.501         19.2842         145.848 
        1.48494         113.824          18.906         144.169 
        1.49724         112.261         18.5383         142.812 
        1.50952         110.215         18.1811         141.518 
        1.52178          109.69         17.8338         140.097 
        1.53409         107.734         17.4943         138.926 
        1.54637         106.246         17.1643         137.716 
        1.55858         104.509         16.8447         136.312 
        1.57081         103.143         16.5328         135.152 
        1.58313         101.963         16.2269         133.839 
        1.59544         100.812         15.9289         132.679 
        1.60767         99.4372         15.6403         131.392 
        1.61994         97.8298         15.3578         130.489 
        1.63225         96.5724         15.0818         128.926 
        1.64452         94.9388         14.8133         127.815 
        1.65676         93.6578         14.5522         126.779 
          1.669         93.0574         14.2972         125.749 
        1.68133         91.3884         14.0468          124.56 
        1.69363         90.4958          13.803         123.506 
        1.70585         88.9389         13.5666         122.377 
        1.71809         87.7545         13.3353         121.254 
        1.73038         87.0399         13.1086         120.204 
        1.74268         85.7275         12.8871         119.132 
        1.75493         84.6689         12.6717         118.067 
        1.76714         83.3347         12.4618         117.119 
        1.77942         82.5411         12.2556         115.994 
        1.79173         81.1837         12.0535         115.086 
        1.80402         80.5529         11.8564         114.137 
         1.8163         79.1487         11.6639         112.999 
         1.8286         78.0535         11.4753         112.096 
         1.8409         77.3532          11.291         111.127 
        1.85315         76.1296         11.1114         110.252 
        1.86537         75.2804          10.936         109.308 
        1.87765         74.5947         10.7638         108.302 
        1.88995         73.3639         10.5949         107.474 
        1.90221         72.4363         10.4302         106.542 
        1.91445         71.1826         10.2693         105.624 
        1.92674         70.3228         10.1112         104.775 
        1.93902         69.4446         9.95644         103.831 
        1.95124         68.8897         9.80575         103.065 
         1.9635         67.7802         9.65779         102.045 
        1.97583         66.9148         9.51195         101.351 
        1.98812         66.0862         9.36968         100.466 
        2.00039          65.042         9.23061         99.6322 
        2.01264         64.5491         9.09449         98.7922 
        2.02492         63.5745         8.96092         97.9932 
        2.03717          62.584         8.83026         97.1284 
        2.04942         62.1591         8.70237         96.4491 
        2.06171         60.9523         8.57658         95.6087 
        2.07397         60.3411         8.45356         94.8817 
        2.08629         59.7471         8.33244         94.0539 
        2.09857         58.8518         8.21398         93.3168 
        2.11081         57.8168         8.09831         92.4756 
        2.12309          57.474          7.9846         91.8467 
        2.13538         56.5613          7.8729         91.0704 
        2.14763         55.8846         7.76372         90.3465 
        2.15986         54.8463         7.65686         89.6065 
        2.17214         54.4447         7.55158         88.8824 
        2.18443         53.8237         7.44818         88.2707 
        2.19671         52.8927         7.34684         87.5105 
        2.20898         52.7003         7.24751         86.8164 
        2.22126         51.8314         7.14991         86.0979 
        2.23354         51.1392         7.05414         85.4645 
         2.2458         50.5499          6.9603         84.8276 
        2.25807         49.9559         6.86807          84.102 
        2.27035         49.4133         6.77744          83.443 
        2.28263         48.5768         6.68849         82.7798 
         2.2949         48.2038         6.60118         82.1468 
        2.30718         47.3693          6.5154         81.5442 
        2.31946         46.8561         6.43111         80.9253 
        2.33169         46.2503         6.34867         80.2949 
        2.34393         45.5186         6.26755         79.6863 
        2.35622         45.2555         6.18759         79.0637 
        2.36847         44.6584         6.10925         78.5146 
        2.38076         44.0608         6.03203         77.8496 
        2.39305         43.5285         5.95617         77.3008 
        2.40534         43.0765          5.8816         76.6649 
        2.41762         42.6625         5.80833         76.0513 
        2.42989         42.0392         5.73641         75.5521 
        2.44216          41.665         5.66572         74.9551 
         2.4544          41.151         5.59638         74.3833 
        2.46667         40.7212         5.52804         73.7977 
        2.47897          40.234         5.46069         73.2659 
        2.49124         39.6911         5.39464          72.733 
        2.50349          39.183         5.32978          72.168 
        2.51578         38.7009         5.26579         71.6957 
        2.52805         38.4869         5.20296         71.1336 
        2.54029         37.9526         5.14132         70.5754 
        2.55257         37.3879         5.08049         70.0861 
        2.56487         37.1279         5.02053          69.602 
        2.57716         36.6395         4.96162         69.1101 
        2.58942         36.1918         4.90379         68.5799 
        2.60167         35.7635         4.84693         68.0733 
        2.61395         35.3962         4.79089          67.586 
        2.62624         35.1424         4.73566          67.079 
        2.63849          34.806         4.68148         66.6158 
        2.65073         34.4315          4.6282         66.1079 
        2.66302         33.9545         4.57556         65.6341 
         2.6753         33.5803         4.52378         65.1743 
        2.68756         33.1113          4.4729         64.6763 
        2.69983          32.933         4.42276         64.2574 
        2.71213         32.6064         4.37329         63.8189 
        2.72441         32.3104         4.32467         63.3452 
        2.73665         31.9525          4.2769         62.8868 
         2.7489          31.804         4.22988         62.4484 
        2.76118           31.31         4.18343         62.0204 
        2.77349         31.1817         4.13756          61.584 
        2.78576         30.9422         4.09256         61.1299 
        2.79802         30.4822         4.04825         60.7402 
        2.81031         30.2136         4.00449         60.3112 
        2.82259         30.0563          3.9614          59.868 
        2.83483         29.7071         3.91911          59.466 
         2.8471         29.3784         3.87735         59.0638 
         2.8594          29.275         3.83607         58.6571 
         2.8717         28.9813         3.79541         58.2526 
        2.88396         28.7311         3.75549         57.8316 
        2.89619         28.4788         3.71622         57.4249 
        2.90847         28.3073         3.67736         57.0514 
        2.92072         28.0708         3.63912          56.658 
        2.93299         27.9326          3.6014         56.2683 
        2.94526         27.6709         3.56419         55.9051 
        2.95753         27.5249         3.52751         55.5316 
        2.96982         27.4422         3.49129         55.1514 
        2.98209         27.1596         3.45564         54.7865 
        2.99436         26.9787         3.42047         54.4016 
        3.00666         26.9047         3.38573         54.0472 
        3.01894         26.6769         3.35153          53.667 
        3.03119         26.5901         3.31786         53.3182 
        3.04345         26.4137         3.28465         52.9877 
        3.05573         26.3712         3.25182         52.6373 
          3.068         26.2366         3.21948         52.2844 
        3.08026         26.0613         3.18762         51.9327 
        3.09254         25.9852         3.15612         51.5922 
        3.10483         25.9952         3.12505         51.2619 
         3.1171         25.9312         3.09443         50.9282 
        3.12933         25.8393         3.06431         50.5892 
        3.14159         25.7098         3.03453         50.2552 
