# k  (h/Mpc)    P(k)  (Mpc/h)^3    P_linear(k)  (Mpc/h)^3     P_NL(k)  ShotnoiseSubtracted = false
      0.0156606           21411         21568.4         21398.7 
      0.0273761         18324.2         18616.4         18414.8 
      0.0384619         13844.8         14012.4           13834 
      0.0498308         10687.8         11015.3           10836 
      0.0625568         9026.76         9357.74          9198.2 
      0.0751274         8037.12         7948.27         7724.17 
      0.0867833         6225.46         6398.12         6328.84 
      0.0984825         5260.53         5062.64         5124.54 
       0.111151          4499.8         4226.78         4303.77 
       0.123864         4031.45         3808.88         3871.18 
       0.135742         3675.62         3424.94         3487.41 
        0.14762         3199.91         2928.36         3094.02 
       0.160083          2718.8         2440.86         2645.14 
       0.172465         2425.01         2130.34         2390.43 
       0.184281         2198.42         1963.87         2224.73 
       0.196406         2073.88         1813.59         2049.21 
       0.209011         1940.65          1613.6         1857.62 
       0.221538         1747.67         1410.11         1734.74 
       0.233611         1675.51         1261.67         1625.96 
       0.245665         1518.95         1164.46         1501.73 
       0.258103         1503.82            1084         1418.08 
       0.270422         1341.86         996.064         1332.43 
       0.282519         1267.51         903.976          1261.7 
       0.294636         1245.12         823.617         1195.33 
       0.306978         1137.58          761.98         1145.67 
       0.319417         1115.32         712.403         1080.27 
        0.33169         1048.68         664.949         1023.22 
       0.343948          1006.7         616.111         991.853 
       0.356249          954.48          570.31         955.241 
       0.368458         917.294         531.948         912.983 
        0.38068         902.562          499.87         878.381 
       0.392856         857.137         470.584         847.881 
       0.405069         813.564         441.948         820.604 
       0.417459         782.747         414.222         791.715 
       0.429752         778.744         389.334         764.153 
       0.441978         751.554         367.489         744.885 
       0.454294         718.635         347.653         714.666 
        0.46658         698.534          329.04         700.088 
       0.478753         685.326         311.481         678.973 
       0.490964         659.003         294.988          658.33 
       0.503334         630.799         279.766         643.768 
       0.515665         628.735         265.884         629.366 
       0.527909         602.952          253.07         616.126 
       0.540159         588.329         240.946         600.576 
        0.55248         576.777         229.442         585.059 
       0.564743         572.295         218.791         575.177 
        0.57686         553.052         209.001          560.05 
       0.589077         542.678         199.759          547.75 
       0.601441         530.952         190.972          537.11 
        0.61382         516.482         182.686         527.775 
       0.626067         511.079         174.955         517.932 
       0.638306          492.42         167.674         507.502 
       0.650632         487.927         160.776         495.385 
       0.662899          483.99         154.312         489.456 
       0.675076         468.071         148.255         482.696 
       0.687267         455.052         142.514         471.276 
       0.699615         453.186         137.006         463.865 
       0.711937         444.474         131.799           455.2 
       0.724148         429.992         126.907         449.085 
       0.736433         420.001         122.239         441.105 
       0.748747         414.823         117.799         433.325 
       0.761037         407.475          113.59          428.05 
       0.773197         401.759          109.63         421.106 
       0.785376         396.455         105.855         415.024 
       0.797761         384.847         102.199         408.773 
       0.810096         381.249         98.7296         403.638 
       0.822371          370.67         95.4386          397.08 
       0.834626         367.498         92.3037         392.399 
       0.846916          361.42         89.3022         386.273 
       0.859215         358.075         86.4331          380.67 
       0.871383         349.862         83.7193         375.646 
        0.88363         346.534         81.1064         371.843 
       0.895928         341.208         78.5957          366.04 
       0.908253         332.757         76.1871         360.082 
       0.920535         327.189         73.8881         356.093 
       0.932774         321.847         71.6923         350.761 
        0.94508         317.147         69.5752         347.214 
       0.957324         314.565         67.5543         342.575 
        0.96953         310.479         65.6203         338.421 
       0.981769         302.858         63.7574         334.698 
       0.994071         301.826         61.9584         330.609 
         1.0064         296.029          60.226         325.803 
        1.01868         292.812         58.5652         321.647 
        1.03092         284.159         56.9748         318.823 
         1.0432         281.466         55.4379         314.968 
        1.05553         278.378          53.952         310.655 
        1.06777         275.251         52.5316         307.207 
           1.08         268.989          51.164         303.793 
        1.09227         267.994         49.8408          300.14 
         1.1046         263.043         48.5597          297.27 
         1.1169         257.237         47.3261         293.307 
        1.12915         253.915         46.1416         290.423 
        1.14142         248.974         44.9953         286.941 
        1.15365         246.278         43.8915         283.923 
        1.16585         241.968         42.8278         280.697 
        1.17807         239.661         41.7983         277.796 
        1.19037         236.017         40.7959          275.42 
        1.20276         232.935         39.8197         271.818 
        1.21504         228.066         38.8832         268.789 
        1.22728         224.771         37.9809         265.713 
        1.23954         223.622         37.1052          263.25 
        1.25184         218.645         36.2555         260.441 
        1.26414         214.331         35.4321         257.955 
        1.27632         212.975         34.6417         255.653 
         1.2886         211.344           33.87         252.696 
        1.30093         206.197         33.1191         249.555 
        1.31316         201.979         32.3965         247.052 
        1.32541         200.946         31.6954         244.569 
        1.33772         197.764         31.0112         242.279 
        1.35005         195.369         30.3469         239.549 
        1.36225         191.702         29.7088         237.311 
        1.37447         188.864         29.0878         234.408 
        1.38676         187.035         28.4819         232.733 
        1.39907         184.327         27.8922          229.94 
        1.41133         180.942         27.3218         227.583 
        1.42358          178.84         26.7679          225.44 
        1.43591         176.677         26.2256         223.359 
        1.44818         173.344         25.7014         221.066 
        1.46037         171.879         25.1946         218.699 
        1.47263         168.623         24.6987         216.725 
        1.48494         167.034         24.2143         214.089 
        1.49724         164.405         23.7433         212.693 
        1.50952         161.388         23.2858          210.33 
        1.52178         160.089         22.8411         208.126 
        1.53409         157.016         22.4062         206.301 
        1.54637         154.833         21.9836         204.598 
        1.55858         153.039         21.5742         202.389 
        1.57081         150.479         21.1748         200.506 
        1.58313         148.524         20.7829         198.463 
        1.59544          145.83         20.4013         196.688 
        1.60767         144.606         20.0316         194.935 
        1.61994         142.148         19.6699         193.053 
        1.63225         140.054         19.3164         191.062 
        1.64452         137.797         18.9725         189.362 
        1.65676         135.995         18.6381         187.728 
          1.669         134.586         18.3115         185.936 
        1.68133         131.983         17.9907         184.239 
        1.69363         129.742         17.6785         182.662 
        1.70585         127.736         17.3758         181.004 
        1.71809         126.168         17.0795         179.049 
        1.73038         124.841         16.7892         177.588 
        1.74268         123.678         16.5054         175.854 
        1.75493         120.555         16.2296         174.413 
        1.76714         120.132         15.9608         172.916 
        1.77942         117.716         15.6966          171.25 
        1.79173         115.878         15.4378         169.708 
        1.80402         114.612         15.1854         168.197 
         1.8163         112.388         14.9388         166.826 
         1.8286         111.022         14.6972          165.21 
         1.8409         109.959         14.4612         163.675 
        1.85315         107.644         14.2311         162.338 
        1.86537          106.79         14.0065         160.985 
        1.87765         105.457          13.786         159.609 
        1.88995         103.518         13.5696         158.097 
        1.90221          102.32         13.3587         156.853 
        1.91445         100.885         13.1526         155.337 
        1.92674         99.3447         12.9501          153.99 
        1.93902         98.0754         12.7519         152.604 
        1.95124         96.8117         12.5589         151.317 
         1.9635          95.228         12.3694         149.995 
        1.97583         93.8004         12.1826         148.703 
        1.98812         92.5317         12.0004         147.611 
        2.00039         91.4979         11.8223         146.207 
        2.01264         90.3639          11.648         145.006 
        2.02492         89.3087         11.4769         143.685 
        2.03717         87.8444         11.3095          142.55 
        2.04942         86.9041         11.1458         141.356 
        2.06171         85.2308         10.9846         140.115 
        2.07397         84.3404         10.8271          139.03 
        2.08629           83.16          10.672         137.818 
        2.09857            82.1         10.5202         136.709 
        2.11081         80.7469         10.3721         135.448 
        2.12309         79.7142         10.2264         134.438 
        2.13538         78.5443         10.0834         133.254 
        2.14763         77.5273         9.94356         132.183 
        2.15986         76.5623         9.80669         131.008 
        2.17214         75.5887         9.67185          129.98 
        2.18443         74.6064         9.53942         129.076 
        2.19671         73.6263         9.40963         127.957 
        2.20898         72.7868         9.28241         126.812 
        2.22126         71.6925          9.1574          125.87 
        2.23354         70.8848         9.03475         124.861 
         2.2458         69.5157         8.91455         123.832 
        2.25807         68.8208         8.79643         122.829 
        2.27035         67.8276         8.68035         121.827 
        2.28263         66.9934         8.56643         120.896 
         2.2949         65.8022          8.4546         119.942 
        2.30718         64.9331         8.34474         118.975 
        2.31946         64.4155         8.23678         117.955 
        2.33169         63.3409          8.1312         117.067 
        2.34393         62.8908          8.0273         116.236 
        2.35622         61.6953         7.92489          115.26 
        2.36847          61.206         7.82455         114.472 
        2.38076         60.1268         7.72565         113.443 
        2.39305         59.5377         7.62849         112.673 
        2.40534         58.6937         7.53299         111.736 
        2.41762         58.0063         7.43914         110.835 
        2.42989         57.1356         7.34703         110.041 
        2.44216         56.5894         7.25649         109.119 
         2.4544         55.6998         7.16768         108.325 
        2.46667         55.0196         7.08016         107.497 
        2.47897         54.4415         6.99389         106.618 
        2.49124         53.8987         6.90929         105.835 
        2.50349         53.1428         6.82622          105.04 
        2.51578         52.5688         6.74427         104.336 
        2.52805         51.8828          6.6638         103.457 
        2.54029         51.3681         6.58485         102.659 
        2.55257         50.6728         6.50694         101.955 
        2.56487         50.4121         6.43015         101.205 
        2.57716         49.7255          6.3547         100.444 
        2.58942         48.9822         6.28063         99.7017 
        2.60167         48.4083         6.20781         98.9748 
        2.61395         48.0527         6.13604         98.2331 
        2.62624         47.2464          6.0653         97.4531 
        2.63849         46.7667         5.99591         96.7645 
        2.65073         46.2222         5.92767         96.0632 
        2.66302         45.7746         5.86025         95.3387 
         2.6753         45.2822         5.79392         94.6778 
        2.68756         44.8783         5.72876         93.9564 
        2.69983          44.301         5.66455         93.2989 
        2.71213          43.851         5.60119         92.6316 
        2.72441         43.4209         5.53891         91.9511 
        2.73665         42.9344         5.47773         91.3205 
         2.7489         42.4621         5.41751         90.6776 
        2.76118         42.0726         5.35801         90.0065 
        2.77349         41.6024         5.29926         89.3777 
        2.78576         41.2227         5.24163         88.7154 
        2.79802         40.8749         5.18488         88.1588 
        2.81031         40.2918         5.12884         87.5122 
        2.82259         40.0116         5.07365         86.8631 
        2.83483         39.5215         5.01948         86.3029 
         2.8471         39.2282           4.966         85.6746 
         2.8594         38.8139         4.91313         85.0617 
         2.8717         38.5728         4.86105         84.5136 
        2.88396         38.2268         4.80992           83.92 
        2.89619         37.9339         4.75962         83.2906 
        2.90847         37.5689         4.70985         82.6875 
        2.92072         37.3236         4.66087         82.1753 
        2.93299         37.1861         4.61257         81.6329 
        2.94526         36.7699         4.56491         81.0585 
        2.95753         36.5381         4.51793         80.4873 
        2.96982         36.1789         4.47154         79.9521 
        2.98209         36.0342         4.42589         79.4221 
        2.99436         35.7178         4.38084         78.8494 
        3.00666         35.6397         4.33634         78.3214 
        3.01894         35.3272         4.29255         77.8002 
        3.03119         35.1931         4.24942         77.2989 
        3.04345          35.014         4.20688          76.792 
        3.05573         34.7804         4.16484         76.2693 
          3.068         34.6401         4.12342         75.7642 
        3.08026         34.4463         4.08261         75.2557 
        3.09254         34.3587         4.04227          74.765 
        3.10483         34.3737         4.00247         74.2756 
         3.1171         34.1805         3.96326         73.7792 
        3.12933         34.0068         3.92468         73.2894 
        3.14159         33.9498         3.88653         72.7952 
