# k  (h/Mpc)    Pcb(k)  (Mpc/h)^3    Pcb_linear(k) (Mpc/h)^3    Pcb_NL(k) (Mpc/h)^3   ShotnoiseSubtracted = false
      0.0156606         10753.9         10784.1         10718.1 
      0.0273761         9277.68          9326.5          9269.4 
      0.0384619         7040.62         7027.31         6984.54 
      0.0498308         5474.74         5527.82         5487.54 
      0.0625568         4621.14         4698.16         4659.98 
      0.0751274         4070.22         3991.69         3935.62 
      0.0867833         3182.31          3213.8         3199.36 
      0.0984825         2637.79         2543.34          2565.3 
       0.111151         2231.68         2123.66         2147.21 
       0.123864         2003.71         1913.86          1933.6 
       0.135742         1812.08         1721.04         1741.32 
        0.14762         1557.57         1471.58         1522.87 
       0.160083         1299.42         1226.65         1286.56 
       0.172465         1157.06         1070.63          1145.4 
       0.184281         1065.18         986.998          1064.7 
       0.196406         979.748          911.49          976.06 
       0.209011         900.806         810.995         880.224 
       0.221538         811.575         708.734         804.939 
       0.233611         753.954         634.133         742.176 
       0.245665         698.075         585.281         682.759 
       0.258103         657.403         544.846         641.706 
       0.270422         600.168         500.651         597.248 
       0.282519          552.29         454.369         555.798 
       0.294636         546.498         413.981         520.556 
       0.306978         486.453         383.002         493.728 
       0.319417         468.179         358.085         464.238 
        0.33169         440.113         334.234         436.706 
       0.343948         419.521         309.687         417.967 
       0.356249         392.459         286.666         399.015 
       0.368458          380.37         267.385         376.164 
        0.38068         363.625          251.26         358.813 
       0.392856         340.708         236.541         343.783 
       0.405069         327.073         222.148         331.338 
       0.417459         312.446         208.212         313.998 
       0.429752         301.683         195.702         302.048 
       0.441978         291.666         184.722         292.485 
       0.454294         273.111         174.751         278.756 
        0.46658         271.872         165.396         270.601 
       0.478753         259.321          156.57         260.904 
       0.490964         250.815          148.28         251.513 
       0.503334         236.839         140.628         243.983 
       0.515665         233.687         133.651         238.168 
       0.527909         226.583          127.21         229.488 
       0.540159         219.867         121.116         222.869 
        0.55248         215.161         115.333         215.926 
       0.564743         209.313         109.979         210.994 
        0.57686         202.043         105.058         204.268 
       0.589077         193.808         100.413         199.768 
       0.601441         190.552         95.9955         194.802 
        0.61382         188.502         91.8308         189.716 
       0.626067         182.982         87.9445         185.093 
       0.638306         174.919         84.2849         181.194 
       0.650632         169.881         80.8176         175.247 
       0.662899         169.902         77.5683         171.988 
       0.675076         163.772         74.5232         168.041 
       0.687267         159.574         71.6378         164.336 
       0.699615         156.094         68.8691         160.988 
       0.711937         152.136         66.2517         157.461 
       0.724148         149.687         63.7926         155.187 
       0.736433         145.705         61.4461         151.464 
       0.748747          142.45         59.2142         148.318 
       0.761037         140.183         57.0985         145.125 
       0.773197         137.189          55.108         143.503 
       0.785376         135.305         53.2103         140.118 
       0.797761         132.794         51.3725         138.292 
       0.810096         129.157         49.6288         135.458 
       0.822371          125.51         47.9745         133.141 
       0.834626         123.595         46.3987         130.845 
       0.846916         122.336         44.8899         128.812 
       0.859215         120.447         43.4477         126.552 
       0.871383         118.273         42.0835         124.426 
        0.88363         115.731         40.7701         122.891 
       0.895928         113.529         39.5081         121.112 
       0.908253         110.525         38.2973         118.872 
       0.920535         109.985         37.1417         117.338 
       0.932774         107.024         36.0379         115.278 
        0.94508         106.065         34.9737         113.682 
       0.957324         104.423         33.9579         112.139 
        0.96953         104.163         32.9857         110.265 
       0.981769         100.766         32.0493         109.209 
       0.994071         99.9484          31.145         107.615 
         1.0064         97.6105         30.2741         106.052 
        1.01868         96.7582         29.4393         104.784 
        1.03092         94.9129         28.6398         103.428 
         1.0432         93.3208         27.8673         102.021 
        1.05553         90.9722         27.1204         101.065 
        1.06777         90.8455         26.4064         99.8185 
           1.08         89.0623         25.7189         98.4883 
        1.09227            87.7         25.0538         97.1882 
         1.1046         86.1982         24.4098         96.0158 
         1.1169         85.2008         23.7897         94.6713 
        1.12915         84.0818         23.1943         93.7023 
        1.14142         82.5588         22.6181         92.5481 
        1.15365         80.9403         22.0632         91.4941 
        1.16585         79.9862         21.5286         90.3781 
        1.17807         78.7572          21.011         89.4959 
        1.19037         78.6401         20.5071           88.58 
        1.20276         76.9304         20.0164         87.5431 
        1.21504         76.4138         19.5457         86.4848 
        1.22728         74.7222         19.0921         85.6322 
        1.23954         74.0859         18.6519         84.5932 
        1.25184         72.7152         18.2248         83.8397 
        1.26414         71.6396         17.8109         82.9326 
        1.27632         70.9588         17.4136         82.2652 
         1.2886         69.9281         17.0257         81.1559 
        1.30093         69.0019         16.6482         80.2044 
        1.31316         68.1492          16.285         79.6577 
        1.32541         67.5973         15.9326          78.808 
        1.33772         66.4803         15.5887           77.99 
        1.35005         65.8703         15.2547         77.2452 
        1.36225         64.7898         14.9339         76.4571 
        1.37447         63.3358         14.6218         75.6536 
        1.38676         63.4343         14.3172         74.8608 
        1.39907         62.2983         14.0208         74.3123 
        1.41133         61.1541          13.734         73.7265 
        1.42358          60.444         13.4556         72.7994 
        1.43591         60.0251          13.183         72.2023 
        1.44818          59.147         12.9195         71.4038 
        1.46037         58.4803         12.6648         70.8943 
        1.47263         57.6817         12.4155         70.3167 
        1.48494          56.878          12.172         69.5834 
        1.49724         56.1117         11.9352         68.9132 
        1.50952         55.7635         11.7053         68.2531 
        1.52178         54.9844         11.4817         67.7363 
        1.53409         54.4684         11.2631         67.1485 
        1.54637         53.2548         11.0506         66.4959 
        1.55858          52.606         10.8449         65.8478 
        1.57081         52.3001         10.6441         65.4059 
        1.58313         51.5134         10.4471         64.8704 
        1.59544         50.7837         10.2553         64.2179 
        1.60767         50.2278         10.0695         63.6873 
        1.61994         49.4477         9.88762         63.1958 
        1.63225         48.9759         9.70991         62.5518 
        1.64452         48.4467         9.53706         62.1066 
        1.65676         47.7286         9.36896         61.5159 
          1.669         47.3796          9.2048         61.0846 
        1.68133         46.9207         9.04353         60.5026 
        1.69363         46.1188          8.8866         60.0699 
        1.70585         45.8531         8.73441          59.605 
        1.71809          44.941         8.58548         59.0655 
        1.73038         44.6757         8.43955         58.6325 
        1.74268         43.9644         8.29693         58.0895 
        1.75493         43.5319         8.15826         57.6349 
        1.76714         42.9729         8.02312         57.1701 
        1.77942         42.7174         7.89036         56.7347 
        1.79173         42.0267         7.76026         56.2221 
        1.80402         41.6133         7.63338         55.8735 
         1.8163         41.1042          7.5094         55.3205 
         1.8286         40.5643         7.38796         55.0015 
         1.8409         40.0846         7.26932         54.4607 
        1.85315         39.6795         7.15368         54.1564 
        1.86537          39.186         7.04079         53.7227 
        1.87765         38.8648         6.92992         53.2477 
        1.88995          38.273         6.82117         52.7834 
        1.90221         37.9857         6.71513         52.3883 
        1.91445         37.3476         6.61153         52.0539 
        1.92674         37.0334         6.50975         51.6011 
        1.93902         36.6476         6.41012         51.2128 
        1.95124         36.1809          6.3131         50.8836 
         1.9635         35.7017         6.21784         50.4577 
        1.97583         35.3838         6.12395         50.1397 
        1.98812         34.8386         6.03236         49.7157 
        2.00039         34.5276         5.94282         49.3317 
        2.01264         34.0419         5.85518         49.0177 
        2.02492         33.7646         5.76919         48.6443 
        2.03717         33.3033         5.68506         48.2488 
        2.04942         32.9412         5.60273           47.89 
        2.06171         32.6061         5.52175         47.5254 
        2.07397         32.2357         5.44254         47.1984 
        2.08629         31.8564         5.36456         46.8415 
        2.09857         31.5516          5.2883         46.5263 
        2.11081         31.1251         5.21383         46.1625 
        2.12309         30.8901         5.14062         45.8138 
        2.13538         30.3549         5.06871         45.5416 
        2.14763         30.1436         4.99841         45.1843 
        2.15986         29.8818         4.92961         44.8319 
        2.17214          29.455         4.86183         44.5674 
        2.18443         29.1484         4.79526         44.1779 
        2.19671         28.7575         4.73002         43.8819 
        2.20898         28.4056         4.66607         43.5517 
        2.22126         28.3125         4.60323         43.2334 
        2.23354         27.9228         4.54157         42.9861 
         2.2458         27.5887         4.48115         42.6553 
        2.25807         27.1892         4.42178         42.3355 
        2.27035         26.9092         4.36343         42.0626 
        2.28263          26.649         4.30616          41.778 
         2.2949         26.3986         4.24995         41.4841 
        2.30718         26.1414         4.19472          41.166 
        2.31946         25.8938         4.14045         40.8863 
        2.33169         25.5835         4.08738         40.6017 
        2.34393         25.2704         4.03515         40.2993 
        2.35622         25.0005         3.98367         40.0741 
        2.36847         24.7225         3.93323          39.749 
        2.38076         24.5135         3.88352          39.521 
        2.39305         24.1892         3.83468         39.2567 
        2.40534         23.9973         3.78667         38.9321 
        2.41762         23.6793          3.7395         38.7085 
        2.42989         23.5713         3.69319         38.4148 
        2.44216         23.2402         3.64768         38.1771 
         2.4544         23.0457         3.60304         37.9208 
        2.46667         22.7807         3.55905         37.6589 
        2.47897         22.5301         3.51568          37.405 
        2.49124         22.3668         3.47315         37.1547 
        2.50349         22.0882          3.4314          36.918 
        2.51578         21.8255          3.3902         36.6757 
        2.52805         21.6593         3.34975         36.4176 
        2.54029         21.4774         3.31006         36.1721 
        2.55257         21.2936          3.2709         35.9253 
        2.56487         21.0298          3.2323         35.6957 
        2.57716         20.8784         3.19437         35.4389 
        2.58942         20.6569         3.15714         35.2382 
        2.60167         20.4626         3.12053         34.9928 
        2.61395         20.2716         3.08446         34.7587 
        2.62624         20.1535          3.0489         34.5349 
        2.63849         19.9521         3.01401         34.3152 
        2.65073         19.6952         2.97971         34.0767 
        2.66302         19.4861         2.94582         33.8714 
         2.6753         19.4152         2.91248         33.6547 
        2.68756         19.2895         2.87972         33.4591 
        2.69983          19.084         2.84745         33.2039 
        2.71213         18.8736          2.8156         32.9961 
        2.72441         18.7568         2.78429         32.7707 
        2.73665         18.6025         2.75354         32.5579 
         2.7489         18.3954         2.72327         32.3577 
        2.76118         18.3006         2.69336         32.1347 
        2.77349         18.1887         2.66383         31.9449 
        2.78576         17.9674         2.63486         31.7563 
        2.79802          17.848         2.60633         31.5424 
        2.81031         17.7376         2.57816         31.3501 
        2.82259         17.6458         2.55042         31.1576 
        2.83483         17.4533         2.52319         30.9474 
         2.8471         17.4086          2.4963         30.7366 
         2.8594         17.2602         2.46973         30.5465 
         2.8717         17.1463         2.44355         30.3516 
        2.88396         16.9855         2.41785         30.1545 
        2.89619         16.9498         2.39256          29.974 
        2.90847         16.8461         2.36754         29.7909 
        2.92072         16.7121         2.34292         29.6007 
        2.93299         16.6431         2.31864         29.4328 
        2.94526         16.5881         2.29468         29.2489 
        2.95753         16.5159         2.27107         29.0569 
        2.96982         16.4098         2.24775         28.8819 
        2.98209         16.3061          2.2248         28.7087 
        2.99436          16.267         2.20216         28.5293 
        3.00666         16.1658         2.17979         28.3472 
        3.01894         16.1278         2.15777         28.1723 
        3.03119         16.0117         2.13609         27.9997 
        3.04345         16.0361         2.11471          27.831 
        3.05573         16.0086         2.09358         27.6625 
          3.068         15.8941         2.07276          27.487 
        3.08026         15.8846         2.05224         27.3178 
        3.09254         15.8191         2.03196         27.1549 
        3.10483         15.8085         2.01196         26.9941 
         3.1171         15.8471         1.99225         26.8357 
        3.12933         15.7803         1.97285          26.675 
        3.14159         15.6973         1.95368          26.504 
