# k  (h/Mpc)    P(k)  (Mpc/h)^3    P_linear(k)  (Mpc/h)^3     P_NL(k)  ShotnoiseSubtracted = false
      0.0156606           19667           19722         19572.7 
      0.0273761         16846.9         17023.4         16852.4 
      0.0384619           12736         12813.9         12664.7 
      0.0498308         9840.02         10073.3         9924.09 
      0.0625568         8308.54         8557.65         8424.05 
      0.0751274         7387.03         7268.78         7080.36 
      0.0867833         5727.93          5851.2         5793.76 
      0.0984825         4825.87         4629.91         4683.94 
       0.111151         4120.65         3865.52         3931.05 
       0.123864          3692.6         3483.35         3536.62 
       0.135742         3361.96         3132.24         3185.88 
        0.14762         2921.77          2678.1         2820.62 
       0.160083         2473.43         2232.27         2406.75 
       0.172465         2206.16         1948.29         2170.07 
       0.184281         2004.46         1796.05         2019.48 
       0.196406         1882.38         1658.62         1858.14 
       0.209011         1756.69         1475.72         1682.97 
       0.221538         1583.07         1289.62         1567.73 
       0.233611         1511.38         1153.86         1466.36 
       0.245665         1372.59         1064.96         1353.04 
       0.258103         1351.13         991.376         1276.77 
       0.270422          1206.6         910.952         1198.05 
       0.282519         1135.64         826.733         1131.41 
       0.294636         1118.59         753.241         1070.39 
       0.306978         1017.58         696.871         1024.57 
       0.319417         994.204         651.531         965.623 
        0.33169         935.536         608.131         913.395 
       0.343948         895.976         563.466         884.491 
       0.356249         847.301          521.58         850.885 
       0.368458         816.649         486.495         811.321 
        0.38068         799.815         457.158         779.555 
       0.392856         758.032         430.375          751.44 
       0.405069         721.064         404.185         727.842 
       0.417459         693.291         378.829         699.926 
       0.429752         685.776         356.068         675.328 
       0.441978         661.961         336.089         657.677 
       0.454294         631.322         317.948         630.431 
        0.46658         614.264         300.926         617.003 
       0.478753         601.011         284.867         597.755 
       0.490964          577.75         269.783         579.196 
       0.503334         551.242         255.862         565.669 
       0.515665         549.871         243.167         553.231 
       0.527909         527.793         231.447         540.532 
       0.540159          514.41         220.358         526.275 
        0.55248         504.309         209.837         512.456 
       0.564743         500.102         200.096          503.65 
        0.57686         481.918         191.143         490.006 
       0.589077         470.462         182.691         479.065 
       0.601441         462.244         174.655          469.31 
        0.61382         450.473         167.077         461.105 
       0.626067         444.948         160.006         452.011 
       0.638306         428.022         153.348         443.099 
       0.650632         423.473         147.039         431.775 
       0.662899         419.727         141.128         426.721 
       0.675076         404.659         135.587         420.173 
       0.687267         393.908         130.337         410.146 
       0.699615         390.601           125.3         403.637 
       0.711937         384.079         120.538          396.25 
       0.724148         371.171         116.064         390.625 
       0.736433         362.542         111.794         383.392 
       0.748747          357.86         107.734         376.468 
       0.761037         351.133         103.884         371.545 
       0.773197         346.657         100.263         365.846 
       0.785376         341.445         96.8101         360.283 
       0.797761         331.905         93.4664         354.604 
       0.810096         329.188         90.2939         350.155 
       0.822371         318.593         87.2841         344.395 
       0.834626         316.543         84.4171         340.017 
       0.846916         310.213          81.672         334.801 
       0.859215          308.91         79.0481         330.006 
       0.871383         301.098         76.5661         325.465 
        0.88363         298.989         74.1765         322.129 
       0.895928         293.265         71.8803         317.026 
       0.908253         285.863         69.6775          311.94 
       0.920535         282.488         67.5749          308.13 
       0.932774         276.268         65.5668         303.702 
        0.94508         272.618         63.6306         300.553 
       0.957324         271.095         61.7823         296.425 
        0.96953         267.183         60.0135         292.694 
       0.981769         259.915         58.3099         289.611 
       0.994071         258.946         56.6645         285.991 
         1.0064         253.466         55.0802         281.802 
        1.01868         250.551         53.5613         278.235 
        1.03092         243.519         52.1067         275.686 
         1.0432         240.388         50.7012          272.34 
        1.05553         237.472         49.3422         268.691 
        1.06777          235.94         48.0432         265.831 
           1.08         230.219         46.7924         262.758 
        1.09227         228.284         45.5823         259.646 
         1.1046         224.541         44.4106         257.095 
         1.1169         219.444         43.2824         253.603 
        1.12915         216.592         42.1991         251.261 
        1.14142         212.817         41.1508         248.117 
        1.15365         210.026         40.1413           245.5 
        1.16585         206.486         39.1685         242.548 
        1.17807         204.186         38.2269         240.333 
        1.19037         201.648         37.3102         238.159 
        1.20276         198.795         36.4174         235.076 
        1.21504         194.511          35.561         232.504 
        1.22728         191.328         34.7357         229.614 
        1.23954         190.508         33.9348         227.804 
        1.25184          186.57         33.1577          225.29 
        1.26414         183.068         32.4047         223.059 
        1.27632          182.22         31.6819          221.26 
         1.2886          180.67         30.9761         218.544 
        1.30093         175.618         30.2894         215.978 
        1.31316         172.462         29.6285          213.62 
        1.32541         171.272         28.9873         211.741 
        1.33772         169.237         28.3616         209.605 
        1.35005         166.655          27.754         207.254 
        1.36225         163.758         27.1704         205.338 
        1.37447         161.483         26.6025         202.828 
        1.38676         159.628         26.0483         201.246 
        1.39907         157.115          25.509         198.975 
        1.41133         154.443         24.9874         197.067 
        1.42358         152.604         24.4808         195.211 
        1.43591         150.778         23.9849         193.249 
        1.44818         148.272         23.5054         191.399 
        1.46037         146.514         23.0419         189.379 
        1.47263         144.305         22.5884         187.818 
        1.48494         142.321         22.1454         185.514 
        1.49724         140.306         21.7147         184.142 
        1.50952         137.731         21.2963         182.259 
        1.52178             137         20.8895          180.27 
        1.53409         134.052         20.4918         178.771 
        1.54637          132.45         20.1052         177.286 
        1.55858         130.337         19.7309         175.355 
        1.57081          128.38         19.3655         173.834 
        1.58313         126.668         19.0072         172.061 
        1.59544          124.54         18.6581         170.545 
        1.60767         123.549         18.3201         168.976 
        1.61994         121.256         17.9893         167.526 
        1.63225         119.723         17.6659          165.69 
        1.64452         117.558         17.3515         164.206 
        1.65676         115.888         17.0456         162.813 
          1.669         114.999         16.7469         161.386 
        1.68133         112.558         16.4535          159.91 
        1.69363         110.943          16.168         158.481 
        1.70585         109.023         15.8911         157.081 
        1.71809         107.717         15.6202         155.408 
        1.73038         106.913         15.3547         154.167 
        1.74268         105.745         15.0952         152.691 
        1.75493         103.061         14.8429         151.392 
        1.76714         102.375          14.597         150.146 
        1.77942         100.608         14.3555         148.629 
        1.79173          99.104         14.1188         147.412 
        1.80402         98.2577         13.8879         146.111 
         1.8163         96.1615         13.6624         144.818 
         1.8286         94.9293         13.4414         143.495 
         1.8409         94.2654         13.2256         142.172 
        1.85315         92.4009         13.0152         141.032 
        1.86537         91.4953         12.8098         139.862 
        1.87765         90.4865         12.6081         138.661 
        1.88995         88.9072         12.4102         137.417 
        1.90221         87.6977         12.2173         136.282 
        1.91445         86.6214         12.0288         134.991 
        1.92674         85.1762         11.8437         133.858 
        1.93902         84.0439         11.6624         132.659 
        1.95124         83.0937         11.4859         131.554 
         1.9635         81.7241         11.3126         130.374 
        1.97583         80.4883         11.1417         129.335 
        1.98812          79.479         10.9751         128.302 
        2.00039         78.5316         10.8122         127.139 
        2.01264         77.5599         10.6527          126.09 
        2.02492         76.7084         10.4963         124.979 
        2.03717         75.3757         10.3432         123.944 
        2.04942         74.8826         10.1934         122.986 
        2.06171         73.1726         10.0461         121.917 
        2.07397         72.4052           9.902         120.945 
        2.08629         71.5474         9.76013         119.894 
        2.09857         70.4866         9.62137         118.932 
        2.11081         69.3065         9.48588         117.832 
        2.12309         68.3677         9.35268         117.006 
        2.13538         67.5344         9.22185         115.978 
        2.14763         66.6711         9.09396         115.054 
        2.15986         65.6196         8.96879          114.05 
        2.17214         64.9644         8.84547         113.121 
        2.18443         64.1346         8.72436         112.363 
        2.19671         62.9912         8.60565           111.4 
        2.20898         62.4953          8.4893         110.432 
        2.22126         61.5654         8.37498         109.565 
        2.23354         60.8701          8.2628         108.711 
         2.2458         59.8018         8.15287         107.853 
        2.25807         59.0688         8.04485         106.956 
        2.27035          58.316         7.93869         106.082 
        2.28263         57.5322          7.8345         105.254 
         2.2949         56.7672         7.73223         104.431 
        2.30718         55.8382         7.63175         103.629 
        2.31946         55.4933         7.53302         102.751 
        2.33169         54.4756         7.43645         101.969 
        2.34393         53.9919         7.34143          101.22 
        2.35622         53.0609         7.24777         100.411 
        2.36847         52.6687         7.15601          99.726 
        2.38076         51.7567         7.06556         98.8173 
        2.39305         51.1772         6.97669         98.1488 
        2.40534          50.558         6.88935         97.3403 
        2.41762         49.9737         6.80352         96.5459 
        2.42989         49.2268         6.71928         95.8727 
        2.44216         48.7076         6.63648         95.0813 
         2.4544         47.9929         6.55526          94.374 
        2.46667          47.453         6.47522         93.6377 
        2.47897         46.9317         6.39632          92.903 
        2.49124         46.3729         6.31895         92.2403 
        2.50349         46.0279         6.24298         91.5204 
        2.51578         45.2317         6.16802         90.9212 
        2.52805         44.7281         6.09444         90.1602 
        2.54029          44.287         6.02223         89.4414 
        2.55257         43.6801         5.95098         88.8312 
        2.56487         43.3613         5.88074         88.2085 
        2.57716         42.6832         5.81174         87.5476 
        2.58942         42.1027           5.744         86.8801 
        2.60167         41.7229          5.6774         86.2505 
        2.61395         41.1612         5.61176         85.6216 
        2.62624         40.7682         5.54707         84.9331 
        2.63849         40.2539         5.48361         84.3326 
        2.65073         39.9044          5.4212         83.7135 
        2.66302         39.3912         5.35954         83.0835 
         2.6753         38.9797         5.29888         82.5076 
        2.68756          38.563         5.23928         81.8862 
        2.69983         38.1055         5.18056         81.3308 
        2.71213         37.7423         5.12261         80.7502 
        2.72441         37.3616         5.06566         80.1552 
        2.73665          36.842         5.00971         79.5908 
         2.7489         36.5688         4.95463         79.0273 
        2.76118         36.1647         4.90021          78.464 
        2.77349         35.7849         4.84649         77.9048 
        2.78576          35.485         4.79378          77.317 
        2.79802         35.1346         4.74187         76.8494 
        2.81031         34.6907         4.69062         76.2835 
        2.82259         34.5826         4.64015         75.7178 
        2.83483         34.1051         4.59061         75.2329 
         2.8471         33.8018          4.5417         74.6919 
         2.8594         33.5113         4.49335         74.1485 
         2.8717         33.3586         4.44572         73.6601 
        2.88396         32.9465         4.39896         73.1398 
        2.89619         32.7983         4.35295          72.594 
        2.90847         32.4018         4.30743         72.0814 
        2.92072         32.2267         4.26264         71.6266 
        2.93299         32.0574         4.21846         71.1459 
        2.94526         31.7047         4.17487         70.6564 
        2.95753          31.503         4.13191         70.1616 
        2.96982          31.274         4.08948         69.6881 
        2.98209         31.0336         4.04773         69.2295 
        2.99436         30.8016         4.00653         68.7252 
        3.00666         30.7722         3.96584         68.2708 
        3.01894         30.4432         3.92579         67.8032 
        3.03119         30.3995         3.88634         67.3658 
        3.04345         30.2737         3.84744         66.9362 
        3.05573         29.9244         3.80899         66.4833 
          3.068         29.9289         3.77111         66.0382 
        3.08026         29.7502         3.73378         65.5936 
        3.09254          29.683         3.69689          65.167 
        3.10483         29.6451         3.66049         64.7438 
         3.1171         29.4466         3.62463          64.313 
        3.12933         29.3689         3.58935          63.881 
        3.14159          29.249         3.55446         63.4448 
