# k  (h/Mpc)    P(k)  (Mpc/h)^3    P_linear(k)  (Mpc/h)^3     P_NL(k)  ShotnoiseSubtracted = false
      0.0156606         19561.8           19722         19572.7 
      0.0273761         16758.5         17023.4         16852.4 
      0.0384619         12670.4         12813.9         12664.7 
      0.0498308         9790.85         10073.3         9924.09 
      0.0625568         8267.75         8557.65         8424.05 
      0.0751274         7350.78         7268.78         7080.36 
      0.0867833         5700.58          5851.2         5793.76 
      0.0984825         4802.85         4629.91         4683.94 
       0.111151         4101.08         3865.52         3931.05 
       0.123864         3675.63         3483.35         3536.62 
       0.135742         3346.45         3132.24         3185.88 
        0.14762         2908.33          2678.1         2820.62 
       0.160083         2462.15         2232.27         2406.75 
       0.172465         2196.23         1948.29         2170.07 
       0.184281         1995.98         1796.05         2019.48 
       0.196406         1874.27         1658.62         1858.14 
       0.209011         1749.27         1475.72         1682.97 
       0.221538         1576.67         1289.62         1567.73 
       0.233611         1505.15         1153.86         1466.36 
       0.245665          1367.2         1064.96         1353.04 
       0.258103         1345.63         991.376         1276.77 
       0.270422         1202.12         910.952         1198.05 
       0.282519         1131.32         826.733         1131.41 
       0.294636         1114.67         753.241         1070.39 
       0.306978         1013.95         696.871         1024.57 
       0.319417         990.728         651.531         965.623 
        0.33169         932.479         608.131         913.395 
       0.343948         893.066         563.466         884.491 
       0.356249          844.67          521.58         850.885 
       0.368458         814.369         486.495         811.321 
        0.38068         797.548         457.158         779.555 
       0.392856         755.919         430.375          751.44 
       0.405069         719.323         404.185         727.842 
       0.417459         691.767         378.829         699.926 
       0.429752         684.233         356.068         675.328 
       0.441978         660.573         336.089         657.677 
       0.454294         630.103         317.948         630.431 
        0.46658         613.212         300.926         617.003 
       0.478753         600.059         284.867         597.755 
       0.490964         577.023         269.783         579.196 
       0.503334          550.55         255.862         565.669 
       0.515665         549.284         243.167         553.231 
       0.527909         527.401         231.447         540.532 
       0.540159         514.148         220.358         526.275 
        0.55248         504.175         209.837         512.456 
       0.564743         500.095         200.096          503.65 
        0.57686         481.926         191.143         490.006 
       0.589077          470.46         182.691         479.065 
       0.601441         462.505         174.655          469.31 
        0.61382         450.846         167.077         461.105 
       0.626067         445.459         160.006         452.011 
       0.638306         428.539         153.348         443.099 
       0.650632         424.058         147.039         431.775 
       0.662899         420.404         141.128         426.721 
       0.675076         405.365         135.587         420.173 
       0.687267         394.744         130.337         410.146 
       0.699615         391.467           125.3         403.637 
       0.711937         385.088         120.538          396.25 
       0.724148         372.233         116.064         390.625 
       0.736433         363.662         111.794         383.392 
       0.748747         359.045         107.734         376.468 
       0.761037         352.394         103.884         371.545 
       0.773197         348.034         100.263         365.846 
       0.785376         342.869         96.8101         360.283 
       0.797761          333.39         93.4664         354.604 
       0.810096          330.77         90.2939         350.155 
       0.822371         320.158         87.2841         344.395 
       0.834626         318.234         84.4171         340.017 
       0.846916          311.88          81.672         334.801 
       0.859215         310.738         79.0481         330.006 
       0.871383         302.931         76.5661         325.465 
        0.88363         300.955         74.1765         322.129 
       0.895928         295.207         71.8803         317.026 
       0.908253         287.809         69.6775          311.94 
       0.920535         284.588         67.5749          308.13 
       0.932774         278.317         65.5668         303.702 
        0.94508         274.763         63.6306         300.553 
       0.957324         273.333         61.7823         296.425 
        0.96953         269.447         60.0135         292.694 
       0.981769         262.174         58.3099         289.611 
       0.994071         261.274         56.6645         285.991 
         1.0064         255.806         55.0802         281.802 
        1.01868         252.915         53.5613         278.235 
        1.03092         245.946         52.1067         275.686 
         1.0432         242.831         50.7012          272.34 
        1.05553         239.921         49.3422         268.691 
        1.06777         238.492         48.0432         265.831 
           1.08         232.789         46.7924         262.758 
        1.09227         230.838         45.5823         259.646 
         1.1046         227.146         44.4106         257.095 
         1.1169         222.071         43.2824         253.603 
        1.12915         219.226         42.1991         251.261 
        1.14142         215.464         41.1508         248.117 
        1.15365         212.712         40.1413           245.5 
        1.16585         209.206         39.1685         242.548 
        1.17807         206.926         38.2269         240.333 
        1.19037         204.443         37.3102         238.159 
        1.20276         201.598         36.4174         235.076 
        1.21504         197.318          35.561         232.504 
        1.22728         194.138         34.7357         229.614 
        1.23954         193.368         33.9348         227.804 
        1.25184          189.43         33.1577          225.29 
        1.26414         185.941         32.4047         223.059 
        1.27632         185.142         31.6819          221.26 
         1.2886         183.613         30.9761         218.544 
        1.30093         178.499         30.2894         215.978 
        1.31316         175.389         29.6285          213.62 
        1.32541         174.218         28.9873         211.741 
        1.33772         172.199         28.3616         209.605 
        1.35005         169.617          27.754         207.254 
        1.36225         166.749         27.1704         205.338 
        1.37447         164.481         26.6025         202.828 
        1.38676         162.632         26.0483         201.246 
        1.39907         160.078          25.509         198.975 
        1.41133         157.447         24.9874         197.067 
        1.42358         155.593         24.4808         195.211 
        1.43591         153.791         23.9849         193.249 
        1.44818         151.291         23.5054         191.399 
        1.46037         149.513         23.0419         189.379 
        1.47263         147.328         22.5884         187.818 
        1.48494         145.326         22.1454         185.514 
        1.49724         143.315         21.7147         184.142 
        1.50952         140.709         21.2963         182.259 
        1.52178         140.015         20.8895          180.27 
        1.53409         137.043         20.4918         178.771 
        1.54637         135.456         20.1052         177.286 
        1.55858           133.3         19.7309         175.355 
        1.57081         131.364         19.3655         173.834 
        1.58313          129.64         19.0072         172.061 
        1.59544         127.515         18.6581         170.545 
        1.60767         126.516         18.3201         168.976 
        1.61994         124.214         17.9893         167.526 
        1.63225         122.676         17.6659          165.69 
        1.64452         120.491         17.3515         164.206 
        1.65676         118.791         17.0456         162.813 
          1.669         117.929         16.7469         161.386 
        1.68133          115.46         16.4535          159.91 
        1.69363         113.842          16.168         158.481 
        1.70585         111.896         15.8911         157.081 
        1.71809         110.592         15.6202         155.408 
        1.73038         109.802         15.3547         154.167 
        1.74268         108.632         15.0952         152.691 
        1.75493         105.901         14.8429         151.392 
        1.76714         105.198          14.597         150.146 
        1.77942         103.443         14.3555         148.629 
        1.79173         101.924         14.1188         147.412 
        1.80402         101.083         13.8879         146.111 
         1.8163         98.9427         13.6624         144.818 
         1.8286         97.7013         13.4414         143.495 
         1.8409         97.0379         13.2256         142.172 
        1.85315          95.166         13.0152         141.032 
        1.86537          94.233         12.8098         139.862 
        1.87765         93.2197         12.6081         138.661 
        1.88995         91.6177         12.4102         137.417 
        1.90221         90.3973         12.2173         136.282 
        1.91445         89.3044         12.0288         134.991 
        1.92674          87.844         11.8437         133.858 
        1.93902         86.6878         11.6624         132.659 
        1.95124         85.7477         11.4859         131.554 
         1.9635         84.3406         11.3126         130.374 
        1.97583         83.0952         11.1417         129.335 
        1.98812         82.0672         10.9751         128.302 
        2.00039         81.1057         10.8122         127.139 
        2.01264         80.1313         10.6527          126.09 
        2.02492         79.2613         10.4963         124.979 
        2.03717         77.8951         10.3432         123.944 
        2.04942         77.4196         10.1934         122.986 
        2.06171         75.6606         10.0461         121.917 
        2.07397           74.88           9.902         120.945 
        2.08629         74.0066         9.76013         119.894 
        2.09857         72.9256         9.62137         118.932 
        2.11081         71.7245         9.48588         117.832 
        2.12309         70.7738         9.35268         117.006 
        2.13538         69.9299         9.22185         115.978 
        2.14763         69.0375         9.09396         115.054 
        2.15986         67.9583         8.96879          114.05 
        2.17214         67.3006         8.84547         113.121 
        2.18443         66.4541         8.72436         112.363 
        2.19671         65.2794         8.60565           111.4 
        2.20898         64.7791          8.4893         110.432 
        2.22126         63.8271         8.37498         109.565 
        2.23354         63.1186          8.2628         108.711 
         2.2458         62.0287         8.15287         107.853 
        2.25807         61.2783         8.04485         106.956 
        2.27035         60.5173         7.93869         106.082 
        2.28263         59.7115          7.8345         105.254 
         2.2949         58.9377         7.73223         104.431 
        2.30718         57.9687         7.63175         103.629 
        2.31946         57.6286         7.53302         102.751 
        2.33169         56.5835         7.43645         101.969 
        2.34393         56.0829         7.34143          101.22 
        2.35622         55.1396         7.24777         100.411 
        2.36847         54.7334         7.15601          99.726 
        2.38076         53.7937         7.06556         98.8173 
        2.39305         53.2068         6.97669         98.1488 
        2.40534         52.5699         6.88935         97.3403 
        2.41762         51.9659         6.80352         96.5459 
        2.42989         51.2101         6.71928         95.8727 
        2.44216         50.6632         6.63648         95.0813 
         2.4544         49.9373         6.55526          94.374 
        2.46667         49.3863         6.47522         93.6377 
        2.47897         48.8492         6.39632          92.903 
        2.49124         48.2632         6.31895         92.2403 
        2.50349         47.9284         6.24298         91.5204 
        2.51578         47.1001         6.16802         90.9212 
        2.52805         46.5876         6.09444         90.1602 
        2.54029          46.127         6.02223         89.4414 
        2.55257         45.5003         5.95098         88.8312 
        2.56487           45.17         5.88074         88.2085 
        2.57716         44.4739         5.81174         87.5476 
        2.58942         43.8739           5.744         86.8801 
        2.60167         43.4887          5.6774         86.2505 
        2.61395         42.9007         5.61176         85.6216 
        2.62624         42.5117         5.54707         84.9331 
        2.63849         41.9767         5.48361         84.3326 
        2.65073         41.6185          5.4212         83.7135 
        2.66302         41.0769         5.35954         83.0835 
         2.6753         40.6572         5.29888         82.5076 
        2.68756         40.2246         5.23928         81.8862 
        2.69983           39.76         5.18056         81.3308 
        2.71213         39.3835         5.12261         80.7502 
        2.72441         38.9927         5.06566         80.1552 
        2.73665         38.4465         5.00971         79.5908 
         2.7489         38.1753         4.95463         79.0273 
        2.76118         37.7461         4.90021          78.464 
        2.77349         37.3626         4.84649         77.9048 
        2.78576         37.0567         4.79378          77.317 
        2.79802         36.6874         4.74187         76.8494 
        2.81031         36.2275         4.69062         76.2835 
        2.82259         36.1264         4.64015         75.7178 
        2.83483           35.63         4.59061         75.2329 
         2.8471         35.3123          4.5417         74.6919 
         2.8594         35.0109         4.49335         74.1485 
         2.8717         34.8545         4.44572         73.6601 
        2.88396         34.4281         4.39896         73.1398 
        2.89619         34.2795         4.35295          72.594 
        2.90847         33.8664         4.30743         72.0814 
        2.92072         33.6799         4.26264         71.6266 
        2.93299         33.5085         4.21846         71.1459 
        2.94526         33.1446         4.17487         70.6564 
        2.95753         32.9357         4.13191         70.1616 
        2.96982         32.7056         4.08948         69.6881 
        2.98209         32.4476         4.04773         69.2295 
        2.99436         32.2046         4.00653         68.7252 
        3.00666         32.1807         3.96584         68.2708 
        3.01894          31.838         3.92579         67.8032 
        3.03119         31.7913         3.88634         67.3658 
        3.04345         31.6606         3.84744         66.9362 
        3.05573         31.2998         3.80899         66.4833 
          3.068         31.3076         3.77111         66.0382 
        3.08026         31.1243         3.73378         65.5936 
        3.09254         31.0506         3.69689          65.167 
        3.10483         31.0081         3.66049         64.7438 
         3.1171         30.8019         3.62463          64.313 
        3.12933         30.7316         3.58935          63.881 
        3.14159         30.6019         3.55446         63.4448 
