# k  (h/Mpc)    P(k)  (Mpc/h)^3    P_linear(k)  (Mpc/h)^3     P_NL(k)  ShotnoiseSubtracted = false
      0.0156606         6752.18         6702.02         6664.97 
      0.0273761         5834.11         5788.42         5762.74 
      0.0384619         4428.23         4358.65         4342.65 
      0.0498308         3453.67         3427.32         3413.53 
      0.0625568         2913.49          2912.2            2898 
      0.0751274         2548.42         2473.91         2451.97 
      0.0867833          2003.5         1991.62         1986.97 
      0.0984825         1645.02         1576.02         1586.69 
       0.111151         1385.19         1315.89         1326.81 
       0.123864         1244.31         1185.84         1194.99 
       0.135742          1121.9         1066.35         1075.75 
        0.14762          958.38         911.762         934.413 
       0.160083           796.4         759.994         785.883 
       0.172465         706.912         663.321         695.155 
       0.184281         653.902         611.498         645.085 
       0.196406         597.611         564.712         591.627 
       0.209011          544.74         502.446         532.002 
       0.221538         488.626         439.087         480.402 
       0.233611         447.172         392.867         439.097 
       0.245665         418.402           362.6         403.967 
       0.258103          384.13         337.548          378.73 
       0.270422         356.536         310.167         350.859 
       0.282519         325.138         281.493         324.293 
       0.294636         318.376          256.47         301.592 
       0.306978         281.363         237.278          284.17 
       0.319417         269.617         221.841         266.907 
        0.33169         252.037         207.064         250.573 
       0.343948         240.553         191.857          237.33 
       0.356249         223.401         177.595         225.479 
       0.368458         215.312         165.649         211.398 
        0.38068         204.156          155.66          200.86 
       0.392856         190.472         146.541         191.849 
       0.405069          181.86         137.624          183.13 
       0.417459         172.987         128.991         173.281 
       0.429752         166.383          121.24         165.924 
       0.441978         159.911         114.438         160.037 
       0.454294         148.862         108.261         151.912 
        0.46658         149.076         102.465         146.486 
       0.478753         139.837         96.9971         140.919 
       0.490964         135.576          91.861         135.457 
       0.503334         129.147          87.121         130.624 
       0.515665         125.357         82.7983          127.08 
       0.527909         121.226         78.8077         121.226 
       0.540159         117.078          75.032         117.569 
        0.55248         112.602         71.4497         113.374 
       0.564743         109.594         68.1329         110.204 
        0.57686         106.169         65.0843         106.526 
       0.589077         101.251         62.2065         103.773 
       0.601441         98.8997           59.47         100.824 
        0.61382         96.8484         56.8899         97.5562 
       0.626067         92.9163         54.4824         95.0125 
       0.638306         89.9179         52.2152         92.4422 
       0.650632         86.7059         50.0671         89.1778 
       0.662899         86.0671         48.0542         86.9836 
       0.675076         82.8764         46.1677          84.794 
       0.687267         81.2269         44.3801         82.6339 
       0.699615         78.5561         42.6649         80.9322 
       0.711937         75.9973         41.0434         78.4366 
       0.724148         75.4266         39.5199         77.2897 
       0.736433         71.9998         38.0663         75.1166 
       0.748747          70.835         36.6836         73.3838 
       0.761037         69.0853         35.3729         71.6379 
       0.773197         67.5807         34.1398         70.6246 
       0.785376          65.718         32.9641         68.7898 
       0.797761         65.1237         31.8256         67.6156 
       0.810096         62.9698         30.7453         66.0319 
       0.822371         61.7737         29.7205         64.6364 
       0.834626         60.2633         28.7442          63.564 
       0.846916         59.1736         27.8095         62.3163 
       0.859215         57.7302         26.9161         60.9941 
       0.871383         56.9704          26.071         59.9523 
        0.88363         55.4264         25.2573         59.0487 
       0.895928         54.2041         24.4755         57.8789 
       0.908253         52.9772         23.7254         56.9279 
       0.920535         52.5711         23.0095          55.918 
       0.932774         51.5549         22.3257         54.9625 
        0.94508         50.7538         21.6664         53.8954 
       0.957324         49.4647         21.0371         53.1453 
        0.96953         49.2046         20.4348         52.1571 
       0.981769         47.6742         19.8547         51.4898 
       0.994071         47.0397         19.2945         50.6909 
         1.0064         46.0224          18.755         49.8718 
        1.01868         45.2071         18.2378         49.1707 
        1.03092         44.6285         17.7425         48.3921 
         1.0432         43.8204         17.2639         47.5502 
        1.05553            42.8         16.8012         47.1789 
        1.06777         42.1834         16.3589          46.356 
           1.08         41.1834          15.933         45.6577 
        1.09227         40.7522         15.5209          45.074 
         1.1046         40.1528          15.122         44.3891 
         1.1169         39.6557         14.7378         43.7664 
        1.12915         38.9672          14.369           43.24 
        1.14142         38.1666          14.012         42.6662 
        1.15365         37.6663         13.6683          42.153 
        1.16585         37.0956          13.337         41.5502 
        1.17807         36.4691         13.0164         40.9474 
        1.19037         36.3114         12.7043         40.6072 
        1.20276         35.7242         12.4003         40.0594 
        1.21504         35.0961         12.1087         39.6327 
        1.22728          34.483         11.8277         39.1146 
        1.23954         34.0972          11.555         38.5511 
        1.25184         33.4808         11.2903         38.1761 
        1.26414         33.0559         11.0339          37.671 
        1.27632          32.762         10.7878         37.2563 
         1.2886          32.405         10.5475         36.8592 
        1.30093         31.7582         10.3137         36.4061 
        1.31316         31.3203         10.0886         36.0447 
        1.32541         31.0656         9.87031         35.6512 
        1.33772         30.4812         9.65724         35.2675 
        1.35005         30.1035         9.45035          34.912 
        1.36225         29.6604         9.25163         34.5652 
        1.37447         28.9908         9.05827         34.1474 
        1.38676         29.0046         8.86956         33.8553 
        1.39907         28.5274         8.68593         33.5202 
        1.41133         27.9863          8.5083          33.132 
        1.42358         27.7146         8.33582         32.7969 
        1.43591         27.3204         8.16695         32.5065 
        1.44818         27.0661         8.00369         32.1518 
        1.46037         26.7621         7.84588         31.8136 
        1.47263         26.4999         7.69146         31.5652 
        1.48494         26.0752         7.54061         31.2242 
        1.49724         25.9975         7.39393         30.9356 
        1.50952         25.4997         7.25147         30.6918 
        1.52178         25.1735         7.11297         30.3613 
        1.53409         24.9126         6.97754          30.095 
        1.54637         24.6521         6.84592          29.778 
        1.55858         24.0992         6.71845         29.5338 
        1.57081         24.1229         6.59405          29.286 
        1.58313          23.831         6.47204         28.9944 
        1.59544         23.3844         6.35318         28.7671 
        1.60767         23.1466         6.23807         28.4679 
        1.61994         22.8351         6.12542         28.2528 
        1.63225         22.7527         6.01533          28.054 
        1.64452         22.3653         5.90825         27.8088 
        1.65676         22.1585         5.80411         27.5434 
          1.669         21.9546         5.70241         27.3344 
        1.68133         21.6058          5.6025         27.0922 
        1.69363         21.3614         5.50529         26.7967 
        1.70585         21.1576           5.411         26.6685 
        1.71809         20.8498         5.31874         26.4072 
        1.73038         20.7056         5.22833         26.2262 
        1.74268         20.5015         5.13998         25.9626 
        1.75493         20.1866         5.05408         25.7808 
        1.76714         20.1251         4.97036         25.5792 
        1.77942         19.9018         4.88811         25.3571 
        1.79173         19.4854         4.80752           25.17 
        1.80402         19.3028         4.72891         25.0261 
         1.8163         19.2282          4.6521          24.752 
         1.8286         18.9215         4.57687          24.601 
         1.8409         18.7299         4.50337         24.4176 
        1.85315         18.5741         4.43173         24.2315 
        1.86537         18.3181          4.3618          24.049 
        1.87765         18.1994         4.29311          23.861 
        1.88995         17.9487         4.22574         23.6661 
        1.90221         17.7981         4.16005         23.4901 
        1.91445         17.5994         4.09587         23.3117 
        1.92674         17.4252         4.03282         23.1434 
        1.93902         17.2172         3.97109         23.0033 
        1.95124         16.9803         3.91099         22.8772 
         1.9635         16.8559         3.85198         22.6596 
        1.97583         16.6904         3.79381         22.4817 
        1.98812         16.5339         3.73707         22.3529 
        2.00039         16.3921          3.6816         22.1845 
        2.01264         16.2143         3.62731         22.0442 
        2.02492         16.0552         3.57404         21.8541 
        2.03717         15.8521         3.52192         21.7129 
        2.04942         15.7085         3.47091         21.5515 
        2.06171          15.589         3.42074         21.4036 
        2.07397         15.4456         3.37168         21.2539 
        2.08629         15.3045         3.32337         21.1102 
        2.09857         15.1648         3.27612         20.9701 
        2.11081         14.9715         3.22999         20.8337 
        2.12309         14.8277         3.18463         20.6815 
        2.13538         14.6615         3.14008         20.5351 
        2.14763         14.5234         3.09654         20.4085 
        2.15986         14.4859         3.05392         20.2893 
        2.17214         14.2974         3.01193         20.1416 
        2.18443          14.126         2.97069         20.0052 
        2.19671         14.0245         2.93027         19.8603 
        2.20898         13.8815         2.89065         19.7417 
        2.22126         13.7518         2.85172         19.6157 
        2.23354         13.6976         2.81352          19.474 
         2.2458         13.5155         2.77609          19.381 
        2.25807           13.37         2.73931         19.2135 
        2.27035         13.2796         2.70316         19.1018 
        2.28263         13.1416         2.66768         18.9758 
         2.2949          13.063         2.63286         18.8694 
        2.30718         12.9588         2.59865         18.7614 
        2.31946         12.8225         2.56503         18.6275 
        2.33169         12.7008         2.53215         18.5102 
        2.34393         12.5946         2.49979         18.4034 
        2.35622         12.4331          2.4679         18.2853 
        2.36847         12.3646         2.43666         18.1662 
        2.38076          12.228         2.40586         18.0569 
        2.39305         12.1135          2.3756         17.9379 
        2.40534         12.0317         2.34586         17.8108 
        2.41762         11.9293         2.31663         17.7282 
        2.42989         11.8426         2.28795         17.6098 
        2.44216         11.7302         2.25975         17.4923 
         2.4544         11.6727          2.2321         17.3828 
        2.46667         11.5578         2.20484         17.2896 
        2.47897         11.4325         2.17798         17.1715 
        2.49124         11.3581         2.15163         17.0711 
        2.50349         11.2542         2.12577         16.9635 
        2.51578         11.1682         2.10024         16.8805 
        2.52805         11.0859         2.07519         16.7754 
        2.54029         11.0191          2.0506         16.6763 
        2.55257         10.9556         2.02634         16.5721 
        2.56487         10.7836         2.00242         16.4703 
        2.57716          10.738         1.97893         16.3642 
        2.58942         10.6754         1.95586         16.2868 
        2.60167         10.5864         1.93318         16.1925 
        2.61395         10.5496         1.91083         16.0916 
        2.62624         10.4421         1.88881         16.0009 
        2.63849         10.3569          1.8672         15.9177 
        2.65073         10.2914         1.84594         15.8135 
        2.66302         10.2209         1.82495         15.7255 
         2.6753         10.1702          1.8043         15.6298 
        2.68756         10.1084           1.784         15.5526 
        2.69983         10.0201         1.76401         15.4521 
        2.71213         9.95993         1.74428         15.3553 
        2.72441         9.89896         1.72488         15.2761 
        2.73665         9.87523         1.70583         15.1837 
         2.7489         9.79879         1.68708         15.0915 
        2.76118         9.69999         1.66855         15.0163 
        2.77349         9.66168         1.65025         14.9307 
        2.78576          9.6053         1.63231           14.85 
        2.79802         9.55641         1.61463         14.7618 
        2.81031         9.50925         1.59718         14.6798 
        2.82259         9.47764         1.57999         14.5976 
        2.83483         9.40285         1.56313          14.517 
         2.8471         9.35553         1.54647         14.4379 
         2.8594         9.33664         1.53001         14.3558 
         2.8717         9.28906         1.51379         14.2741 
        2.88396         9.23737         1.49787         14.1966 
        2.89619         9.18793          1.4822         14.1205 
        2.90847         9.14693          1.4667         14.0417 
        2.92072         9.14587         1.45145         13.9573 
        2.93299         9.07805         1.43641         13.8879 
        2.94526         9.07069         1.42157         13.8151 
        2.95753         9.03499         1.40694         13.7361 
        2.96982         8.99134         1.39249         13.6597 
        2.98209         8.98247         1.37827         13.5834 
        2.99436          8.9659         1.36425         13.5079 
        3.00666         8.93511         1.35039         13.4379 
        3.01894         8.91547         1.33675          13.374 
        3.03119         8.90044         1.32332         13.2969 
        3.04345         8.84872         1.31007         13.2171 
        3.05573         8.88015         1.29698         13.1498 
          3.068         8.85382         1.28408         13.0843 
        3.08026         8.85859         1.27137         13.0053 
        3.09254         8.85332         1.25881          12.941 
        3.10483         8.84976         1.24642         12.8806 
         3.1171         8.85712         1.23421         12.8092 
        3.12933         8.86461         1.22219         12.7386 
        3.14159         8.82719         1.21031         12.6719 
