# k  (h/Mpc)    Pcb(k)  (Mpc/h)^3    Pcb_linear(k) (Mpc/h)^3    Pcb_NL(k) (Mpc/h)^3   ShotnoiseSubtracted = false
      0.0156606         23240.7           23377         23186.7 
      0.0273761         19903.5         20210.1         19976.7 
      0.0384619         15042.7         15225.2         15016.1 
      0.0498308         11609.6         11975.2         11764.1 
      0.0625568         9811.86         10177.2         9990.28 
      0.0751274         8749.97         8646.49         8384.68 
      0.0867833         6772.22         6961.31         6879.59 
      0.0984825         5739.36         5508.93         5579.22 
       0.111151         4918.26         4599.83         4689.31 
       0.123864         4405.54         4145.35         4217.51 
       0.135742         4022.43         3727.69         3799.81 
        0.14762         3507.34         3187.35         3377.63 
       0.160083         2991.01         2656.83         2892.87 
       0.172465          2667.8          2318.9         2619.78 
       0.184281         2413.48         2137.75         2438.38 
       0.196406         2286.77          1974.2         2248.45 
       0.209011         2145.24         1756.53         2040.01 
       0.221538         1930.27         1535.04         1909.04 
       0.233611         1857.35         1373.46         1792.49 
       0.245665         1681.86         1267.65         1657.15 
       0.258103         1673.08         1180.07         1565.92 
       0.270422         1492.76         1084.35         1473.11 
       0.282519         1414.54         984.109         1398.26 
       0.294636          1385.5         896.632         1326.31 
       0.306978         1270.91         829.535         1272.72 
       0.319417         1250.06         775.567         1200.58 
        0.33169         1174.29         723.908         1138.65 
       0.343948         1130.08         670.743         1104.59 
       0.356249         1074.24         620.883         1064.89 
       0.368458         1029.21         579.121         1019.95 
        0.38068         1016.63         544.197         982.497 
       0.392856         967.382         512.316         949.641 
       0.405069         916.268         481.143         918.287 
       0.417459         881.802         450.959         888.494 
       0.429752         881.677         423.864         857.834 
       0.441978          850.95         400.083         836.878 
       0.454294         815.265         378.488         803.692 
        0.46658         792.607         358.226         787.822 
       0.478753         779.103          339.11         764.837 
       0.490964          750.14         321.155         742.011 
       0.503334         719.304         304.582         726.411 
       0.515665         716.353          289.47          709.87 
       0.527909         686.424         275.519         696.049 
       0.540159         671.072          262.32         679.304 
        0.55248         657.566         249.796         662.102 
       0.564743         652.015         238.199         650.977 
        0.57686         632.147         227.541         634.299 
       0.589077          623.24          217.48          620.77 
       0.601441         607.128         207.913          609.17 
        0.61382         589.915         198.893         598.447 
       0.626067         584.639         190.476         587.886 
       0.638306         563.804         182.549         575.909 
       0.650632          558.78          175.04         563.058 
       0.662899         554.639         168.002         556.057 
       0.675076         538.244         161.407         549.018 
       0.687267         522.688         155.158         536.312 
       0.699615         522.515         149.161         527.863 
       0.711937         510.638         143.492         517.847 
       0.724148         494.864         138.166         511.316 
       0.736433         483.727         133.084         502.515 
       0.748747         477.894          128.25         493.857 
       0.761037         469.846         123.667         488.138 
       0.773197         462.216         119.356         479.855 
       0.785376         457.384         115.246         473.121 
       0.797761         443.915         111.266         466.547 
       0.810096         438.113         107.489         460.509 
       0.822371          427.86         103.906         453.169 
       0.834626         423.381         100.493         448.141 
       0.846916         417.959         97.2252         441.146 
       0.859215         412.103         94.1016         434.654 
       0.871383         403.536          91.147          429.06 
        0.88363           398.3         88.3024         424.766 
       0.895928         393.478          85.569         418.267 
       0.908253          384.06         82.9467         411.344 
       0.920535         375.657         80.4437         407.219 
       0.932774         370.928         78.0531         400.939 
        0.94508         365.448         75.7482         397.061 
       0.957324         360.962          73.548         391.797 
        0.96953         356.613         71.4424         387.075 
       0.981769          348.57         69.4143         382.755 
       0.994071         347.413         67.4556         378.174 
         1.0064         341.287         65.5695         372.699 
        1.01868         337.291         63.7614         368.036 
        1.03092         327.709         62.0299         364.853 
         1.0432         324.783         60.3566         360.452 
        1.05553         321.745         58.7389         355.468 
        1.06777         317.092         57.1925         351.383 
           1.08         310.094         55.7035         347.542 
        1.09227         309.892          54.263         343.399 
         1.1046         303.544         52.8682         340.235 
         1.1169         297.684         51.5251         335.768 
        1.12915         293.326         50.2355         332.246 
        1.14142         287.556         48.9876         328.421 
        1.15365         284.496         47.7859         324.993 
        1.16585         280.039         46.6278         321.407 
        1.17807         277.424         45.5069          317.79 
        1.19037         272.148         44.4156         315.109 
        1.20276         269.453         43.3527         311.023 
        1.21504         264.097         42.3332         307.522 
        1.22728         260.343         41.3508         304.371 
        1.23954         258.817         40.3974          301.11 
        1.25184         252.967         39.4723         297.973 
        1.26414          248.27         38.5759         295.172 
        1.27632         245.828         37.7154         292.415 
         1.2886         243.383         36.8752          289.15 
        1.30093         238.447         36.0577          285.43 
        1.31316         233.616          35.271          282.84 
        1.32541         232.527         34.5077         279.695 
        1.33772         228.188         33.7628         277.236 
        1.35005         225.704         33.0395         274.096 
        1.36225         221.577         32.3448         271.541 
        1.37447         218.067         31.6687         268.305 
        1.38676         216.106          31.009          266.41 
        1.39907         213.047          30.367         263.126 
        1.41133         209.035          29.746         260.351 
        1.42358           206.5          29.143         257.914 
        1.43591         203.776         28.5526         255.651 
        1.44818         199.955         27.9818         252.899 
        1.46037         198.464         27.4301         250.193 
        1.47263         194.745         26.8902         247.734 
        1.48494         193.394         26.3628         244.815 
        1.49724         189.744           25.85         243.321 
        1.50952         186.654          25.352         240.385 
        1.52178         184.267         24.8678         238.139 
        1.53409         181.333         24.3943         235.879 
        1.54637         178.476         23.9341         233.935 
        1.55858         176.625         23.4885         231.484 
        1.57081         173.688         23.0536         229.159 
        1.58313         171.608          22.627         226.843 
        1.59544         168.445         22.2115         224.833 
        1.60767         167.048          21.809         222.845 
        1.61994         164.207         21.4152          220.55 
        1.63225         161.593         21.0303          218.33 
        1.64452           159.1         20.6559         216.402 
        1.65676         157.223         20.2918         214.568 
          1.669         155.392         19.9363         212.364 
        1.68133         152.399          19.587         210.423 
        1.69363         149.854         19.2471         208.715 
        1.70585         147.645         18.9175         206.724 
        1.71809         145.764         18.5949         204.534 
        1.73038         143.788         18.2789         202.796 
        1.74268         142.599           17.97         200.818 
        1.75493         139.649         17.6696         199.211 
        1.76714         138.853         17.3769         197.446 
        1.77942         136.082         17.0894         195.659 
        1.79173         134.277         16.8076         193.754 
        1.80402         132.325         16.5328         192.036 
         1.8163         130.135         16.2643         190.522 
         1.8286         128.317         16.0013         188.648 
         1.8409         126.687         15.7443         186.902 
        1.85315         124.466         15.4939         185.362 
        1.86537         123.121         15.2493         183.782 
        1.87765         121.657         15.0092         182.205 
        1.88995         119.598         14.7737         180.463 
        1.90221         118.112          14.544         179.063 
        1.91445         116.315         14.3196         177.365 
        1.92674          114.44         14.0992          175.77 
        1.93902         113.157         13.8834         174.186 
        1.95124         111.621         13.6733         172.731 
         1.9635         109.825          13.467         171.231 
        1.97583         108.198         13.2636          169.69 
        1.98812         106.687         13.0652         168.522 
        2.00039         105.523         12.8713          166.88 
        2.01264         104.253         12.6815         165.505 
        2.02492         102.612         12.4952         163.983 
        2.03717         101.216          12.313         162.707 
        2.04942         99.9239         12.1347          161.29 
        2.06171         98.2774         11.9593          159.84 
        2.07397         97.0153         11.7878         158.647 
        2.08629         95.5927         11.6189         157.263 
        2.09857         94.5257         11.4537         156.012 
        2.11081         93.0469         11.2924         154.575 
        2.12309         91.8872         11.1338         153.378 
        2.13538         90.4295         10.9781         152.053 
        2.14763         89.1286         10.8258         150.805 
        2.15986          88.269         10.6768         149.457 
        2.17214         87.0256           10.53         148.341 
        2.18443         86.0457         10.3859         147.244 
        2.19671         84.9559         10.2445         145.954 
        2.20898         83.7455          10.106         144.643 
        2.22126         82.6143         9.96994          143.59 
        2.23354         81.5642          9.8364         142.464 
         2.2458         79.9879         9.70554         141.229 
        2.25807         79.3653         9.57694         140.117 
        2.27035         78.2191         9.45056         138.988 
        2.28263          77.273         9.32653         137.931 
         2.2949         75.8678         9.20478         136.841 
        2.30718         74.7835         9.08518         135.708 
        2.31946         74.0651         8.96763          134.55 
        2.33169         72.9288         8.85268         133.546 
        2.34393         72.2394         8.73957         132.619 
        2.35622         71.1308         8.62807         131.469 
        2.36847         70.3103         8.51883         130.548 
        2.38076         69.0947         8.41115          129.43 
        2.39305         68.4997         8.30537         128.517 
        2.40534         67.4217         8.20139         127.446 
        2.41762         66.8318         8.09922         126.444 
        2.42989         65.7246         7.99893         125.512 
        2.44216         65.1478         7.90036         124.472 
         2.4544          64.239         7.80368         123.584 
        2.46667          63.242         7.70839         122.641 
        2.47897         62.7419         7.61446         121.615 
        2.49124         61.9246         7.52236         120.704 
        2.50349         60.8334         7.43192         119.819 
        2.51578         60.4533         7.34269         118.991 
        2.52805         59.4502         7.25509         118.014 
        2.54029         58.8919         7.16913         117.126 
        2.55257         58.1756         7.08431         116.304 
        2.56487         57.7232          7.0007         115.436 
        2.57716           57.09         6.91855         114.573 
        2.58942         56.1904         6.83791         113.736 
        2.60167         55.5705         6.75863         112.918 
        2.61395         55.1586         6.68049         112.055 
        2.62624         54.3166         6.60348         111.171 
        2.63849          53.711         6.52793         110.409 
        2.65073         52.9698         6.45363         109.581 
        2.66302         52.5506         6.38023         108.801 
         2.6753         51.8028         6.30802         108.027 
        2.68756         51.4666         6.23707         107.213 
        2.69983         50.8619         6.16717          106.44 
        2.71213         50.2872         6.09819         105.683 
        2.72441         49.8191         6.03039         104.906 
        2.73665         49.2557         5.96378         104.187 
         2.7489         48.7645         5.89821         103.458 
        2.76118         48.3126         5.83343         102.685 
        2.77349         47.8263         5.76947          101.98 
        2.78576         47.3468         5.70672          101.24 
        2.79802         46.9428         5.64494         100.583 
        2.81031         46.3997         5.58393         99.8577 
        2.82259         45.9043         5.52384         99.1124 
        2.83483         45.4508         5.46486         98.4644 
         2.8471         44.9596         5.40664         97.7526 
         2.8594         44.5648         5.34908         97.0663 
         2.8717         44.2673         5.29238         96.4379 
        2.88396          43.808         5.23671         95.7684 
        2.89619         43.4969         5.18195         95.0668 
        2.90847         43.0757         5.12776         94.3715 
        2.92072         42.7224         5.07444         93.7947 
        2.93299         42.5031         5.02185         93.1674 
        2.94526         42.1344         4.96995         92.5026 
        2.95753         41.8485         4.91881          91.869 
        2.96982         41.4091          4.8683         91.2659 
        2.98209          41.188          4.8186         90.6429 
        2.99436         40.9709         4.76955         90.0028 
        3.00666         40.7396         4.72111         89.3988 
        3.01894         40.5091         4.67343         88.8084 
        3.03119         40.2188         4.62648         88.2422 
        3.04345         39.9496         4.58016         87.6638 
        3.05573         39.9373         4.53439          87.068 
          3.068         39.6212          4.4893         86.4975 
        3.08026         39.4007         4.44486         85.9209 
        3.09254         39.3816         4.40094         85.3621 
        3.10483         39.2675         4.35761         84.8054 
         3.1171         39.1052         4.31492          84.238 
        3.12933          38.861         4.27292         83.6786 
        3.14159         38.8358         4.23139         83.1261 
