# k  (h/Mpc)    P(k)  (Mpc/h)^3    P_linear(k)  (Mpc/h)^3     P_NL(k)  ShotnoiseSubtracted = false
      0.0156606         20626.7         20657.8         20498.3 
      0.0273761         17659.3         17830.8         17644.5 
      0.0384619         13345.1         13421.3         13257.6 
      0.0498308         10304.6         10550.7         10386.6 
      0.0625568         8701.05         8963.17         8816.66 
      0.0751274         7741.45         7613.18            7407 
      0.0867833         5998.75         6128.41         6065.07 
      0.0984825         5061.27         4849.24         4907.19 
       0.111151         4325.29         4048.62         4119.82 
       0.123864         3874.89         3648.35         3706.08 
       0.135742         3530.38         3280.59         3338.61 
        0.14762         3070.72         2804.95            2959 
       0.160083         2603.98            2338         2527.31 
       0.172465         2322.44         2040.56         2281.42 
       0.184281          2107.2         1881.11          2123.2 
       0.196406         1983.37         1737.17         1954.63 
       0.209011          1853.2         1545.61         1771.13 
       0.221538         1669.18         1350.69            1652 
       0.233611         1597.04          1208.5         1546.87 
       0.245665         1448.71         1115.39            1428 
       0.258103         1430.39         1038.32         1347.99 
       0.270422         1276.27         954.091         1265.75 
       0.282519         1203.46         865.884         1196.99 
       0.294636         1183.48         788.911         1133.26 
       0.306978         1078.96         729.872         1085.49 
       0.319417         1055.88         682.384         1023.28 
        0.33169         992.945          636.93         968.597 
       0.343948         952.002         590.149         938.459 
       0.356249         901.266         546.279         903.326 
       0.368458         867.148         509.533         862.367 
        0.38068         851.277         478.807         829.151 
       0.392856         807.527         450.755         799.809 
       0.405069          767.02         423.325         774.403 
       0.417459         737.565         396.769         745.955 
       0.429752         731.693         372.929         719.867 
       0.441978         706.063         352.005         701.396 
       0.454294         674.132         333.004         672.636 
        0.46658         655.361         315.176         658.636 
       0.478753         642.036         298.357         638.434 
       0.490964         616.989         282.558         618.827 
       0.503334         589.666         267.978         604.766 
       0.515665         587.864         254.681         591.357 
       0.527909         563.811         242.407         578.376 
       0.540159         549.601         230.793         563.444 
        0.55248         538.686         219.774         548.764 
       0.564743         534.267         209.572         539.431 
        0.57686         515.496         200.194          525.04 
       0.589077           504.5         191.342         513.391 
       0.601441         494.405         182.925         503.191 
        0.61382         481.198         174.989         494.445 
       0.626067         475.554         167.583         484.961 
       0.638306         457.806         160.609         475.289 
       0.650632         453.256         154.002         463.547 
       0.662899         449.282          147.81         458.076 
       0.675076         433.722         142.008         451.419 
       0.687267         421.764         136.509         440.672 
       0.699615          419.05         131.233         433.724 
       0.711937         411.391         126.246         425.704 
       0.724148         397.646          121.56         419.817 
       0.736433          388.28         117.088         412.209 
       0.748747         383.294         112.835         404.854 
       0.761037         376.174         108.804          399.76 
       0.773197         371.018         105.011         393.445 
       0.785376         365.645         101.394         387.634 
       0.797761         355.027         97.8924         381.628 
       0.810096         351.901         94.5696         376.861 
       0.822371         341.284         91.4173         370.694 
       0.834626         338.571         88.4145         366.163 
       0.846916         332.313         85.5394         360.485 
       0.859215         329.939         82.7912         355.294 
       0.871383         321.908         80.1917         350.516 
        0.88363         319.149          77.689         346.944 
       0.895928         313.596         75.2841         341.484 
       0.908253          305.71          72.977         335.971 
       0.920535         301.168         70.7748         332.057 
       0.932774         295.409         68.6716         327.182 
        0.94508         291.143         66.6437         323.822 
       0.957324         289.077         64.7079         319.447 
        0.96953          285.03         62.8554         315.518 
       0.981769         277.594          61.071         312.108 
       0.994071         276.531         59.3478         308.253 
         1.0064         270.841         57.6884         303.759 
        1.01868         267.801         56.0976         299.881 
        1.03092         259.839         54.5741         297.203 
         1.0432         256.921          53.102         293.604 
        1.05553         253.884         51.6787          289.62 
        1.06777         251.523         50.3182          286.47 
           1.08         245.534         49.0082         283.233 
        1.09227          244.02         47.7408         279.838 
         1.1046         239.667         46.5136         277.126 
         1.1169         234.138          45.332         273.398 
        1.12915         231.105         44.1974         270.797 
        1.14142         226.753         43.0994          267.48 
        1.15365         223.964         42.0421         264.659 
        1.16585         219.975         41.0233         261.574 
        1.17807         217.678         40.0371         259.023 
        1.19037         214.588         39.0769         256.753 
        1.20276         211.568         38.1418         253.405 
        1.21504             207         37.2449         250.605 
        1.22728         203.783         36.3806           247.6 
        1.23954         202.729         35.5417         245.488 
        1.25184         198.317         34.7278         242.827 
        1.26414         194.384         33.9391          240.47 
        1.27632         193.285         33.1821         238.412 
         1.2886         191.763         32.4429         235.578 
        1.30093          186.67         31.7236         232.727 
        1.31316         182.935         31.0315         230.282 
        1.32541          181.81         30.3599         228.111 
        1.33772         179.252         29.7046         225.893 
        1.35005         176.738         29.0682         223.355 
        1.36225         173.422          28.457         221.275 
        1.37447         170.896         27.8622         218.559 
        1.38676         169.048         27.2818         216.941 
        1.39907         166.492         26.7169         214.406 
        1.41133         163.452         26.1706          212.27 
        1.42358         161.527           25.64         210.269 
        1.43591         159.535         25.1206         208.249 
        1.44818         156.591         24.6185         206.178 
        1.46037         155.008          24.133         203.984 
        1.47263         152.272         23.6581         202.226 
        1.48494          150.46         23.1941         199.745 
        1.49724         148.197         22.7429         198.369 
        1.50952         145.435         22.3047         196.255 
        1.52178         144.445         21.8787         194.134 
        1.53409         141.445         21.4621         192.483 
        1.54637         139.582         21.0573         190.894 
        1.55858         137.669         20.6652         188.813 
        1.57081         135.382         20.2826         187.121 
        1.58313         133.558         19.9073         185.212 
        1.59544         131.134         19.5417         183.562 
        1.60767         130.078         19.1876         181.907 
        1.61994         127.692         18.8411          180.24 
        1.63225         125.918         18.5025          178.33 
        1.64452         123.736         18.1731         176.737 
        1.65676         122.025         17.8528         175.216 
          1.669         120.871           17.54         173.615 
        1.68133         118.399         17.2327         172.031 
        1.69363         116.461         16.9336         170.518 
        1.70585         114.542         16.6436             169 
        1.71809         113.095         16.3598         167.175 
        1.73038         112.063         16.0818         165.833 
        1.74268         110.915           15.81         164.226 
        1.75493         107.997         15.5458         162.856 
        1.76714         107.512         15.2882         161.487 
        1.77942         105.418         15.0353         159.885 
        1.79173         103.739         14.7874         158.513 
        1.80402          102.74         14.5456         157.106 
         1.8163         100.594         14.3093         155.775 
         1.8286         99.3349         14.0779         154.307 
         1.8409         98.5394         13.8519         152.871 
        1.85315         96.3997         13.6315         151.632 
        1.86537         95.6318         13.4164         150.375 
        1.87765         94.4283         13.2051         149.091 
        1.88995         92.7243         12.9979         147.707 
        1.90221         91.5224         12.7958         146.519 
        1.91445         90.3341         12.5984         145.112 
        1.92674         88.8671         12.4045         143.874 
        1.93902         87.6618         12.2146         142.582 
        1.95124          86.569         12.0298         141.382 
         1.9635         85.1354         11.8482         140.135 
        1.97583         83.8214         11.6693         138.968 
        1.98812         82.7313         11.4948         137.906 
        2.00039         81.7464         11.3242          136.62 
        2.01264         80.6908         11.1572         135.498 
        2.02492          79.811         10.9933         134.279 
        2.03717         78.4176          10.833         133.199 
        2.04942         77.7208         10.6761          132.12 
        2.06171         76.0433         10.5218          130.97 
        2.07397         75.2599         10.3709         129.936 
        2.08629         74.2837         10.2223         128.806 
        2.09857         73.2431          10.077         127.768 
        2.11081         71.9739         9.93507         126.589 
        2.12309          70.977         9.79556         125.671 
        2.13538         70.0221         9.65853         124.563 
        2.14763         69.1411         9.52458         123.569 
        2.15986         68.1508         9.39349         122.478 
        2.17214         67.3641         9.26433         121.499 
        2.18443         66.4506         9.13748         120.671 
        2.19671          65.434         9.01316         119.632 
        2.20898         64.7733          8.8913         118.572 
        2.22126         63.7892         8.77156          117.67 
        2.23354         63.0626         8.65407         116.734 
         2.2458          61.868         8.53893         115.795 
        2.25807         61.1813         8.42579         114.844 
        2.27035         60.3217         8.31461         113.906 
        2.28263         59.5164         8.20548         113.026 
         2.2949         58.5862         8.09837         112.138 
        2.30718         57.7256         7.99314         111.256 
        2.31946         57.3079         7.88972         110.302 
        2.33169         56.2749         7.78859         109.467 
        2.34393         55.8365         7.68907         108.676 
        2.35622         54.7628         7.59097         107.789 
        2.36847         54.3601         7.49486         107.053 
        2.38076         53.4315         7.40013         106.079 
        2.39305         52.8359         7.30706         105.364 
        2.40534          52.126         7.21558         104.493 
        2.41762         51.5261         7.12569         103.643 
        2.42989         50.7034         7.03746         102.908 
        2.44216         50.2073         6.95074          102.05 
         2.4544          49.402         6.86567           101.3 
        2.46667         48.8341         6.78184         100.519 
        2.47897          48.293          6.6992         99.7124 
        2.49124         47.7913         6.61817         98.9925 
        2.50349         47.2646          6.5386          98.234 
        2.51578         46.5512          6.4601         97.5837 
        2.52805         45.9931         6.38302         96.7608 
        2.54029         45.5309          6.3074         96.0026 
        2.55257         44.9329         6.23277         95.3459 
        2.56487         44.6627         6.15921         94.6619 
        2.57716         43.9574         6.08694         93.9463 
        2.58942         43.3466         6.01599         93.2449 
        2.60167         42.8475         5.94624         92.5648 
        2.61395          42.407          5.8775         91.8812 
        2.62624          41.804         5.80974         91.1479 
        2.63849         41.3464         5.74327         90.4995 
        2.65073         40.9284         5.67791         89.8412 
        2.66302         40.4556         5.61333         89.1588 
         2.6753         40.0403          5.5498         88.5443 
        2.68756         39.6299         5.48738         87.8735 
        2.69983         39.1078         5.42587         87.2685 
        2.71213         38.7314         5.36518         86.6419 
        2.72441         38.3259         5.30553         86.0054 
        2.73665         37.8585         5.24693         85.4102 
         2.7489         37.4644         5.18925         84.8063 
        2.76118         37.1257         5.13225         84.1875 
        2.77349         36.6907         5.07598         83.5928 
        2.78576         36.3464         5.02077         82.9675 
        2.79802         36.0336         4.96641         82.4576 
        2.81031         35.5356         4.91274         81.8522 
        2.82259         35.3485         4.85987         81.2443 
        2.83483         34.8858         4.80799         80.7236 
         2.8471         34.5958         4.75676         80.1374 
         2.8594         34.2707         4.70612         79.5581 
         2.8717         34.0985         4.65623          79.041 
        2.88396         33.7112         4.60726         78.4831 
        2.89619         33.4991         4.55908         77.8932 
        2.90847         33.1297          4.5114         77.3344 
        2.92072         32.9436         4.46449          76.853 
        2.93299         32.7884         4.41822          76.344 
        2.94526         32.4113         4.37256         75.8111 
        2.95753         32.2003         4.32757         75.2762 
        2.96982          31.899         4.28313         74.7727 
        2.98209         31.7238         4.23941         74.2797 
        2.99436         31.4671         4.19625         73.7401 
        3.00666         31.4149         4.15363         73.2473 
        3.01894         31.0838         4.11168         72.7528 
        3.03119         31.0389         4.07037         72.2843 
        3.04345         30.8872         4.02963         71.8161 
        3.05573         30.5823         3.98936         71.3277 
          3.068         30.5158         3.94968         70.8526 
        3.08026         30.3497         3.91059         70.3751 
        3.09254         30.2833         3.87195         69.9177 
        3.10483         30.2571         3.83382         69.4626 
         3.1171         30.0939         3.79627         68.9984 
        3.12933         29.9517         3.75931          68.537 
        3.14159         29.8421         3.72277         68.0715 
