# k  (h/Mpc)    P(k)  (Mpc/h)^3    P_linear(k)  (Mpc/h)^3     P_NL(k)  ShotnoiseSubtracted = false
      0.0156606         23992.1         24138.5         23938.8 
      0.0273761         20504.7         20833.6         20585.8 
      0.0384619         15476.7         15680.7         15457.8 
      0.0498308         11931.1         12326.4         12101.2 
      0.0625568         10078.7         10471.3         10272.5 
      0.0751274         8989.15         8893.98         8615.94 
      0.0867833         6952.41          7159.3         7072.24 
      0.0984825         5897.03          5664.9         5738.66 
       0.111151         5055.78         4729.56         4824.47 
       0.123864         4526.72         4261.93         4338.36 
       0.135742          4135.1          3832.3         3908.57 
        0.14762         3607.08         3276.65         3477.19 
       0.160083         3080.08         2731.16         2980.54 
       0.172465         2746.83          2383.7         2701.71 
       0.184281         2481.99         2197.43         2514.65 
       0.196406         2355.71         2029.28         2319.96 
       0.209011         2211.51          1805.5         2105.73 
       0.221538         1988.44         1577.81         1972.32 
       0.233611         1915.87         1411.71         1853.31 
       0.245665         1733.94         1302.94          1714.2 
       0.258103         1727.74         1212.91         1620.34 
       0.270422         1541.09         1114.51         1525.14 
       0.282519         1462.06         1011.47         1449.23 
       0.294636         1429.62         921.557         1375.39 
       0.306978          1313.4          852.59         1320.54 
       0.319417         1293.15         797.118         1245.94 
        0.33169         1213.84          744.02         1182.38 
       0.343948         1169.27         689.374         1147.39 
       0.356249         1112.45         638.127         1106.68 
       0.368458         1063.89         595.203         1060.99 
        0.38068         1052.23          559.31         1022.64 
       0.392856         1001.86         526.542         989.065 
       0.405069          947.69           494.5         955.982 
       0.417459           911.7         463.478         926.157 
       0.429752         913.096          435.63         894.335 
       0.441978         881.104         411.187         872.793 
       0.454294         844.356         388.992         838.604 
        0.46658         820.975         368.166         822.252 
       0.478753         807.379         348.519          798.65 
       0.490964         777.574         330.064         775.016 
       0.503334         745.671         313.032          759.11 
       0.515665          742.17           297.5         741.681 
       0.527909         710.677         283.162         727.738 
       0.540159         695.224         269.596         710.653 
        0.55248         680.691         256.724          692.87 
       0.564743         674.256         244.806          681.23 
        0.57686         654.556         233.852          663.98 
       0.589077         646.399         223.512         650.076 
       0.601441         628.314          213.68         638.129 
        0.61382         610.079         204.409         626.775 
       0.626067          604.65         195.758         616.004 
       0.638306         583.073         187.612         603.436 
       0.650632         577.644         179.894         590.407 
       0.662899         573.074         172.661         582.907 
       0.675076         556.899         165.883         575.777 
       0.687267         540.355          159.46         562.658 
       0.699615          540.69         153.297         553.767 
       0.711937         527.195         147.471          543.21 
       0.724148         511.261         141.997         536.579 
       0.736433         499.883         136.774         527.457 
       0.748747         493.676         131.806         518.473 
       0.761037         485.298         127.096         512.578 
       0.773197         476.584         122.666         503.718 
       0.785376         472.111         118.441         496.712 
       0.797761         458.158         114.351         490.132 
       0.810096          450.94         110.469         483.664 
       0.822371         441.067         106.787         476.048 
       0.834626         435.948         103.279         470.893 
       0.846916         430.878         99.9207         463.584 
       0.859215         423.959         96.7105         456.732 
       0.871383         415.287          93.674         450.895 
        0.88363         409.047         90.7505         446.396 
       0.895928         404.515         87.9412         439.642 
       0.908253         394.933         85.2462         432.316 
       0.920535         385.188         82.6738         428.175 
       0.932774         380.568          80.217         421.508 
        0.94508         374.907         77.8481          417.54 
       0.957324         369.366          75.587         411.996 
        0.96953         364.795         73.4229         407.004 
       0.981769         356.622         71.3386         402.467 
       0.994071         355.433         69.3256         397.697 
         1.0064          349.09         67.3872         391.956 
        1.01868         344.643          65.529         387.123 
        1.03092         334.996         63.7494         383.778 
         1.0432         331.701         62.0298         379.156 
        1.05553         328.566         60.3672         373.906 
        1.06777         323.404         58.7779         369.548 
           1.08         316.323         57.2476         365.514 
        1.09227         316.133         55.7672         361.191 
         1.1046         309.192         54.3337         357.944 
         1.1169         303.542         52.9534         353.275 
        1.12915         298.638         51.6281          349.47 
        1.14142         292.824         50.3455         345.521 
        1.15365         289.313         49.1105         341.922 
        1.16585         285.069         47.9203         338.164 
        1.17807         282.179         46.7683         334.255 
        1.19037         276.205         45.6467         331.407 
        1.20276         273.789         44.5544         327.149 
        1.21504          268.41         43.5067         323.456 
        1.22728         264.353         42.4971         320.335 
        1.23954         262.584         41.5172         316.701 
        1.25184         256.661         40.5664         313.437 
        1.26414         252.032         39.6451         310.484 
        1.27632         248.964         38.7608         307.554 
         1.2886         246.163         37.8973         304.162 
        1.30093         241.346         37.0572         300.197 
        1.31316         236.498         36.2487         297.607 
        1.32541         235.244         35.4642         294.178 
        1.33772         230.705         34.6987         291.652 
        1.35005         227.899         33.9553         288.341 
        1.36225         223.809         33.2413         285.661 
        1.37447         220.083         32.5465         282.327 
        1.38676         217.959         31.8685         280.298 
        1.39907         214.751         31.2087         276.833 
        1.41133         210.762         30.5705         273.906 
        1.42358         207.967         29.9508         271.356 
        1.43591         205.025          29.344         268.991 
        1.44818         201.144         28.7574         266.048 
        1.46037         199.505         28.1904         263.226 
        1.47263         195.899         27.6356         260.549 
        1.48494         194.447         27.0935         257.529 
        1.49724         190.521         26.5665         255.977 
        1.50952           187.6         26.0547          252.78 
        1.52178         184.745          25.557         250.583 
        1.53409         181.978         25.0704         248.104 
        1.54637         178.931         24.5975         246.069 
        1.55858         176.956         24.1395          243.53 
        1.57081         173.947         23.6926         241.004 
        1.58313         171.949         23.2541         238.587 
        1.59544         168.649         22.8271         236.478 
        1.60767         167.282         22.4135         234.402 
        1.61994         164.265         22.0088         231.943 
        1.63225         161.606         21.6132         229.607 
        1.64452         159.005         21.2284         227.583 
        1.65676         157.121         20.8543         225.681 
          1.669         155.232         20.4888         223.312 
        1.68133         152.109         20.1299          221.27 
        1.69363         149.619         19.7806         219.501 
        1.70585          147.38         19.4418         217.363 
        1.71809         145.379         19.1103         215.086 
        1.73038         143.165         18.7855         213.227 
        1.74268         141.942          18.468          211.16 
        1.75493         139.245         18.1594         209.478 
        1.76714         138.126         17.8586         207.603 
        1.77942         135.501         17.5631         205.777 
        1.79173         133.763         17.2735         203.713 
        1.80402         131.633          16.991         201.914 
         1.8163         129.523         16.7151         200.327 
         1.8286         127.541         16.4448          198.37 
         1.8409         125.846         16.1807         196.532 
        1.85315         123.628         15.9233         194.898 
        1.86537         122.209          15.672         193.226 
        1.87765         120.685         15.4252         191.565 
        1.88995         118.736         15.1831         189.745 
        1.90221         117.197         14.9471         188.264 
        1.91445         115.345         14.7165         186.512 
        1.92674         113.383           14.49         184.806 
        1.93902         112.121         14.2682         183.143 
        1.95124         110.467         14.0522         181.622 
         1.9635         108.776         13.8402         180.047 
        1.97583         107.174         13.6312         178.409 
        1.98812         105.562         13.4273         177.202 
        2.00039         104.439          13.228         175.471 
        2.01264         103.091          13.033         174.017 
        2.02492         101.288         12.8416         172.423 
        2.03717         99.9716         12.6543         171.083 
        2.04942         98.6497          12.471         169.575 
        2.06171          97.067         12.2908         168.037 
        2.07397         95.6634         12.1145         166.799 
        2.08629         94.2663         11.9409         165.358 
        2.09857         93.1495         11.7711         164.036 
        2.11081         91.7194         11.6054         162.531 
        2.12309          90.498         11.4424         161.253 
        2.13538         89.0753         11.2824         159.887 
        2.14763         87.7056         11.1259         158.559 
        2.15986         86.8621         10.9728         157.141 
        2.17214         85.5781         10.8219         156.003 
        2.18443         84.6641         10.6737          154.81 
        2.19671         83.5621         10.5285         153.453 
        2.20898         82.2451         10.3861         152.078 
        2.22126         81.1893         10.2463         150.963 
        2.23354         80.0859          10.109         149.806 
         2.2458         78.4962         9.97453         148.489 
        2.25807         77.9636         9.84237         147.322 
        2.27035         76.8382         9.71249         146.157 
        2.28263         75.8442         9.58502         145.039 
         2.2949         74.6142          9.4599         143.893 
        2.30718         73.4392         9.33698         142.706 
        2.31946         72.6273         9.21618         141.487 
        2.33169         71.5506         9.09804         140.432 
        2.34393         70.6979         8.98179         139.466 
        2.35622         69.7341          8.8672         138.244 
        2.36847         68.8064         8.75493         137.266 
        2.38076         67.6474         8.64427         136.124 
        2.39305         67.0743         8.53555         135.141 
        2.40534         65.9679          8.4287         134.022 
        2.41762         65.3986         8.32369         132.981 
        2.42989         64.2513         8.22062         131.987 
        2.44216         63.6877         8.11932         130.908 
         2.4544         62.9436         8.01996         129.977 
        2.46667         61.8103         7.92203          128.99 
        2.47897         61.3987          7.8255           127.9 
        2.49124         60.5368         7.73084         126.941 
        2.50349         59.4629          7.6379         126.018 
        2.51578         59.0351         7.54619         125.131 
        2.52805         58.0489         7.45616         124.126 
        2.54029         57.5232         7.36782         123.199 
        2.55257         56.8061         7.28065         122.322 
        2.56487         56.2899         7.19472         121.417 
        2.57716         55.6326          7.1103           120.5 
        2.58942         54.8577         7.02742         119.625 
        2.60167         54.1422         6.94595         118.773 
        2.61395         53.6871         6.86564         117.862 
        2.62624         52.9627          6.7865         116.942 
        2.63849         52.3144         6.70885         116.147 
        2.65073         51.5848          6.6325         115.259 
        2.66302         51.1352         6.55706         114.464 
         2.6753          50.424         6.48285         113.642 
        2.68756         50.0341         6.40993         112.791 
        2.69983          49.497         6.33809         111.978 
        2.71213         48.9571          6.2672         111.179 
        2.72441         48.4429         6.19752         110.362 
        2.73665         47.8675         6.12906         109.601 
         2.7489         47.4175         6.06168         108.835 
        2.76118         46.9742         5.99511          108.03 
        2.77349         46.5084         5.92937         107.284 
        2.78576         46.0237         5.86488         106.512 
        2.79802         45.6228         5.80139         105.814 
        2.81031         45.1315         5.73868          105.06 
        2.82259         44.6684         5.67693         104.271 
        2.83483         44.1943         5.61632         103.588 
         2.8471         43.7187         5.55648         102.846 
         2.8594         43.3365         5.49733         102.131 
         2.8717         43.0038         5.43906         101.464 
        2.88396         42.5298         5.38185         100.763 
        2.89619         42.3101         5.32556         100.038 
        2.90847         41.8838         5.26987         99.3054 
        2.92072         41.4963         5.21507         98.6985 
        2.93299         41.2484         5.16103         98.0352 
        2.94526         40.9249          5.1077         97.3335 
        2.95753         40.6677         5.05513         96.6777 
        2.96982         40.1958         5.00322         96.0495 
        2.98209         39.9488         4.95215         95.3866 
        2.99436         39.8041         4.90174         94.7211 
        3.00666         39.5544         4.85195         94.0863 
        3.01894         39.2832         4.80295         93.4629 
        3.03119         39.0294          4.7547          92.869 
        3.04345         38.7863          4.7071         92.2661 
        3.05573          38.758         4.66006         91.6435 
          3.068          38.423         4.61372         91.0439 
        3.08026          38.199         4.56805         90.4412 
        3.09254         38.2404         4.52291         89.8528 
        3.10483         38.0066         4.47838         89.2665 
         3.1171         37.8946         4.43451         88.6718 
        3.12933          37.749         4.39134         88.0858 
        3.14159         37.6477         4.34866           87.51 
