# k  (h/Mpc)    P(k)  (Mpc/h)^3    P_linear(k)  (Mpc/h)^3     P_NL(k)  ShotnoiseSubtracted = false
      0.0156606           15840         15766.6         15657.3 
      0.0273761         13598.6         13610.9         13497.1 
      0.0384619         10294.2         10245.9           10151 
      0.0498308         7971.43         8055.04         7961.64 
      0.0625568         6728.57         6843.36         6758.32 
      0.0751274         5961.66         5812.85          5691.5 
      0.0867833         4636.16         4679.31         4644.03 
      0.0984825          3880.7         3702.68         3741.42 
       0.111151         3301.11         3091.41          3135.9 
       0.123864         2960.57         2785.81         2822.42 
       0.135742         2687.53         2505.02         2542.25 
        0.14762         2325.99         2141.84         2239.88 
       0.160083         1955.35         1785.29         1903.14 
       0.172465          1743.8         1558.18         1707.11 
       0.184281         1593.06         1436.43         1588.23 
       0.196406         1482.01         1326.52         1458.34 
       0.209011         1374.97         1180.24         1318.53 
       0.221538         1240.31         1031.41         1220.22 
       0.233611         1171.89         922.834         1135.25 
       0.245665         1071.08         851.733         1045.74 
       0.258103         1037.98         792.885         985.245 
       0.270422         932.417         728.564         921.589 
       0.282519         869.781         661.208         864.975 
       0.294636          860.74         602.431          815.39 
       0.306978         775.605         557.347          777.94 
       0.319417         752.419         521.086         732.423 
        0.33169         708.964         486.376         690.957 
       0.343948          676.39         450.653          666.86 
       0.356249         636.593         417.153         639.734 
       0.368458         616.808         389.093         606.881 
        0.38068         597.467          365.63         581.435 
       0.392856         563.809         344.209         558.896 
       0.405069          539.17         323.263          541.53 
       0.417459         517.267         302.984         516.991 
       0.429752         505.264          284.78          498.38 
       0.441978          488.47         268.801         484.257 
       0.454294          462.72         254.292         463.306 
        0.46658         453.364         240.678         452.198 
       0.478753         440.012         227.835         437.136 
       0.490964         423.807          215.77         422.814 
       0.503334         401.178         204.636         411.781 
       0.515665         399.945         194.483         402.826 
       0.527909          385.29         185.109         391.615 
       0.540159         375.535         176.241         380.627 
        0.55248         368.134         167.826         370.206 
       0.564743         362.894         160.036         363.265 
        0.57686         348.793         152.875         352.729 
       0.589077          337.15         146.115         344.934 
       0.601441         333.326         139.687         337.149 
        0.61382         327.092         133.627         330.605 
       0.626067         321.642         127.972           323.4 
       0.638306         307.716         122.647         317.231 
       0.650632         302.631         117.601         308.088 
       0.662899         300.222         112.873         304.173 
       0.675076         288.636         108.442         298.357 
       0.687267          281.41         104.243         291.458 
       0.699615         277.216         100.214         286.417 
       0.711937         272.746         96.4055         281.261 
       0.724148         264.474          92.827         277.025 
       0.736433         258.706         89.4125         271.356 
       0.748747         254.479         86.1648          266.19 
       0.761037         249.884         83.0861         261.913 
       0.773197         246.485         80.1897          258.43 
       0.785376         242.971         77.4282         253.706 
       0.797761         237.055         74.7539         249.998 
       0.810096         234.096         72.2165         246.338 
       0.822371         225.238         69.8093          242.25 
       0.834626         224.589         67.5163         238.598 
       0.846916         219.891         65.3208         235.119 
       0.859215         219.698         63.2222         231.699 
       0.871383         213.731         61.2371         228.094 
        0.88363         212.008         59.3259         225.723 
       0.895928         207.086         57.4895         222.208 
       0.908253         201.392         55.7277         218.512 
       0.920535         200.635          54.046         215.573 
       0.932774         194.099         52.4399         212.565 
        0.94508         192.266         50.8914         210.333 
       0.957324         191.787         49.4132         207.171 
        0.96953         189.092         47.9985          204.16 
       0.981769         183.193         46.6359         202.285 
       0.994071         182.311           45.32         199.627 
         1.0064         178.115         44.0528         196.593 
        1.01868          175.69          42.838         194.375 
        1.03092          172.49         41.6747         192.296 
         1.0432         169.121         40.5505           189.9 
        1.05553         166.529         39.4637         187.612 
        1.06777         166.316         38.4247         185.713 
           1.08         162.151         37.4243         183.291 
        1.09227         160.236         36.4565         181.412 
         1.1046         157.702         35.5194         179.385 
         1.1169         155.204         34.6171         176.938 
        1.12915         152.825         33.7507         175.256 
        1.14142         150.366         32.9122         172.968 
        1.15365         148.364         32.1049         171.154 
        1.16585         146.255         31.3268         168.922 
        1.17807         144.203         30.5737         167.704 
        1.19037         143.196         29.8405         165.963 
        1.20276         140.566         29.1265         163.924 
        1.21504         138.363         28.4415         162.162 
        1.22728         135.625         27.7815         160.158 
        1.23954         135.004         27.1409         158.907 
        1.25184         132.333         26.5194         157.101 
        1.26414         130.344         25.9171         155.452 
        1.27632         129.822          25.339         154.599 
         1.2886          127.49         24.7745         152.398 
        1.30093         124.041         24.2253         150.772 
        1.31316         123.473         23.6967         149.143 
        1.32541         121.678         23.1839         148.026 
        1.33772         120.488         22.6835         146.423 
        1.35005         118.788         22.1975         144.791 
        1.36225         117.314         21.7307         143.502 
        1.37447         115.194         21.2766         141.896 
        1.38676         114.152         20.8333          140.47 
        1.39907         111.745          20.402         139.183 
        1.41133         110.221         19.9848         138.034 
        1.42358         108.638         19.5796         136.701 
        1.43591         107.746          19.183         135.163 
        1.44818          106.69         18.7995         134.054 
        1.46037         104.588         18.4288         132.688 
        1.47263         103.427         18.0661         131.689 
        1.48494         102.123         17.7118         130.226 
        1.49724         100.603         17.3673         128.924 
        1.50952         98.8148         17.0326         127.793 
        1.52178         98.1815         16.7073         126.577 
        1.53409         96.6539         16.3892         125.494 
        1.54637         95.0755         16.0801         124.376 
        1.55858         93.6979         15.7807         123.153 
        1.57081         92.3695         15.4885         122.093 
        1.58313         91.3092         15.2019         120.947 
        1.59544         90.2862         14.9227         119.885 
        1.60767         88.9387         14.6523          118.73 
        1.61994         87.5658         14.3877         117.956 
        1.63225         86.3508         14.1291         116.524 
        1.64452         84.9894         13.8776         115.565 
        1.65676         83.8561          13.633         114.611 
          1.669         83.2577         13.3941         113.686 
        1.68133         81.9171         13.1595         112.606 
        1.69363         81.0076         12.9311         111.692 
        1.70585          79.731         12.7097         110.654 
        1.71809         78.5434         12.4929         109.731 
        1.73038         77.8175         12.2806         108.721 
        1.74268         76.5495         12.0731         107.795 
        1.75493         75.7891         11.8713         106.824 
        1.76714         74.5225         11.6746         105.957 
        1.77942         73.8916         11.4815         104.982 
        1.79173         72.6129         11.2922         104.132 
        1.80402         71.9395         11.1075          103.31 
         1.8163         70.8332         10.9271         102.261 
         1.8286         69.8162         10.7504         101.502 
         1.8409         69.0547         10.5778         100.621 
        1.85315         67.9492         10.4095         99.8544 
        1.86537         67.2252         10.2452           98.98 
        1.87765         66.5419         10.0839         98.0451 
        1.88995         65.4754         9.92565         97.3343 
        1.90221         64.6475         9.77135         96.4938 
        1.91445         63.4589          9.6206         95.7004 
        1.92674         62.8016          9.4725         94.9304 
        1.93902          61.991         9.32752         94.0763 
        1.95124         61.5153         9.18635         93.4167 
         1.9635          60.431         9.04773         92.4824 
        1.97583         59.7585         8.91111         91.8742 
        1.98812         59.0166         8.77783         91.0597 
        2.00039         58.0376         8.64754         90.3218 
        2.01264         57.5404         8.52002         89.5655 
        2.02492          56.674         8.39489         88.8661 
        2.03717         55.8407         8.27248         88.0771 
        2.04942          55.307         8.15267         87.4676 
        2.06171         54.3582         8.03483         86.7058 
        2.07397         53.7904         7.91957         86.0683 
        2.08629         53.2734          7.8061         85.3162 
        2.09857         52.5087         7.69513         84.6647 
        2.11081         51.4451         7.58677         83.9136 
        2.12309         51.1788         7.48023         83.3317 
        2.13538         50.4014         7.37559          82.643 
        2.14763         49.8315         7.27331         81.9969 
        2.15986         48.9175          7.1732         81.3364 
        2.17214          48.453         7.07457         80.7143 
        2.18443         47.9813          6.9777         80.1186 
        2.19671         47.1126         6.88276          79.436 
        2.20898         46.8983         6.78971         78.8218 
        2.22126         46.1388         6.69827         78.1738 
        2.23354          45.504         6.60855         77.6137 
         2.2458          45.003         6.52063         77.0397 
        2.25807         44.5516         6.43423         76.3826 
        2.27035         43.9647         6.34933         75.7964 
        2.28263         43.2553         6.26599         75.1968 
         2.2949          42.855          6.1842         74.6358 
        2.30718          42.224         6.10384          74.093 
        2.31946         41.6659         6.02487         73.5473 
        2.33169         41.1649         5.94764         72.9702 
        2.34393         40.4833         5.87165         72.4151 
        2.35622         40.2543         5.79674         71.8564 
        2.36847         39.7266         5.72334         71.3484 
        2.38076         39.2507           5.651         70.7762 
        2.39305         38.7301         5.57993         70.2684 
        2.40534         38.3496         5.51008         69.6892 
        2.41762         37.9545         5.44143         69.1462 
        2.42989         37.3347         5.37405         68.6921 
        2.44216         37.0643         5.30783         68.1599 
         2.4544         36.6164         5.24287         67.6501 
        2.46667         36.1987         5.17885          67.115 
        2.47897         35.7641         5.11575           66.64 
        2.49124         35.2762         5.05387         66.1554 
        2.50349         34.7929         4.99311         65.6576 
        2.51578         34.3986         4.93316         65.2171 
        2.52805         34.2811          4.8743          64.715 
        2.54029          33.757         4.81655         64.2249 
        2.55257         33.2631         4.75957         63.7765 
        2.56487         33.0029         4.70339          63.333 
        2.57716         32.5878          4.6482         62.8989 
        2.58942         32.1994         4.59403         62.4165 
        2.60167         31.7461         4.54076         61.9497 
        2.61395         31.4963         4.48826         61.5169 
        2.62624         31.2438         4.43652         61.0686 
        2.63849          30.942         4.38576         60.6449 
        2.65073          30.599         4.33585           60.18 
        2.66302         30.2458         4.28654         59.7625 
         2.6753         29.8766         4.23802         59.3465 
        2.68756         29.4505         4.19035         58.8987 
        2.69983         29.2653         4.14339         58.5133 
        2.71213         28.9799         4.09704         58.1186 
        2.72441         28.7577         4.05149         57.6867 
        2.73665         28.4733         4.00674          57.275 
         2.7489         28.2664         3.96269          56.881 
        2.76118         27.8568         3.91917         56.4864 
        2.77349         27.7285          3.8762         56.1007 
        2.78576         27.5248         3.83404         55.6911 
        2.79802         27.1402         3.79253         55.3251 
        2.81031         26.9056         3.75154          54.948 
        2.82259         26.7016         3.71117         54.5466 
        2.83483         26.4256         3.67155         54.1731 
         2.8471         26.1194         3.63243         53.8119 
         2.8594         26.0058         3.59376         53.4571 
         2.8717         25.7146         3.55567         53.0849 
        2.88396         25.5366         3.51827         52.7002 
        2.89619         25.3009         3.48147         52.3427 
        2.90847         25.1368         3.44507         52.0019 
        2.92072          24.983         3.40924         51.6401 
        2.93299         24.8449         3.37391         51.2837 
        2.94526         24.5878         3.33905         50.9576 
        2.95753         24.4557         3.30469         50.6254 
        2.96982         24.3936         3.27075         50.2814 
        2.98209          24.156         3.23736         49.9497 
        2.99436         23.9541         3.20441         49.6052 
        3.00666         23.9388         3.17186         49.2793 
        3.01894         23.7352         3.13983         48.9318 
        3.03119         23.6361         3.10828         48.6145 
        3.04345         23.5262         3.07717          48.314 
        3.05573         23.4733         3.04642         47.9968 
          3.068         23.3497         3.01612         47.6779 
        3.08026         23.2009         2.98626         47.3603 
        3.09254          23.142         2.95676         47.0541 
        3.10483         23.1356         2.92765         46.7535 
         3.1171         23.0899         2.89897         46.4494 
        3.12933           23.02         2.87075         46.1455 
        3.14159         22.8998         2.84284         45.8439 
