# k  (h/Mpc)    P(k)  (Mpc/h)^3    P_linear(k)  (Mpc/h)^3     P_NL(k)  ShotnoiseSubtracted = false
      0.0156606         15791.7         15766.6         15657.3 
      0.0273761         13557.7         13610.9         13497.1 
      0.0384619         10263.5         10245.9           10151 
      0.0498308         7948.06         8055.04         7961.64 
      0.0625568         6708.95         6843.36         6758.32 
      0.0751274         5944.09         5812.85          5691.5 
      0.0867833         4622.74         4679.31         4644.03 
      0.0984825         3869.27         3702.68         3741.42 
       0.111151          3291.3         3091.41          3135.9 
       0.123864         2951.89         2785.81         2822.42 
       0.135742         2679.58         2505.02         2542.25 
        0.14762         2319.03         2141.84         2239.88 
       0.160083         1949.43         1785.29         1903.14 
       0.172465         1738.53         1558.18         1707.11 
       0.184281          1588.4         1436.43         1588.23 
       0.196406         1477.56         1326.52         1458.34 
       0.209011          1370.8         1180.24         1318.53 
       0.221538         1236.59         1031.41         1220.22 
       0.233611         1168.24         922.834         1135.25 
       0.245665         1067.87         851.733         1045.74 
       0.258103         1034.68         792.885         985.245 
       0.270422         929.593         728.564         921.589 
       0.282519         867.064         661.208         864.975 
       0.294636         858.115         602.431          815.39 
       0.306978         773.171         557.347          777.94 
       0.319417         750.034         521.086         732.423 
        0.33169         706.746         486.376         690.957 
       0.343948         674.269         450.653          666.86 
       0.356249         634.596         417.153         639.734 
       0.368458         614.917         389.093         606.881 
        0.38068         595.584          365.63         581.435 
       0.392856         562.013         344.209         558.896 
       0.405069         537.513         323.263          541.53 
       0.417459         515.685         302.984         516.991 
       0.429752         503.674          284.78          498.38 
       0.441978         486.951         268.801         484.257 
       0.454294         461.264         254.292         463.306 
        0.46658         452.003         240.678         452.198 
       0.478753         438.665         227.835         437.136 
       0.490964         422.546          215.77         422.814 
       0.503334         399.967         204.636         411.781 
       0.515665         398.734         194.483         402.826 
       0.527909          384.17         185.109         391.615 
       0.540159         374.458         176.241         380.627 
        0.55248         367.096         167.826         370.206 
       0.564743         361.853         160.036         363.265 
        0.57686         347.806         152.875         352.729 
       0.589077         336.176         146.115         344.934 
       0.601441           332.4         139.687         337.149 
        0.61382         326.221         133.627         330.605 
       0.626067         320.788         127.972           323.4 
       0.638306         306.888         122.647         317.231 
       0.650632         301.805         117.601         308.088 
       0.662899         299.431         112.873         304.173 
       0.675076         287.889         108.442         298.357 
       0.687267           280.7         104.243         291.458 
       0.699615         276.517         100.214         286.417 
       0.711937         272.061         96.4055         281.261 
       0.724148         263.848          92.827         277.025 
       0.736433         258.112         89.4125         271.356 
       0.748747         253.891         86.1648          266.19 
       0.761037         249.331         83.0861         261.913 
       0.773197         245.942         80.1897          258.43 
       0.785376         242.457         77.4282         253.706 
       0.797761         236.571         74.7539         249.998 
       0.810096         233.615         72.2165         246.338 
       0.822371         224.783         69.8093          242.25 
       0.834626         224.147         67.5163         238.598 
       0.846916         219.482         65.3208         235.119 
       0.859215         219.292         63.2222         231.699 
       0.871383         213.353         61.2371         228.094 
        0.88363         211.635         59.3259         225.723 
       0.895928         206.729         57.4895         222.208 
       0.908253         201.056         55.7277         218.512 
       0.920535         200.318          54.046         215.573 
       0.932774         193.792         52.4399         212.565 
        0.94508         191.982         50.8914         210.333 
       0.957324         191.514         49.4132         207.171 
        0.96953         188.842         47.9985          204.16 
       0.981769         182.959         46.6359         202.285 
       0.994071         182.092           45.32         199.627 
         1.0064         177.903         44.0528         196.593 
        1.01868         175.492          42.838         194.375 
        1.03092         172.325         41.6747         192.296 
         1.0432         168.965         40.5505           189.9 
        1.05553         166.376         39.4637         187.612 
        1.06777         166.174         38.4247         185.713 
           1.08          162.03         37.4243         183.291 
        1.09227         160.123         36.4565         181.412 
         1.1046           157.6         35.5194         179.385 
         1.1169         155.129         34.6171         176.938 
        1.12915         152.754         33.7507         175.256 
        1.14142         150.306         32.9122         172.968 
        1.15365         148.317         32.1049         171.154 
        1.16585         146.219         31.3268         168.922 
        1.17807         144.175         30.5737         167.704 
        1.19037         143.186         29.8405         165.963 
        1.20276          140.55         29.1265         163.924 
        1.21504         138.376         28.4415         162.162 
        1.22728         135.646         27.7815         160.158 
        1.23954         135.027         27.1409         158.907 
        1.25184          132.36         26.5194         157.101 
        1.26414         130.384         25.9171         155.452 
        1.27632         129.866          25.339         154.599 
         1.2886         127.536         24.7745         152.398 
        1.30093         124.101         24.2253         150.772 
        1.31316         123.554         23.6967         149.143 
        1.32541         121.761         23.1839         148.026 
        1.33772         120.572         22.6835         146.423 
        1.35005         118.885         22.1975         144.791 
        1.36225          117.42         21.7307         143.502 
        1.37447         115.296         21.2766         141.896 
        1.38676         114.275         20.8333          140.47 
        1.39907         111.861          20.402         139.183 
        1.41133         110.348         19.9848         138.034 
        1.42358          108.77         19.5796         136.701 
        1.43591         107.893          19.183         135.163 
        1.44818         106.841         18.7995         134.054 
        1.46037         104.739         18.4288         132.688 
        1.47263         103.576         18.0661         131.689 
        1.48494         102.289         17.7118         130.226 
        1.49724         100.768         17.3673         128.924 
        1.50952         98.9848         17.0326         127.793 
        1.52178         98.3509         16.7073         126.577 
        1.53409          96.845         16.3892         125.494 
        1.54637         95.2544         16.0801         124.376 
        1.55858         93.8906         15.7807         123.153 
        1.57081         92.5634         15.4885         122.093 
        1.58313         91.5056         15.2019         120.947 
        1.59544         90.4878         14.9227         119.885 
        1.60767         89.1371         14.6523          118.73 
        1.61994         87.7761         14.3877         117.956 
        1.63225         86.5579         14.1291         116.524 
        1.64452         85.2066         13.8776         115.565 
        1.65676         84.0723          13.633         114.611 
          1.669         83.4765         13.3941         113.686 
        1.68133         82.1497         13.1595         112.606 
        1.69363         81.2359         12.9311         111.692 
        1.70585         79.9686         12.7097         110.654 
        1.71809         78.7772         12.4929         109.731 
        1.73038           78.05         12.2806         108.721 
        1.74268         76.7806         12.0731         107.795 
        1.75493         76.0304         11.8713         106.824 
        1.76714         74.7614         11.6746         105.957 
        1.77942         74.1404         11.4815         104.982 
        1.79173         72.8603         11.2922         104.132 
        1.80402         72.1821         11.1075          103.31 
         1.8163         71.0877         10.9271         102.261 
         1.8286         70.0691         10.7504         101.502 
         1.8409         69.2997         10.5778         100.621 
        1.85315         68.1961         10.4095         99.8544 
        1.86537         67.4755         10.2452           98.98 
        1.87765         66.7878         10.0839         98.0451 
        1.88995         65.7248         9.92565         97.3343 
        1.90221         64.9028         9.77135         96.4938 
        1.91445         63.7086          9.6206         95.7004 
        1.92674         63.0613          9.4725         94.9304 
        1.93902         62.2506         9.32752         94.0763 
        1.95124         61.7777         9.18635         93.4167 
         1.9635         60.6863         9.04773         92.4824 
        1.97583          60.019         8.91111         91.8742 
        1.98812         59.2794         8.77783         91.0597 
        2.00039         58.2985         8.64754         90.3218 
        2.01264         57.7991         8.52002         89.5655 
        2.02492         56.9321         8.39489         88.8661 
        2.03717         56.1014         8.27248         88.0771 
        2.04942          55.561         8.15267         87.4676 
        2.06171         54.6184         8.03483         86.7058 
        2.07397         54.0475         7.91957         86.0683 
        2.08629         53.5315          7.8061         85.3162 
        2.09857         52.7713         7.69513         84.6647 
        2.11081         51.6994         7.58677         83.9136 
        2.12309          51.435         7.48023         83.3317 
        2.13538         50.6581         7.37559          82.643 
        2.14763         50.0891         7.27331         81.9969 
        2.15986         49.1782          7.1732         81.3364 
        2.17214         48.7055         7.07457         80.7143 
        2.18443         48.2406          6.9777         80.1186 
        2.19671         47.3668         6.88276          79.436 
        2.20898         47.1504         6.78971         78.8218 
        2.22126         46.3912         6.69827         78.1738 
        2.23354         45.7559         6.60855         77.6137 
         2.2458         45.2572         6.52063         77.0397 
        2.25807         44.8068         6.43423         76.3826 
        2.27035         44.2154         6.34933         75.7964 
        2.28263          43.505         6.26599         75.1968 
         2.2949         43.1007          6.1842         74.6358 
        2.30718         42.4739         6.10384          74.093 
        2.31946         41.9109         6.02487         73.5473 
        2.33169         41.4117         5.94764         72.9702 
        2.34393         40.7269         5.87165         72.4151 
        2.35622         40.4978         5.79674         71.8564 
        2.36847         39.9697         5.72334         71.3484 
        2.38076         39.4954           5.651         70.7762 
        2.39305          38.973         5.57993         70.2684 
        2.40534         38.5919         5.51008         69.6892 
        2.41762         38.1944         5.44143         69.1462 
        2.42989         37.5701         5.37405         68.6921 
        2.44216         37.3022         5.30783         68.1599 
         2.4544         36.8542         5.24287         67.6501 
        2.46667         36.4299         5.17885          67.115 
        2.47897         35.9958         5.11575           66.64 
        2.49124         35.5068         5.05387         66.1554 
        2.50349         35.0213         4.99311         65.6576 
        2.51578         34.6284         4.93316         65.2171 
        2.52805         34.5129          4.8743          64.715 
        2.54029         33.9853         4.81655         64.2249 
        2.55257         33.4904         4.75957         63.7765 
        2.56487         33.2275         4.70339          63.333 
        2.57716         32.8124          4.6482         62.8989 
        2.58942         32.4232         4.59403         62.4165 
        2.60167         31.9659         4.54076         61.9497 
        2.61395         31.7178         4.48826         61.5169 
        2.62624         31.4642         4.43652         61.0686 
        2.63849         31.1587         4.38576         60.6449 
        2.65073         30.8153         4.33585           60.18 
        2.66302         30.4639         4.28654         59.7625 
         2.6753         30.0912         4.23802         59.3465 
        2.68756         29.6643         4.19035         58.8987 
        2.69983          29.476         4.14339         58.5133 
        2.71213         29.1891         4.09704         58.1186 
        2.72441           28.97         4.05149         57.6867 
        2.73665         28.6829         4.00674          57.275 
         2.7489         28.4744         3.96269          56.881 
        2.76118         28.0646         3.91917         56.4864 
        2.77349         27.9334          3.8762         56.1007 
        2.78576         27.7304         3.83404         55.6911 
        2.79802          27.345         3.79253         55.3251 
        2.81031         27.1088         3.75154          54.948 
        2.82259         26.9015         3.71117         54.5466 
        2.83483         26.6263         3.67155         54.1731 
         2.8471         26.3183         3.63243         53.8119 
         2.8594         26.2024         3.59376         53.4571 
         2.8717         25.9092         3.55567         53.0849 
        2.88396         25.7324         3.51827         52.7002 
        2.89619         25.4964         3.48147         52.3427 
        2.90847         25.3296         3.44507         52.0019 
        2.92072         25.1782         3.40924         51.6401 
        2.93299         25.0395         3.37391         51.2837 
        2.94526         24.7792         3.33905         50.9576 
        2.95753         24.6463         3.30469         50.6254 
        2.96982         24.5861         3.27075         50.2814 
        2.98209          24.347         3.23736         49.9497 
        2.99436         24.1423         3.20441         49.6052 
        3.00666         24.1292         3.17186         49.2793 
        3.01894         23.9255         3.13983         48.9318 
        3.03119          23.823         3.10828         48.6145 
        3.04345          23.714         3.07717          48.314 
        3.05573         23.6599         3.04642         47.9968 
          3.068         23.5373         3.01612         47.6779 
        3.08026         23.3893         2.98626         47.3603 
        3.09254         23.3289         2.95676         47.0541 
        3.10483         23.3227         2.92765         46.7535 
         3.1171         23.2755         2.89897         46.4494 
        3.12933          23.208         2.87075         46.1455 
        3.14159         23.0859         2.84284         45.8439 
