# k  (h/Mpc)    P(k)  (Mpc/h)^3    P_linear(k)  (Mpc/h)^3     P_NL(k)  ShotnoiseSubtracted = false
      0.0156606         3511.48         3445.41         3428.04 
      0.0273761         3043.76         2976.91         2967.74 
      0.0384619         2311.41         2242.08          2238.3 
      0.0498308         1809.21         1763.24         1760.81 
      0.0625568         1526.11         1498.38         1494.94 
      0.0751274         1324.08         1272.95         1266.94 
      0.0867833         1047.95         1024.82         1023.94 
      0.0984825         851.899         810.995         814.678 
       0.111151         714.337         677.152         680.771 
       0.123864         641.714         610.241         613.088 
       0.135742         576.999         548.752         551.617 
        0.14762         490.651         469.206         475.946 
       0.160083         407.327         391.107         398.762 
       0.172465         359.629          341.36         350.597 
       0.184281         333.381         314.692          324.51 
       0.196406         304.017         290.617         298.232 
       0.209011         274.684         258.573         267.161 
       0.221538         244.581         225.968         237.974 
       0.233611         221.077         202.182          215.54 
       0.245665         207.719         186.606         198.499 
       0.258103         187.576         173.714         185.562 
       0.270422         175.939         159.623          171.17 
       0.282519         159.727         144.866         157.146 
       0.294636         153.309         131.989         144.943 
       0.306978         135.406         122.112         135.518 
       0.319417         129.356         114.168         127.115 
        0.33169         120.333         106.563         119.076 
       0.343948         114.487         98.7369         111.539 
       0.356249         105.316         91.3972         105.279 
       0.368458         100.743         85.2496         98.1661 
        0.38068         94.6924         80.1091         92.9044 
       0.392856          88.393         75.4159         88.3104 
       0.405069          83.751         70.8268         83.4409 
       0.417459         78.7908         66.3838         78.9735 
       0.429752         75.5479         62.3953         75.0295 
       0.441978         72.0439         58.8944         71.9502 
       0.454294         67.0132         55.7155         68.1136 
        0.46658         66.6976         52.7327         65.1186 
       0.478753         62.0327         49.9188         62.3399 
       0.490964         60.0151         47.2755         59.8062 
       0.503334         57.5258         44.8361         57.1076 
       0.515665          54.878         42.6115         55.2777 
       0.527909         52.5747         40.5578         52.3879 
       0.540159         50.5361         38.6147         50.4883 
        0.55248         47.3985         36.7711         48.4288 
       0.564743         46.6842         35.0641         46.8581 
        0.57686         45.1888         33.4952         45.1359 
       0.589077         42.6631         32.0141         43.7216 
       0.601441         41.2952         30.6058         42.1941 
        0.61382         39.9355          29.278          40.576 
       0.626067          38.313          28.039         39.3874 
       0.638306         37.1135         26.8722         37.9921 
       0.650632         36.0223         25.7667          36.761 
       0.662899         34.7342         24.7308         35.5474 
       0.675076         33.1958         23.7599         34.4621 
       0.687267         32.7802           22.84         33.3939 
       0.699615         31.6162         21.9572         32.5306 
       0.711937         30.1231         21.1227         31.4397 
       0.724148         29.9852         20.3387         30.7228 
       0.736433         28.2572         19.5906         29.7725 
       0.748747         27.8407          18.879         28.9635 
       0.761037         27.1004         18.2044         28.2472 
       0.773197         26.2998         17.5698         27.5543 
       0.785376         25.2878         16.9648         26.8324 
       0.797761         24.8368         16.3788         26.1732 
       0.810096         24.2764         15.8229         25.5294 
       0.822371          23.625         15.2955         24.8218 
       0.834626         22.9051         14.7931         24.3342 
       0.846916         22.2595          14.312         23.7154 
       0.859215         21.4879         13.8522         23.1744 
       0.871383         21.1454         13.4173         22.7081 
        0.88363         20.5998         12.9985         22.2055 
       0.895928          20.177         12.5962         21.6468 
       0.908253         19.7159         12.2101         21.2488 
       0.920535         19.1929         11.8417         20.7648 
       0.932774         18.8904         11.4898         20.2832 
        0.94508         18.3415         11.1505          19.891 
       0.957324          18.003         10.8266          19.515 
        0.96953         17.4344         10.5167          19.095 
       0.981769         17.2765         10.2181         18.7506 
       0.994071         16.7905         9.92978         18.3588 
         1.0064         16.3408         9.65214         18.0288 
        1.01868         16.0234         9.38598          17.705 
        1.03092         15.8409         9.13108         17.3513 
         1.0432         15.2948         8.88478         17.0101 
        1.05553         15.0535         8.64665         16.7838 
        1.06777         14.6187           8.419         16.4126 
           1.08         14.3561         8.19982         16.1474 
        1.09227         14.0922         7.98777         15.8893 
         1.1046         13.8718         7.78245         15.5779 
         1.1169          13.512         7.58474         15.3119 
        1.12915         13.4472         7.39491         15.1063 
        1.14142         12.9434          7.2112         14.8272 
        1.15365         12.8479         7.03431         14.5848 
        1.16585         12.6897         6.86384          14.386 
        1.17807         12.3121         6.69883         14.1071 
        1.19037         12.1536         6.53818         13.9263 
        1.20276         11.8996         6.38173          13.692 
        1.21504         11.7317         6.23166         13.5065 
        1.22728          11.438         6.08705         13.2824 
        1.23954         11.2803         5.94669         13.1009 
        1.25184         11.0656         5.81052         12.9098 
        1.26414         10.9162         5.67856         12.6982 
        1.27632         10.6624         5.55189          12.521 
         1.2886         10.5516         5.42821         12.3549 
        1.30093         10.3283         5.30787         12.2237 
        1.31316         10.1607         5.19206         12.0167 
        1.32541         10.0081          5.0797         11.8903 
        1.33772         9.81679         4.97005         11.7011 
        1.35005           9.705         4.86357         11.5612 
        1.36225         9.52344          4.7613          11.388 
        1.37447         9.36496         4.66179         11.2536 
        1.38676         9.21719         4.56467          11.119 
        1.39907         9.05599         4.47017         10.9694 
        1.41133         8.93096         4.37875         10.8349 
        1.42358         8.76204         4.28999         10.6877 
        1.43591         8.66844         4.20308         10.5819 
        1.44818         8.48869         4.11906         10.4485 
        1.46037         8.39341         4.03784         10.3088 
        1.47263         8.25399         3.95837         10.2066 
        1.48494         8.17986         3.88074         10.0602 
        1.49724         8.01934         3.80525         9.96238 
        1.50952         7.97966         3.73193         9.85075 
        1.52178         7.81264         3.66065         9.72886 
        1.53409         7.67202         3.59095         9.61404 
        1.54637         7.60996         3.52322         9.49456 
        1.55858         7.52466         3.45762         9.39793 
        1.57081         7.34736          3.3936         9.31061 
        1.58313         7.29987          3.3308         9.20379 
        1.59544         7.14965         3.26963         9.11312 
        1.60767         7.07786         3.21039         9.00393 
        1.61994         6.97577         3.15242         8.92275 
        1.63225         6.88424         3.09576         8.82737 
        1.64452         6.77639         3.04065         8.73565 
        1.65676         6.68676         2.98706         8.64551 
          1.669         6.63823         2.93472         8.55408 
        1.68133         6.49099          2.8833         8.46518 
        1.69363         6.43066         2.83327         8.39168 
        1.70585         6.34468         2.78475          8.3032 
        1.71809         6.27256         2.73726         8.22667 
        1.73038         6.21232         2.69074         8.14915 
        1.74268         6.12339         2.64527         8.07146 
        1.75493         6.03043         2.60105         7.98002 
        1.76714         6.00801         2.55797          7.9172 
        1.77942         5.91132         2.51564         7.83319 
        1.79173         5.82644         2.47416         7.76021 
        1.80402         5.77958         2.43371         7.69134 
         1.8163         5.71434         2.39418         7.62999 
         1.8286         5.62181         2.35547         7.56056 
         1.8409         5.55316         2.31764         7.49816 
        1.85315         5.49003         2.28077         7.41841 
        1.86537         5.45132         2.24478         7.35871 
        1.87765         5.37441         2.20943         7.28998 
        1.88995         5.28602         2.17476         7.23324 
        1.90221         5.25015         2.14095          7.1626 
        1.91445         5.18125         2.10792         7.11787 
        1.92674          5.1411         2.07547         7.04222 
        1.93902         5.08143          2.0437         6.98713 
        1.95124         5.01775         2.01277         6.92024 
         1.9635          4.9752          1.9824         6.87498 
        1.97583         4.92226         1.95247         6.81498 
        1.98812         4.85867         1.92326         6.74922 
        2.00039         4.80505         1.89472         6.70708 
        2.01264         4.76224         1.86678         6.65453 
        2.02492         4.71598         1.83936         6.59723 
        2.03717         4.65935         1.81254          6.5442 
        2.04942         4.59186         1.78629         6.49887 
        2.06171         4.56041         1.76047         6.44516 
        2.07397         4.51858         1.73522          6.3939 
        2.08629         4.47068         1.71036         6.34829 
        2.09857         4.41852         1.68604         6.29758 
        2.11081         4.37871          1.6623         6.25526 
        2.12309         4.33075         1.63896         6.19864 
        2.13538         4.28918         1.61603         6.16163 
        2.14763         4.24923         1.59362         6.11304 
        2.15986         4.21707         1.57168         6.06896 
        2.17214         4.16861         1.55007         6.01705 
        2.18443           4.135         1.52885         5.97647 
        2.19671         4.08347         1.50805         5.93407 
        2.20898         4.04744         1.48766         5.89432 
        2.22126         4.01625         1.46762         5.84912 
        2.23354         3.97325         1.44797         5.80419 
         2.2458         3.94348          1.4287         5.76092 
        2.25807         3.90647         1.40977         5.72622 
        2.27035         3.86878         1.39117          5.6892 
        2.28263         3.83633         1.37291         5.64733 
         2.2949         3.80297         1.35499         5.61287 
        2.30718         3.76913         1.33738         5.58124 
        2.31946          3.7438         1.32008         5.54175 
        2.33169         3.70299         1.30316         5.49913 
        2.34393         3.68653         1.28651         5.46298 
        2.35622         3.65703         1.27009         5.42442 
        2.36847         3.61736         1.25401         5.38928 
        2.38076         3.59719         1.23816         5.35237 
        2.39305         3.55351         1.22259         5.31452 
        2.40534         3.53049         1.20729         5.28174 
        2.41762         3.48788         1.19224         5.25379 
        2.42989         3.47704         1.17748         5.21727 
        2.44216         3.45732         1.16297         5.18624 
         2.4544         3.41667         1.14874         5.15115 
        2.46667         3.40005         1.13471         5.11959 
        2.47897          3.3656         1.12089         5.08655 
        2.49124         3.33647         1.10733         5.05442 
        2.50349         3.32363         1.09402         5.02693 
        2.51578         3.28401         1.08088         4.99286 
        2.52805         3.26952         1.06799         4.96225 
        2.54029         3.24775         1.05533         4.93274 
        2.55257         3.23133         1.04285         4.90491 
        2.56487         3.20178         1.03054         4.87044 
        2.57716         3.19316         1.01845         4.84201 
        2.58942         3.15601         1.00657          4.8145 
        2.60167         3.13994        0.994905         4.78384 
        2.61395         3.10898        0.983402         4.75789 
        2.62624          3.1101        0.972066         4.73188 
        2.63849         3.07824        0.960944         4.70018 
        2.65073         3.05809        0.950007         4.67221 
        2.66302         3.04396        0.939203          4.6463 
         2.6753          3.0294        0.928573         4.61961 
        2.68756         3.00063        0.918129         4.59486 
        2.69983          2.9883        0.907838         4.56537 
        2.71213         2.97942        0.897684         4.53934 
        2.72441          2.9612        0.887703         4.51461 
        2.73665         2.94422        0.877898         4.48857 
         2.7489          2.9214        0.868247         4.46657 
        2.76118         2.90662        0.858711         4.44598 
        2.77349          2.9044        0.849296         4.41673 
        2.78576         2.88741        0.840059         4.39175 
        2.79802         2.87969        0.830964         4.36966 
        2.81031         2.85909        0.821982         4.34456 
        2.82259         2.84565        0.813137         4.32048 
        2.83483         2.84388        0.804456         4.29808 
         2.8471         2.82696        0.795885         4.27486 
         2.8594         2.81993        0.787412         4.25381 
         2.8717         2.80587        0.779065         4.22881 
        2.88396         2.79968        0.770871          4.2049 
        2.89619         2.77541        0.762809         4.18457 
        2.90847          2.7747        0.754833         4.15914 
        2.92072         2.77427        0.746983         4.13923 
        2.93299         2.76558        0.739242          4.1178 
        2.94526         2.76582        0.731603         4.09683 
        2.95753         2.74641        0.724074         4.07569 
        2.96982         2.73584        0.716639         4.05432 
        2.98209         2.74044        0.709323          4.0344 
        2.99436         2.73025        0.702103          4.0133 
        3.00666         2.73712        0.694972         3.99358 
        3.01894         2.72794        0.687953         3.96983 
        3.03119         2.73029        0.681041         3.95061 
        3.04345         2.72254        0.674224         3.93316 
        3.05573         2.72443        0.667486         3.91317 
          3.068         2.72219        0.660848         3.89415 
        3.08026         2.72969        0.654307         3.87405 
        3.09254         2.72625        0.647842         3.85365 
        3.10483         2.73014        0.641463         3.83562 
         3.1171         2.73136        0.635179         3.81807 
        3.12933         2.73915        0.628996         3.79794 
        3.14159         2.73408        0.622883         3.77714 
