# k  (h/Mpc)    Pcb(k)  (Mpc/h)^3    Pcb_linear(k) (Mpc/h)^3    Pcb_NL(k) (Mpc/h)^3   ShotnoiseSubtracted = false
      0.0156606         19612.6         19710.9         19561.7 
      0.0273761         16828.9         17042.1         16870.8 
      0.0384619         12735.5         12839.1         12689.7 
      0.0498308          9846.9         10098.7         9949.16 
      0.0625568         8318.67         8582.61         8448.62 
      0.0751274          7398.1          7291.8         7102.79 
      0.0867833         5738.37         5870.68         5813.05 
      0.0984825         4835.36         4645.88         4700.09 
       0.111151         4129.28         3879.21         3944.97 
       0.123864         3701.33         3495.94          3549.4 
       0.135742         3370.01         3143.72         3197.56 
        0.14762         2928.94         2688.03         2831.07 
       0.160083         2479.73         2240.63         2415.76 
       0.172465            2212         1955.64         2178.25 
       0.184281         2010.51         1802.86         2027.14 
       0.196406          1887.9         1664.94         1865.22 
       0.209011         1762.06         1481.37         1689.41 
       0.221538          1588.3         1294.57         1573.75 
       0.233611         1516.23         1158.31         1472.01 
       0.245665         1377.36         1069.07         1358.27 
       0.258103         1355.58         995.215         1281.71 
       0.270422         1211.14         914.487          1202.7 
       0.282519         1139.78         829.948         1135.81 
       0.294636         1123.11         756.174         1074.56 
       0.306978         1021.61         699.588         1028.56 
       0.319417         998.231         654.074         969.392 
        0.33169         939.605         610.508         916.965 
       0.343948         899.895         565.671         887.952 
       0.356249         851.165         523.622         854.216 
       0.368458         820.708         488.402         814.501 
        0.38068         803.743         458.949         782.607 
       0.392856           761.8         432.062         754.385 
       0.405069         724.999         405.772           730.7 
       0.417459          697.27         380.317         702.674 
       0.429752         689.662         357.466         677.981 
       0.441978         665.843          337.41         660.263 
       0.454294         635.159         319.198         632.909 
        0.46658         618.172          302.11         619.432 
       0.478753         604.933         285.989         600.109 
       0.490964         581.765         270.847          581.48 
       0.503334         555.072          256.87         567.897 
       0.515665         553.825         244.125          555.41 
       0.527909         531.811         232.359         542.662 
       0.540159         518.482         221.228         528.352 
        0.55248         508.461         210.665         514.478 
       0.564743         504.381         200.885         505.636 
        0.57686         486.059         191.897         491.939 
       0.589077          474.49         183.412         480.955 
       0.601441         466.543         175.344         471.162 
        0.61382         454.817         167.737         462.925 
       0.626067         449.424         160.638         453.795 
       0.638306         432.358         153.953         444.849 
       0.650632         427.858          147.62          433.48 
       0.662899         424.197         141.685         428.406 
       0.675076         409.038         136.123         421.833 
       0.687267         398.363         130.852         411.766 
       0.699615         395.065         125.795         405.232 
       0.711937         388.674         121.014         397.815 
       0.724148         375.722         116.522         392.169 
       0.736433         367.095         112.236         384.907 
       0.748747         362.457          108.16         377.957 
       0.761037         355.772         104.295         373.013 
       0.773197         351.408         100.659         367.293 
       0.785376         346.211         97.1929         361.707 
       0.797761         336.669          93.836         356.006 
       0.810096         334.053          90.651         351.539 
       0.822371         323.345         87.6293         345.757 
       0.834626         321.442          84.751         341.362 
       0.846916         315.025          81.995         336.125 
       0.859215         313.921         79.3608         331.312 
       0.871383         306.048          76.869         326.753 
        0.88363         304.094           74.47         323.403 
       0.895928         298.289         72.1647          318.28 
       0.908253         290.828         69.9532         313.174 
       0.920535         287.625         67.8423         309.349 
       0.932774         281.284         65.8262         304.904 
        0.94508         277.729         63.8824         301.742 
       0.957324         276.314         62.0269         297.598 
        0.96953         272.401         60.2511         293.852 
       0.981769         265.064         58.5406         290.758 
       0.994071         264.176         56.8888         287.123 
         1.0064         258.663         55.2982         282.918 
        1.01868         255.755         53.7733         279.337 
        1.03092         248.746          52.313         276.777 
         1.0432         245.608         50.9019         273.418 
        1.05553         242.675         49.5376         269.755 
        1.06777         241.263         48.2334         266.884 
           1.08         235.517         46.9777         263.798 
        1.09227         233.543         45.7628         260.674 
         1.1046         229.836         44.5865         258.113 
         1.1169         224.724         43.4538         254.608 
        1.12915         221.858         42.3662         252.256 
        1.14142         218.068         41.3138         249.099 
        1.15365         215.303         40.3003         246.472 
        1.16585         211.777         39.3237         243.509 
        1.17807         209.483         38.3783         241.285 
        1.19037         206.996         37.4579         239.102 
        1.20276         204.128         36.5616         236.007 
        1.21504         199.813         35.7018         233.425 
        1.22728         196.607         34.8733         230.523 
        1.23954         195.845         34.0692         228.707 
        1.25184         191.874          33.289         226.182 
        1.26414          188.36          32.533         223.942 
        1.27632         187.568         31.8074         222.136 
         1.2886         186.032         31.0988          219.41 
        1.30093         180.855         30.4093         216.834 
        1.31316         177.733         29.7459         214.467 
        1.32541         176.557         29.1021         212.579 
        1.33772         174.526         28.4739         210.435 
        1.35005         171.922         27.8639         208.075 
        1.36225         169.039          27.278         206.152 
        1.37447         166.754         26.7079         203.632 
        1.38676         164.891         26.1515         202.043 
        1.39907         162.303         25.6101         199.764 
        1.41133         159.661         25.0863         197.848 
        1.42358         157.788         24.5778         195.984 
        1.43591         155.977         24.0799         194.014 
        1.44818         153.459         23.5985         192.157 
        1.46037         151.659         23.1332         190.129 
        1.47263         149.463         22.6779         188.562 
        1.48494          147.44         22.2331         186.249 
        1.49724         145.412         21.8007         184.871 
        1.50952         142.775         21.3806         182.982 
        1.52178         142.087         20.9723         180.984 
        1.53409         139.082          20.573         179.479 
        1.54637         137.487         20.1849         177.988 
        1.55858           135.3         19.8091          176.05 
        1.57081         133.353         19.4423         174.522 
        1.58313         131.612         19.0825         172.743 
        1.59544          129.47         18.7321         171.221 
        1.60767          128.46         18.3927         169.646 
        1.61994         126.136         18.0605          168.19 
        1.63225         124.584         17.7359         166.346 
        1.64452         122.375         17.4202         164.856 
        1.65676         120.651         17.1132         163.458 
          1.669         119.791         16.8133         162.025 
        1.68133         117.293         16.5187         160.543 
        1.69363         115.661         16.2321         159.109 
        1.70585         113.691         15.9541         157.703 
        1.71809         112.377         15.6821         156.023 
        1.73038         111.584         15.4155         154.778 
        1.74268         110.404          15.155         153.296 
        1.75493         107.636         14.9017         151.991 
        1.76714         106.922         14.6549         150.741 
        1.77942         105.156         14.4124         149.218 
        1.79173          103.62         14.1747         147.996 
        1.80402         102.774          13.943          146.69 
         1.8163         100.603         13.7165         145.391 
         1.8286          99.348         13.4947         144.064 
         1.8409         98.6794          13.278         142.735 
        1.85315         96.7895         13.0668         141.591 
        1.86537         95.8408         12.8606         140.416 
        1.87765          94.818          12.658          139.21 
        1.88995         93.1955         12.4594         137.961 
        1.90221         91.9626         12.2657         136.822 
        1.91445         90.8553         12.0765         135.526 
        1.92674         89.3783         11.8906         134.388 
        1.93902         88.2053         11.7086         133.184 
        1.95124         87.2605         11.5314         132.075 
         1.9635         85.8304         11.3574         130.891 
        1.97583         84.5722         11.1859         129.847 
        1.98812         83.5298         11.0186          128.81 
        2.00039         82.5559          10.855         127.642 
        2.01264         81.5731          10.695          126.59 
        2.02492         80.6902         10.5379         125.474 
        2.03717         79.3023         10.3842         124.435 
        2.04942         78.8288         10.2338         123.473 
        2.06171         77.0405         10.0859           122.4 
        2.07397         76.2497         9.94124         121.424 
        2.08629         75.3641          9.7988          120.37 
        2.09857          74.268          9.6595         119.403 
        2.11081         73.0509         9.52348         118.299 
        2.12309         72.0891         9.38975          117.47 
        2.13538         71.2348          9.2584         116.437 
        2.14763         70.3261            9.13          115.51 
        2.15986         69.2297         9.00434         114.502 
        2.17214         68.5661         8.88053          113.57 
        2.18443         67.7079         8.75893         112.808 
        2.19671          66.514         8.63976         111.842 
        2.20898         66.0086         8.52295         110.869 
        2.22126         65.0419         8.40817             110 
        2.23354         64.3235         8.29555         109.142 
         2.2458         63.2187         8.18519          108.28 
        2.25807         62.4567         8.07673          107.38 
        2.27035         61.6868         7.97015         106.503 
        2.28263         60.8681         7.86555         105.671 
         2.2949         60.0852         7.76287         104.845 
        2.30718         59.0962           7.662         104.039 
        2.31946         58.7548         7.56287         103.158 
        2.33169         57.6928         7.46593         102.373 
        2.34393          57.183         7.37053         101.621 
        2.35622         56.2288          7.2765         100.809 
        2.36847         55.8146         7.18437         100.121 
        2.38076         54.8588         7.09356         99.2089 
        2.39305         54.2646         7.00435         98.5378 
        2.40534         53.6176         6.91666         97.7261 
        2.41762         53.0025         6.83049         96.9285 
        2.42989         52.2383         6.74592         96.2527 
        2.44216         51.6784         6.66278         95.4582 
         2.4544         50.9433         6.58125         94.7481 
        2.46667         50.3842         6.50088         94.0088 
        2.47897         49.8382         6.42167         93.2712 
        2.49124         49.2388           6.344         92.6059 
        2.50349         48.9044         6.26772         91.8832 
        2.51578         48.0599         6.19247         91.2816 
        2.52805         47.5404         6.11859         90.5176 
        2.54029         47.0703          6.0461         89.7959 
        2.55257          46.432         5.97456         89.1833 
        2.56487         46.0958         5.90405         88.5581 
        2.57716         45.3887         5.83477         87.8946 
        2.58942          44.778         5.76677         87.2245 
        2.60167         44.3882         5.69991         86.5923 
        2.61395          43.787         5.63401          85.961 
        2.62624         43.3964         5.56906         85.2697 
        2.63849         42.8512         5.50534         84.6668 
        2.65073         42.4868         5.44268         84.0453 
        2.66302         41.9327         5.38078         83.4128 
         2.6753         41.5066         5.31988         82.8346 
        2.68756         41.0658         5.26005         82.2108 
        2.69983         40.5956         5.20109         81.6532 
        2.71213          40.212         5.14292         81.0702 
        2.72441          39.815         5.08574         80.4729 
        2.73665         39.2561         5.02956         79.9062 
         2.7489         38.9837         4.97427         79.3405 
        2.76118          38.543         4.91964          78.775 
        2.77349         38.1556         4.86569         78.2136 
        2.78576         37.8456         4.81278         77.6235 
        2.79802         37.4674         4.76067          77.154 
        2.81031         36.9987         4.70922         76.5859 
        2.82259         36.8993         4.65854         76.0179 
        2.83483         36.3929          4.6088         75.5311 
         2.8471         36.0683          4.5597          74.988 
         2.8594         35.7611         4.51116         74.4424 
         2.8717         35.6022         4.46334         73.9521 
        2.88396         35.1683         4.41639         73.4297 
        2.89619         35.0183         4.37021         72.8817 
        2.90847         34.5966         4.32451         72.3671 
        2.92072         34.4052         4.27954         71.9105 
        2.93299          34.232         4.23518         71.4279 
        2.94526         33.8616         4.19142         70.9365 
        2.95753         33.6488         4.14829         70.4397 
        2.96982         33.4168         4.10569         69.9643 
        2.98209         33.1513         4.06378         69.5039 
        2.99436         32.9031         4.02241         68.9975 
        3.00666         32.8805         3.98156         68.5414 
        3.01894         32.5313         3.94135         68.0719 
        3.03119         32.4829         3.90175         67.6328 
        3.04345         32.3497         3.86269         67.2015 
        3.05573         31.9826         3.82409         66.7468 
          3.068         31.9915         3.78606            66.3 
        3.08026         31.8056         3.74858         65.8536 
        3.09254         31.7292         3.71154         65.4252 
        3.10483          31.685           3.675         65.0004 
         3.1171         31.4747           3.639         64.5679 
        3.12933         31.4065         3.60358         64.1342 
        3.14159         31.2725         3.56855         63.6963 
