# k  (h/Mpc)    P(k)  (Mpc/h)^3    P_linear(k)  (Mpc/h)^3     P_NL(k)  ShotnoiseSubtracted = false
      0.0156606         20471.9         20657.8         20498.3 
      0.0273761         17529.5         17830.8         17644.5 
      0.0384619         13249.2         13421.3         13257.6 
      0.0498308         10233.4         10550.7         10386.6 
      0.0625568          8642.5         8963.17         8816.66 
      0.0751274         7689.74         7613.18            7407 
      0.0867833         5959.99         6128.41         6065.07 
      0.0984825         5029.05         4849.24         4907.19 
       0.111151         4298.15         4048.62         4119.82 
       0.123864          3851.7         3648.35         3706.08 
       0.135742         3509.27         3280.59         3338.61 
        0.14762         3052.61         2804.95            2959 
       0.160083         2589.06            2338         2527.31 
       0.172465         2309.42         2040.56         2281.42 
       0.184281         2096.33         1881.11          2123.2 
       0.196406         1973.09         1737.17         1954.63 
       0.209011         1844.05         1545.61         1771.13 
       0.221538         1661.51         1350.69            1652 
       0.233611         1589.66          1208.5         1546.87 
       0.245665         1442.47         1115.39            1428 
       0.258103         1424.12         1038.32         1347.99 
       0.270422         1271.45         954.091         1265.75 
       0.282519         1198.87         865.884         1196.99 
       0.294636         1179.58         788.911         1133.26 
       0.306978          1075.4         729.872         1085.49 
       0.319417         1052.65         682.384         1023.28 
        0.33169         990.332          636.93         968.597 
       0.343948         949.583         590.149         938.459 
       0.356249         899.274         546.279         903.326 
       0.368458         865.713         509.533         862.367 
        0.38068         849.919         478.807         829.151 
       0.392856         806.375         450.755         799.809 
       0.405069         766.417         423.325         774.403 
       0.417459         737.324         396.769         745.955 
       0.429752         731.508         372.929         719.867 
       0.441978         706.091         352.005         701.396 
       0.454294         674.444         333.004         672.636 
        0.46658         655.881         315.176         658.636 
       0.478753         642.765         298.357         638.434 
       0.490964         618.066         282.558         618.827 
       0.503334         590.777         267.978         604.766 
       0.515665         589.187         254.681         591.357 
       0.527909         565.398         242.407         578.376 
       0.540159         551.407         230.793         563.444 
        0.55248         540.716         219.774         548.764 
       0.564743         536.583         209.572         539.431 
        0.57686         517.781         200.194          525.04 
       0.589077         506.786         191.342         513.391 
       0.601441          497.13         182.925         503.191 
        0.61382         484.066         174.989         494.445 
       0.626067         478.713         167.583         484.961 
       0.638306         460.943         160.609         475.289 
       0.650632         456.549         154.002         463.547 
       0.662899         452.754          147.81         458.076 
       0.675076         437.216         142.008         451.419 
       0.687267         425.445         136.509         440.672 
       0.699615          422.84         131.233         433.724 
       0.711937         415.442         126.246         425.704 
       0.724148         401.719          121.56         419.817 
       0.736433         392.415         117.088         412.209 
       0.748747         387.563         112.835         404.854 
       0.761037         380.562         108.804          399.76 
       0.773197         375.626         105.011         393.445 
       0.785376         370.336         101.394         387.634 
       0.797761         359.771         97.8924         381.628 
       0.810096         356.847         94.5696         376.861 
       0.822371         346.188         91.4173         370.694 
       0.834626         343.692         88.4145         366.163 
       0.846916         337.379         85.5394         360.485 
       0.859215         335.282         82.7912         355.294 
       0.871383         327.238         80.1917         350.516 
        0.88363         324.737          77.689         346.944 
       0.895928         319.141         75.2841         341.484 
       0.908253         311.215          72.977         335.971 
       0.920535         306.941         70.7748         332.057 
       0.932774         301.123         68.6716         327.182 
        0.94508         296.992         66.6437         323.822 
       0.957324         295.109         64.7079         319.447 
        0.96953         291.098         62.8554         315.518 
       0.981769         283.646          61.071         312.108 
       0.994071         282.721         59.3478         308.253 
         1.0064         277.046         57.6884         303.759 
        1.01868         274.064         56.0976         299.881 
        1.03092         266.134         54.5741         297.203 
         1.0432         263.295          53.102         293.604 
        1.05553         260.263         51.6787          289.62 
        1.06777         258.058         50.3182          286.47 
           1.08          252.08         49.0082         283.233 
        1.09227         250.592         47.7408         279.838 
         1.1046         246.298         46.5136         277.126 
         1.1169         240.755          45.332         273.398 
        1.12915         237.737         44.1974         270.797 
        1.14142         233.372         43.0994          267.48 
        1.15365         230.682         42.0421         264.659 
        1.16585         226.707         41.0233         261.574 
        1.17807         224.445         40.0371         259.023 
        1.19037         221.451         39.0769         256.753 
        1.20276         218.437         38.1418         253.405 
        1.21504          213.83         37.2449         250.605 
        1.22728         210.619         36.3806           247.6 
        1.23954         209.656         35.5417         245.488 
        1.25184         205.199         34.7278         242.827 
        1.26414         201.262         33.9391          240.47 
        1.27632         200.256         33.1821         238.412 
         1.2886         198.796         32.4429         235.578 
        1.30093         193.581         31.7236         232.727 
        1.31316         189.853         31.0315         230.282 
        1.32541         188.785         30.3599         228.111 
        1.33772         186.217         29.7046         225.893 
        1.35005          183.72         29.0682         223.355 
        1.36225         180.419          28.457         221.275 
        1.37447          177.89         27.8622         218.559 
        1.38676         176.055         27.2818         216.941 
        1.39907         173.427         26.7169         214.406 
        1.41133         170.425         26.1706          212.27 
        1.42358         168.468           25.64         210.269 
        1.43591         166.517         25.1206         208.249 
        1.44818         163.526         24.6185         206.178 
        1.46037          161.95          24.133         203.984 
        1.47263         159.196         23.6581         202.226 
        1.48494         157.372         23.1941         199.745 
        1.49724         155.103         22.7429         198.369 
        1.50952         152.255         22.3047         196.255 
        1.52178         151.334         21.8787         194.134 
        1.53409         148.257         21.4621         192.483 
        1.54637          146.41         21.0573         190.894 
        1.55858         144.433         20.6652         188.813 
        1.57081         142.168         20.2826         187.121 
        1.58313         140.298         19.9073         185.212 
        1.59544          137.83         19.5417         183.562 
        1.60767         136.781         19.1876         181.907 
        1.61994          134.36         18.8411          180.24 
        1.63225         132.569         18.5025          178.33 
        1.64452         130.334         18.1731         176.737 
        1.65676          128.56         17.8528         175.216 
          1.669         127.433           17.54         173.615 
        1.68133         124.898         17.2327         172.031 
        1.69363         122.912         16.9336         170.518 
        1.70585         120.946         16.6436             169 
        1.71809           119.5         16.3598         167.175 
        1.73038         118.485         16.0818         165.833 
        1.74268         117.332           15.81         164.226 
        1.75493         114.259         15.5458         162.856 
        1.76714         113.797         15.2882         161.487 
        1.77942         111.681         15.0353         159.885 
        1.79173         109.952         14.7874         158.513 
        1.80402         108.958         14.5456         157.106 
         1.8163         106.702         14.3093         155.775 
         1.8286         105.428         14.0779         154.307 
         1.8409         104.628         13.8519         152.871 
        1.85315          102.44         13.6315         151.632 
        1.86537         101.635         13.4164         150.375 
        1.87765         100.409         13.2051         149.091 
        1.88995         98.6382         12.9979         147.707 
        1.90221          97.413         12.7958         146.519 
        1.91445         96.1845         12.5984         145.112 
        1.92674         94.6829         12.4045         143.874 
        1.93902         93.4224         12.2146         142.582 
        1.95124         92.3293         12.0298         141.382 
         1.9635         90.8104         11.8482         140.135 
        1.97583         89.4673         11.6693         138.968 
        1.98812         88.3427         11.4948         137.906 
        2.00039         87.3246         11.3242          136.62 
        2.01264         86.2401         11.1572         135.498 
        2.02492         85.3386         10.9933         134.279 
        2.03717         83.8701          10.833         133.199 
        2.04942         83.1897         10.6761          132.12 
        2.06171         81.4048         10.5218          130.97 
        2.07397         80.6021         10.3709         129.936 
        2.08629         79.5893         10.2223         128.806 
        2.09857         78.4942          10.077         127.768 
        2.11081         77.1728         9.93507         126.589 
        2.12309         76.1342         9.79556         125.671 
        2.13538         75.1611         9.65853         124.563 
        2.14763         74.2216         9.52458         123.569 
        2.15986         73.1745         9.39349         122.478 
        2.17214         72.3719         9.26433         121.499 
        2.18443         71.4175         9.13748         120.671 
        2.19671         70.3492         9.01316         119.632 
        2.20898         69.6543          8.8913         118.572 
        2.22126         68.6277         8.77156          117.67 
        2.23354          67.873         8.65407         116.734 
         2.2458         66.6099         8.53893         115.795 
        2.25807         65.9015         8.42579         114.844 
        2.27035         64.9912         8.31461         113.906 
        2.28263         64.1509         8.20548         113.026 
         2.2949         63.1737         8.09837         112.138 
        2.30718         62.2578         7.99314         111.256 
        2.31946         61.8381         7.88972         110.302 
        2.33169         60.7376         7.78859         109.467 
        2.34393         60.2867         7.68907         108.676 
        2.35622         59.1458         7.59097         107.789 
        2.36847           58.73         7.49486         107.053 
        2.38076         57.7402         7.40013         106.079 
        2.39305         57.1322         7.30706         105.364 
        2.40534         56.3767         7.21558         104.493 
        2.41762         55.7219         7.12569         103.643 
        2.42989         54.8678         7.03746         102.908 
        2.44216         54.3227         6.95074          102.05 
         2.4544         53.4874         6.86567           101.3 
        2.46667         52.8975         6.78184         100.519 
        2.47897         52.3171          6.6992         99.7124 
        2.49124         51.7726         6.61817         98.9925 
        2.50349         51.2555          6.5386          98.234 
        2.51578         50.4631          6.4601         97.5837 
        2.52805         49.8929         6.38302         96.7608 
        2.54029         49.3942          6.3074         96.0026 
        2.55257         48.7491         6.23277         95.3459 
        2.56487         48.4685         6.15921         94.6619 
        2.57716         47.7113         6.08694         93.9463 
        2.58942         47.0596         6.01599         93.2449 
        2.60167         46.5302         5.94624         92.5648 
        2.61395         46.0576          5.8775         91.8812 
        2.62624         45.4291         5.80974         91.1479 
        2.63849         44.9315         5.74327         90.4995 
        2.65073         44.5027         5.67791         89.8412 
        2.66302         43.9743         5.61333         89.1588 
         2.6753         43.5475          5.5498         88.5443 
        2.68756         43.1011         5.48738         87.8735 
        2.69983         42.5433         5.42587         87.2685 
        2.71213         42.1422         5.36518         86.6419 
        2.72441         41.7086         5.30553         86.0054 
        2.73665          41.197         5.24693         85.4102 
         2.7489         40.7822         5.18925         84.8063 
        2.76118         40.4086         5.13225         84.1875 
        2.77349         39.9553         5.07598         83.5928 
        2.78576         39.5882         5.02077         82.9675 
        2.79802         39.2518         4.96641         82.4576 
        2.81031         38.7115         4.91274         81.8522 
        2.82259         38.5291         4.85987         81.2443 
        2.83483         38.0261         4.80799         80.7236 
         2.8471         37.7202         4.75676         80.1374 
         2.8594         37.3672         4.70612         79.5581 
         2.8717         37.1895         4.65623          79.041 
        2.88396         36.7609         4.60726         78.4831 
        2.89619         36.5487         4.55908         77.8932 
        2.90847         36.1476          4.5114         77.3344 
        2.92072         35.9396         4.46449          76.853 
        2.93299         35.7838         4.41822          76.344 
        2.94526         35.3725         4.37256         75.8111 
        2.95753         35.1512         4.32757         75.2762 
        2.96982         34.8377         4.28313         74.7727 
        2.98209          34.629         4.23941         74.2797 
        2.99436         34.3541         4.19625         73.7401 
        3.00666         34.3155         4.15363         73.2473 
        3.01894         33.9442         4.11168         72.7528 
        3.03119         33.9104         4.07037         72.2843 
        3.04345         33.7422         4.02963         71.8161 
        3.05573         33.4056         3.98936         71.3277 
          3.068         33.3383         3.94968         70.8526 
        3.08026         33.1629         3.91059         70.3751 
        3.09254         33.0947         3.87195         69.9177 
        3.10483         33.0558         3.83382         69.4626 
         3.1171         32.8806         3.79627         68.9984 
        3.12933         32.7458         3.75931          68.537 
        3.14159          32.622         3.72277         68.0715 
