# k  (h/Mpc)    P(k)  (Mpc/h)^3    P_linear(k)  (Mpc/h)^3     P_NL(k)  ShotnoiseSubtracted = false
      0.0156606         23991.1         24138.5         23938.8 
      0.0273761         20504.9         20833.6         20585.8 
      0.0384619         15477.9         15680.7         15457.8 
      0.0498308         11933.6         12326.4         12101.2 
      0.0625568           10082         10471.3         10272.5 
      0.0751274          8993.1         8893.98         8615.94 
      0.0867833         6956.01          7159.3         7072.24 
      0.0984825         5901.41          5664.9         5738.66 
       0.111151          5060.3         4729.56         4824.47 
       0.123864         4531.54         4261.93         4338.36 
       0.135742         4139.83          3832.3         3908.57 
        0.14762         3611.73         3276.65         3477.19 
       0.160083         3084.97         2731.16         2980.54 
       0.172465         2751.42          2383.7         2701.71 
       0.184281         2486.53         2197.43         2514.65 
       0.196406         2360.55         2029.28         2319.96 
       0.209011         2216.71          1805.5         2105.73 
       0.221538         1993.45         1577.81         1972.32 
       0.233611         1921.05         1411.71         1853.31 
       0.245665         1738.84         1302.94          1714.2 
       0.258103         1733.07         1212.91         1620.34 
       0.270422         1546.36         1114.51         1525.14 
       0.282519         1467.29         1011.47         1449.23 
       0.294636         1434.96         921.557         1375.39 
       0.306978          1318.6          852.59         1320.54 
       0.319417         1298.68         797.118         1245.94 
        0.33169         1219.28          744.02         1182.38 
       0.343948         1174.76         689.374         1147.39 
       0.356249         1118.01         638.127         1106.68 
       0.368458         1069.42         595.203         1060.99 
        0.38068         1057.95          559.31         1022.64 
       0.392856         1007.55         526.542         989.065 
       0.405069         953.289           494.5         955.982 
       0.417459         917.379         463.478         926.157 
       0.429752         919.063          435.63         894.335 
       0.441978         887.049         411.187         872.793 
       0.454294         850.361         388.992         838.604 
        0.46658         826.981         368.166         822.252 
       0.478753          813.49         348.519          798.65 
       0.490964         783.813         330.064         775.016 
       0.503334         751.789         313.032          759.11 
       0.515665         748.411           297.5         741.681 
       0.527909         716.835         283.162         727.738 
       0.540159         701.521         269.596         710.653 
        0.55248          687.04         256.724          692.87 
       0.564743          680.74         244.806          681.23 
        0.57686         661.022         233.852          663.98 
       0.589077         652.976         223.512         650.076 
       0.601441         634.878          213.68         638.129 
        0.61382         616.608         204.409         626.775 
       0.626067         611.394         195.758         616.004 
       0.638306         589.701         187.612         603.436 
       0.650632         584.344         179.894         590.407 
       0.662899         579.909         172.661         582.907 
       0.675076         563.738         165.883         575.777 
       0.687267         547.173          159.46         562.658 
       0.699615         547.716         153.297         553.767 
       0.711937         534.204         147.471          543.21 
       0.724148         518.207         141.997         536.579 
       0.736433         506.825         136.774         527.457 
       0.748747         500.712         131.806         518.473 
       0.761037         492.336         127.096         512.578 
       0.773197         483.644         122.666         503.718 
       0.785376         479.305         118.441         496.712 
       0.797761         465.282         114.351         490.132 
       0.810096         458.057         110.469         483.664 
       0.822371         448.201         106.787         476.048 
       0.834626         443.127         103.279         470.893 
       0.846916         438.086         99.9207         463.584 
       0.859215         431.179         96.7105         456.732 
       0.871383         422.498          93.674         450.895 
        0.88363         416.299         90.7505         446.396 
       0.895928          411.77         87.9412         439.642 
       0.908253         402.128         85.2462         432.316 
       0.920535         392.377         82.6738         428.175 
       0.932774         387.789          80.217         421.508 
        0.94508         382.131         77.8481          417.54 
       0.957324         376.594          75.587         411.996 
        0.96953         372.034         73.4229         407.004 
       0.981769         363.834         71.3386         402.467 
       0.994071         362.726         69.3256         397.697 
         1.0064          356.37         67.3872         391.956 
        1.01868         351.924          65.529         387.123 
        1.03092         342.221         63.7494         383.778 
         1.0432         338.957         62.0298         379.156 
        1.05553         335.855         60.3672         373.906 
        1.06777         330.727         58.7779         369.548 
           1.08          323.55         57.2476         365.514 
        1.09227         323.481         55.7672         361.191 
         1.1046         316.489         54.3337         357.944 
         1.1169         310.823         52.9534         353.275 
        1.12915         305.862         51.6281          349.47 
        1.14142         300.018         50.3455         345.521 
        1.15365         296.547         49.1105         341.922 
        1.16585         292.301         47.9203         338.164 
        1.17807         289.426         46.7683         334.255 
        1.19037         283.386         45.6467         331.407 
        1.20276         281.037         44.5544         327.149 
        1.21504          275.59         43.5067         323.456 
        1.22728         271.528         42.4971         320.335 
        1.23954         269.778         41.5172         316.701 
        1.25184         263.759         40.5664         313.437 
        1.26414          259.12         39.6451         310.484 
        1.27632         256.026         38.7608         307.554 
         1.2886          253.21         37.8973         304.162 
        1.30093         248.342         37.0572         300.197 
        1.31316         243.447         36.2487         297.607 
        1.32541         242.251         35.4642         294.178 
        1.33772         237.615         34.6987         291.652 
        1.35005         234.829         33.9553         288.341 
        1.36225         230.702         33.2413         285.661 
        1.37447         226.905         32.5465         282.327 
        1.38676         224.788         31.8685         280.298 
        1.39907          221.55         31.2087         276.833 
        1.41133         217.514         30.5705         273.906 
        1.42358         214.677         29.9508         271.356 
        1.43591         211.715          29.344         268.991 
        1.44818         207.771         28.7574         266.048 
        1.46037         206.142         28.1904         263.226 
        1.47263         202.491         27.6356         260.549 
        1.48494         201.061         27.0935         257.529 
        1.49724         197.041         26.5665         255.977 
        1.50952         194.073         26.0547          252.78 
        1.52178         191.174          25.557         250.583 
        1.53409         188.389         25.0704         248.104 
        1.54637         185.284         24.5975         246.069 
        1.55858         183.268         24.1395          243.53 
        1.57081         180.242         23.6926         241.004 
        1.58313         178.229         23.2541         238.587 
        1.59544          174.84         22.8271         236.478 
        1.60767         173.516         22.4135         234.402 
        1.61994           170.4         22.0088         231.943 
        1.63225         167.692         21.6132         229.607 
        1.64452          165.03         21.2284         227.583 
        1.65676         163.119         20.8543         225.681 
          1.669         161.207         20.4888         223.312 
        1.68133         158.025         20.1299          221.27 
        1.69363         155.466         19.7806         219.501 
        1.70585         153.194         19.4418         217.363 
        1.71809         151.162         19.1103         215.086 
        1.73038          148.89         18.7855         213.227 
        1.74268         147.661          18.468          211.16 
        1.75493         144.885         18.1594         209.478 
        1.76714         143.769         17.8586         207.603 
        1.77942         141.108         17.5631         205.777 
        1.79173         139.318         17.2735         203.713 
        1.80402         137.129          16.991         201.914 
         1.8163          134.98         16.7151         200.327 
         1.8286         132.941         16.4448          198.37 
         1.8409         131.207         16.1807         196.532 
        1.85315         128.939         15.9233         194.898 
        1.86537         127.483          15.672         193.226 
        1.87765         125.929         15.4252         191.565 
        1.88995         123.936         15.1831         189.745 
        1.90221         122.363         14.9471         188.264 
        1.91445         120.449         14.7165         186.512 
        1.92674         118.443           14.49         184.806 
        1.93902         117.131         14.2682         183.143 
        1.95124         115.446         14.0522         181.622 
         1.9635         113.705         13.8402         180.047 
        1.97583          112.06         13.6312         178.409 
        1.98812         110.402         13.4273         177.202 
        2.00039         109.255          13.228         175.471 
        2.01264         107.855          13.033         174.017 
        2.02492         105.992         12.8416         172.423 
        2.03717         104.651         12.6543         171.083 
        2.04942         103.291          12.471         169.575 
        2.06171         101.662         12.2908         168.037 
        2.07397         100.198         12.1145         166.799 
        2.08629         98.7672         11.9409         165.358 
        2.09857          97.617         11.7711         164.036 
        2.11081         96.1382         11.6054         162.531 
        2.12309         94.8791         11.4424         161.253 
        2.13538         93.4226         11.2824         159.887 
        2.14763         91.9845         11.1259         158.559 
        2.15986         91.1317         10.9728         157.141 
        2.17214          89.802         10.8219         156.003 
        2.18443         88.8637         10.6737          154.81 
        2.19671         87.7096         10.5285         153.453 
        2.20898         86.3499         10.3861         152.078 
        2.22126         85.2639         10.2463         150.963 
        2.23354         84.1223          10.109         149.806 
         2.2458         82.4569         9.97453         148.489 
        2.25807         81.9295         9.84237         147.322 
        2.27035         80.7488         9.71249         146.157 
        2.28263         79.7257         9.58502         145.039 
         2.2949         78.4668          9.4599         143.893 
        2.30718         77.2274         9.33698         142.706 
        2.31946          76.394         9.21618         141.487 
        2.33169         75.2748         9.09804         140.432 
        2.34393         74.3769         8.98179         139.466 
        2.35622         73.3822          8.8672         138.244 
        2.36847         72.4264         8.75493         137.266 
        2.38076          71.216         8.64427         136.124 
        2.39305         70.6267         8.53555         135.141 
        2.40534         69.4668          8.4287         134.022 
        2.41762         68.8884         8.32369         132.981 
        2.42989         67.6901         8.22062         131.987 
        2.44216         67.0859         8.11932         130.908 
         2.4544         66.3368         8.01996         129.977 
        2.46667         65.1499         7.92203          128.99 
        2.47897         64.7192          7.8255           127.9 
        2.49124         63.8241         7.73084         126.941 
        2.50349         62.6966          7.6379         126.018 
        2.51578         62.2621         7.54619         125.131 
        2.52805         61.2394         7.45616         124.126 
        2.54029         60.6889         7.36782         123.199 
        2.55257         59.9402         7.28065         122.322 
        2.56487         59.4072         7.19472         121.417 
        2.57716         58.7203          7.1103           120.5 
        2.58942         57.9058         7.02742         119.625 
        2.60167         57.1572         6.94595         118.773 
        2.61395         56.6757         6.86564         117.862 
        2.62624         55.9312          6.7865         116.942 
        2.63849         55.2543         6.70885         116.147 
        2.65073         54.4801          6.6325         115.259 
        2.66302          54.012         6.55706         114.464 
         2.6753         53.2738         6.48285         113.642 
        2.68756         52.8527         6.40993         112.791 
        2.69983         52.3033         6.33809         111.978 
        2.71213         51.7336          6.2672         111.179 
        2.72441         51.1937         6.19752         110.362 
        2.73665         50.5908         6.12906         109.601 
         2.7489          50.124         6.06168         108.835 
        2.76118         49.6616         5.99511          108.03 
        2.77349         49.1806         5.92937         107.284 
        2.78576          48.675         5.86488         106.512 
        2.79802         48.2438         5.80139         105.814 
        2.81031          47.729         5.73868          105.06 
        2.82259         47.2494         5.67693         104.271 
        2.83483         46.7493         5.61632         103.588 
         2.8471         46.2622         5.55648         102.846 
         2.8594         45.8561         5.49733         102.131 
         2.8717         45.5036         5.43906         101.464 
        2.88396         45.0037         5.38185         100.763 
        2.89619         44.7854         5.32556         100.038 
        2.90847         44.3316         5.26987         99.3054 
        2.92072         43.9179         5.21507         98.6985 
        2.93299         43.6657         5.16103         98.0352 
        2.94526         43.3296          5.1077         97.3335 
        2.95753         43.0581         5.05513         96.6777 
        2.96982         42.5593         5.00322         96.0495 
        2.98209         42.2992         4.95215         95.3866 
        2.99436         42.1475         4.90174         94.7211 
        3.00666         41.8808         4.85195         94.0863 
        3.01894         41.6035         4.80295         93.4629 
        3.03119         41.3361          4.7547          92.869 
        3.04345         41.0889          4.7071         92.2661 
        3.05573         41.0562         4.66006         91.6435 
          3.068         40.7011         4.61372         91.0439 
        3.08026         40.4617         4.56805         90.4412 
        3.09254         40.5162         4.52291         89.8528 
        3.10483         40.2633         4.47838         89.2665 
         3.1171         40.1459         4.43451         88.6718 
        3.12933          40.006         4.39134         88.0858 
        3.14159         39.8921         4.34866           87.51 
