# k  (h/Mpc)    P(k)  (Mpc/h)^3    P_linear(k)  (Mpc/h)^3     P_NL(k)  ShotnoiseSubtracted = false
      0.0156606         88.0037         88.7087         88.3016 
      0.0273761         76.8179         76.7819         76.6301 
      0.0384619          58.298         57.8776         57.8794 
      0.0498308         45.9735         45.5374         45.5718 
      0.0625568         38.8247         38.7077         38.6932 
      0.0751274          33.046         32.8898          32.841 
      0.0867833         26.5936         26.4817         26.4776 
      0.0984825         21.2021         20.9579         20.9926 
       0.111151         17.6995            17.5         17.5305 
       0.123864         15.8924         15.7713         15.7817 
       0.135742         14.2566         14.1826         14.1874 
        0.14762         12.1748          12.127         12.1571 
       0.160083         10.1593         10.1087         10.1497 
       0.172465         8.88006         8.82304         8.87033 
       0.184281         8.18912         8.13383         8.18044 
       0.196406         7.52225          7.5116         7.54366 
       0.209011         6.70988         6.68344         6.72251 
       0.221538          5.8824         5.84073         5.89921 
       0.233611         5.27153         5.22596         5.29097 
       0.245665          4.8823         4.82337         4.87987 
       0.258103         4.49548         4.49015         4.54535 
       0.270422         4.15659         4.12594         4.17862 
       0.282519         3.77363         3.74453         3.80285 
       0.294636         3.46313         3.41169         3.47349 
       0.306978         3.16822         3.15639         3.21982 
       0.319417         2.98028         2.95104         3.01237 
        0.33169         2.77862         2.75448         2.81335 
       0.343948         2.58372         2.55219         2.61067 
       0.356249          2.3803         2.36248         2.43009 
       0.368458         2.22689         2.20358         2.26307 
        0.38068         2.08846          2.0707          2.1299 
       0.392856         1.96625         1.94939         2.00914 
       0.405069          1.8564         1.83077         1.88704 
       0.417459         1.72108         1.71593         1.77543 
       0.429752         1.62621         1.61284         1.67128 
       0.441978         1.53973         1.52234         1.58439 
       0.454294         1.45314         1.44017         1.49869 
        0.46658         1.38239         1.36307         1.42014 
       0.478753         1.30882         1.29034         1.34697 
       0.490964         1.24401         1.22201         1.28226 
       0.503334         1.18252         1.15896         1.21514 
       0.515665         1.11806         1.10146          1.1607 
       0.527909         1.07131         1.04837         1.10293 
       0.540159         1.01579        0.998143         1.05173 
        0.55248        0.963611        0.950488         1.00165 
       0.564743        0.928104        0.906366        0.961499 
        0.57686        0.885338        0.865811        0.918655 
       0.589077        0.840567        0.827528        0.882297 
       0.601441        0.810079        0.791126        0.844576 
        0.61382        0.773893        0.756803        0.808224 
       0.626067        0.739381        0.724776        0.775649 
       0.638306        0.711102        0.694616        0.744418 
       0.650632        0.684235        0.666041        0.716619 
       0.662899        0.658313        0.639263        0.688008 
       0.675076        0.627052        0.614168        0.662799 
       0.687267        0.602859        0.590388        0.636534 
       0.699615        0.584926         0.56757        0.613231 
       0.711937        0.561436           0.546        0.592807 
       0.724148        0.543682        0.525733         0.57144 
       0.736433         0.52172        0.506395        0.550207 
       0.748747        0.503153        0.488001        0.533456 
       0.761037        0.484261        0.470565        0.514505 
       0.773197        0.468051        0.454161        0.498686 
       0.785376        0.450766        0.438521        0.481783 
       0.797761        0.436412        0.423375        0.465065 
       0.810096        0.425133        0.409005        0.452111 
       0.822371        0.411148        0.395372        0.436499 
       0.834626        0.398109        0.382385        0.422668 
       0.846916        0.385728        0.369951         0.41136 
       0.859215        0.370619        0.358065        0.399355 
       0.871383        0.360799        0.346823        0.386945 
        0.88363        0.349273        0.335999        0.375799 
       0.895928        0.340308        0.325598        0.364503 
       0.908253         0.33024         0.31562        0.354296 
       0.920535        0.320689        0.306096        0.343726 
       0.932774        0.311255        0.296999         0.33351 
        0.94508        0.302372        0.288229        0.324699 
       0.957324        0.294402        0.279857        0.316792 
        0.96953        0.284737        0.271845        0.308056 
       0.981769        0.277071        0.264128        0.298997 
       0.994071        0.270113        0.256675        0.292409 
         1.0064        0.262331        0.249498        0.284296 
        1.01868        0.255967        0.242618        0.277097 
        1.03092        0.250051        0.236029        0.269471 
         1.0432        0.243949        0.229663        0.262967 
        1.05553        0.236668        0.223507         0.25691 
        1.06777        0.230186        0.217623         0.25069 
           1.08        0.225618        0.211957         0.24433 
        1.09227        0.219209        0.206476        0.238283 
         1.1046        0.213886        0.201169         0.23303 
         1.1169        0.208625        0.196058        0.227471 
        1.12915        0.203073        0.191151        0.222184 
        1.14142        0.199624        0.186403        0.217041 
        1.15365        0.194822         0.18183        0.212286 
        1.16585        0.189855        0.177423        0.207298 
        1.17807        0.186362        0.173158        0.203003 
        1.19037        0.181048        0.169006         0.19819 
        1.20276        0.177853        0.164962         0.19349 
        1.21504        0.173741        0.161082        0.190203 
        1.22728        0.170363        0.157344        0.185374 
        1.23954        0.166684        0.153716        0.182148 
        1.25184        0.163281        0.150196        0.177802 
        1.26414          0.1597        0.146785         0.17404 
        1.27632        0.155477        0.143511        0.170588 
         1.2886        0.151968        0.140314        0.166779 
        1.30093        0.148936        0.137203        0.164014 
        1.31316        0.145431         0.13421         0.16048 
        1.32541        0.142786        0.131305        0.157508 
        1.33772        0.140043        0.128471        0.154387 
        1.35005        0.137874        0.125719        0.151456 
        1.36225        0.134969        0.123075        0.148304 
        1.37447        0.132366        0.120503        0.145774 
        1.38676        0.130158        0.117992        0.142702 
        1.39907        0.127709         0.11555        0.140222 
        1.41133        0.124733        0.113187        0.137583 
        1.42358        0.122652        0.110892        0.134715 
        1.43591        0.120653        0.108646        0.132795 
        1.44818        0.118271        0.106474        0.130391 
        1.46037        0.115968        0.104374        0.127704 
        1.47263        0.113906         0.10232         0.12563 
        1.48494        0.111658        0.100313        0.123504 
        1.49724        0.109528       0.0983621        0.121354 
        1.50952        0.107774       0.0964669         0.11881 
        1.52178        0.106042       0.0946244        0.116924 
        1.53409         0.10451       0.0928228        0.114961 
        1.54637        0.102494       0.0910719        0.112878 
        1.55858        0.100468       0.0893761         0.11102 
        1.57081       0.0989393       0.0877213        0.109058 
        1.58313        0.097528       0.0860981        0.107477 
        1.59544       0.0961482       0.0845169        0.105549 
        1.60767       0.0945998       0.0829856        0.103851 
        1.61994       0.0925587       0.0814871         0.10231 
        1.63225       0.0907977       0.0800224        0.100688 
        1.64452        0.089809       0.0785979       0.0989274 
        1.65676       0.0886992       0.0772126       0.0974241 
          1.669       0.0872558       0.0758597        0.095786 
        1.68133       0.0855825       0.0745306       0.0944071 
        1.69363       0.0841231       0.0732374       0.0929274 
        1.70585       0.0829049       0.0719831       0.0914951 
        1.71809       0.0816301       0.0707557       0.0900532 
        1.73038       0.0804576        0.069553       0.0887276 
        1.74268        0.078878       0.0683777       0.0872722 
        1.75493       0.0783383       0.0672349       0.0861614 
        1.76714       0.0769828       0.0661211       0.0848102 
        1.77942       0.0760681        0.065027       0.0835753 
        1.79173       0.0750497       0.0639549       0.0822043 
        1.80402       0.0737957       0.0629091       0.0810907 
         1.8163       0.0727542       0.0618874       0.0797334 
         1.8286       0.0716825       0.0608866       0.0789242 
         1.8409       0.0705199       0.0599088       0.0776167 
        1.85315       0.0698475       0.0589558       0.0764994 
        1.86537       0.0684609       0.0580254       0.0754517 
        1.87765       0.0677651       0.0571117       0.0743763 
        1.88995       0.0669638       0.0562155       0.0734222 
        1.90221        0.066214       0.0553416       0.0723384 
        1.91445       0.0650269       0.0544878       0.0713881 
        1.92674       0.0643027        0.053649       0.0704164 
        1.93902       0.0633164       0.0528279       0.0693786 
        1.95124       0.0626013       0.0520283       0.0684533 
         1.9635       0.0616978       0.0512433       0.0675102 
        1.97583       0.0610819       0.0504695       0.0665755 
        1.98812       0.0601929       0.0497146       0.0658501 
        2.00039       0.0595139       0.0489767       0.0648668 
        2.01264       0.0587625       0.0482545       0.0640692 
        2.02492       0.0582125       0.0475458       0.0632318 
        2.03717       0.0572152       0.0468525       0.0624188 
        2.04942       0.0567921        0.046174       0.0615757 
        2.06171        0.055913       0.0455066       0.0607871 
        2.07397        0.055114       0.0448538       0.0600532 
        2.08629       0.0545161       0.0442111       0.0592585 
        2.09857       0.0539742       0.0435826       0.0585375 
        2.11081       0.0534208       0.0429689        0.057717 
        2.12309       0.0526279       0.0423655        0.057131 
        2.13538       0.0521361       0.0417729       0.0563687 
        2.14763       0.0515553       0.0411936       0.0557119 
        2.15986       0.0510102       0.0406266       0.0550575 
        2.17214       0.0503117        0.040068       0.0543563 
        2.18443       0.0499509       0.0395194       0.0536749 
        2.19671       0.0492469       0.0389817       0.0530927 
        2.20898       0.0488463       0.0384546       0.0524021 
        2.22126       0.0480888       0.0379368       0.0518281 
        2.23354       0.0476612       0.0374286       0.0512488 
         2.2458       0.0471737       0.0369307       0.0505141 
        2.25807       0.0466275       0.0364414       0.0500328 
        2.27035       0.0462298       0.0359605        0.049431 
        2.28263       0.0456141       0.0354885       0.0488896 
         2.2949       0.0452629       0.0350253        0.048279 
        2.30718       0.0447686       0.0345702        0.047751 
        2.31946       0.0443825       0.0341229       0.0472264 
        2.33169       0.0436612       0.0336855       0.0466702 
        2.34393        0.043608       0.0332551       0.0462012 
        2.35622       0.0429898       0.0328308       0.0456287 
        2.36847        0.042708       0.0324151       0.0451386 
        2.38076       0.0421233       0.0320054       0.0446515 
        2.39305       0.0419369       0.0316029       0.0441583 
        2.40534       0.0414461       0.0312073        0.043684 
        2.41762       0.0409825       0.0308185       0.0432004 
        2.42989       0.0406195       0.0304369       0.0427134 
        2.44216       0.0402967       0.0300618       0.0422768 
         2.4544        0.039882       0.0296939       0.0418428 
        2.46667       0.0396185       0.0293313       0.0413572 
        2.47897        0.039068       0.0289739       0.0409265 
        2.49124       0.0387936       0.0286235          0.0405 
        2.50349       0.0383959       0.0282793       0.0400597 
        2.51578        0.038056       0.0279398       0.0396403 
        2.52805       0.0378822       0.0276065       0.0392419 
        2.54029       0.0374161       0.0272794        0.038848 
        2.55257       0.0371254       0.0269566       0.0384605 
        2.56487       0.0368527       0.0266385       0.0380593 
        2.57716       0.0366542       0.0263259       0.0376648 
        2.58942       0.0362021       0.0260191       0.0372672 
        2.60167       0.0358854       0.0257174        0.036896 
        2.61395       0.0356297       0.0254201       0.0365417 
        2.62624       0.0355086       0.0251271       0.0361799 
        2.63849       0.0351112       0.0248396       0.0358188 
        2.65073       0.0347268       0.0245569       0.0354534 
        2.66302       0.0346032       0.0242776       0.0350981 
         2.6753       0.0343291       0.0240028       0.0347603 
        2.68756        0.034159       0.0237328       0.0344284 
        2.69983       0.0338112       0.0234668       0.0340501 
        2.71213       0.0335658       0.0232044       0.0337521 
        2.72441       0.0332623       0.0229464       0.0334494 
        2.73665       0.0331059       0.0226929        0.033119 
         2.7489       0.0328611       0.0224434          0.0328 
        2.76118       0.0326966       0.0221969       0.0324905 
        2.77349       0.0323615       0.0219536       0.0321963 
        2.78576       0.0322565       0.0217148       0.0319067 
        2.79802        0.032034       0.0214797       0.0315541 
        2.81031       0.0317947       0.0212475       0.0312937 
        2.82259        0.031504       0.0210189       0.0309866 
        2.83483       0.0312557       0.0207945       0.0306883 
         2.8471       0.0312037       0.0205729       0.0304483 
         2.8594       0.0309938       0.0203539       0.0301718 
         2.8717       0.0307654       0.0201382       0.0298776 
        2.88396       0.0307049       0.0199264       0.0296211 
        2.89619       0.0304401        0.019718       0.0293625 
        2.90847       0.0303248       0.0195118       0.0290954 
        2.92072       0.0301065       0.0193089       0.0288145 
        2.93299       0.0299356       0.0191088       0.0285566 
        2.94526       0.0298295       0.0189113       0.0283189 
        2.95753       0.0296114       0.0187167         0.02807 
        2.96982       0.0294764       0.0185245       0.0278056 
        2.98209       0.0292852       0.0183354       0.0275559 
        2.99436       0.0292194       0.0181488       0.0273161 
        3.00666       0.0290654       0.0179644       0.0270757 
        3.01894       0.0289957        0.017783       0.0268579 
        3.03119       0.0288733       0.0176044       0.0266255 
        3.04345       0.0287224       0.0174281       0.0263983 
        3.05573       0.0286713        0.017254       0.0261801 
          3.068       0.0284901       0.0170824       0.0259414 
        3.08026       0.0283841       0.0169133       0.0257298 
        3.09254       0.0283373       0.0167462       0.0255165 
        3.10483       0.0282434       0.0165813        0.025304 
         3.1171       0.0281983       0.0164189        0.025082 
        3.12933       0.0279808        0.016259       0.0248527 
        3.14159         0.02789        0.016101       0.0246692 
