# k  (h/Mpc)    Pcb(k)  (Mpc/h)^3    Pcb_linear(k) (Mpc/h)^3    Pcb_NL(k) (Mpc/h)^3   ShotnoiseSubtracted = false
      0.0156606         17833.3           17915           17785 
      0.0273761           15317           15490         15347.1 
      0.0384619         11597.9         11670.1         11547.8 
      0.0498308         8975.28         9179.34         9057.74 
      0.0625568         7580.24          7801.3         7691.57 
      0.0751274         6730.45         6628.04         6472.45 
      0.0867833         5226.76          5336.3         5289.79 
      0.0984825         4390.41         4222.99         4269.79 
       0.111151          3742.3         3526.12         3581.39 
       0.123864          3355.2         3177.74         3222.93 
       0.135742         3050.45         2857.58          2903.3 
        0.14762         2646.01         2443.37         2564.61 
       0.160083         2232.13         2036.69         2183.88 
       0.172465         1990.99         1777.64         1964.27 
       0.184281         1813.88         1638.77         1827.81 
       0.196406         1695.43          1513.4         1680.02 
       0.209011         1577.83         1346.54         1520.35 
       0.221538         1422.85         1176.75         1412.04 
       0.233611          1351.8         1052.88          1317.5 
       0.245665          1231.1          971.77         1214.61 
       0.258103         1203.24         904.634         1145.28 
       0.270422         1077.04         831.253         1073.08 
       0.282519         1009.44         754.409          1010.4 
       0.294636         996.968          687.35         954.336 
       0.306978         902.701         635.914          912.11 
       0.319417         878.852         594.543         859.199 
        0.33169         827.723         554.942         811.625 
       0.343948         791.069         514.186         784.846 
       0.356249         746.277         475.964         754.057 
       0.368458         721.451          443.95         717.183 
        0.38068         702.812         417.177         688.141 
       0.392856         664.742         392.738         662.388 
       0.405069          634.03         368.841         641.902 
       0.417459         609.094         345.702         615.078 
       0.429752         598.681         324.931         593.225 
       0.441978         578.306         306.701         577.096 
       0.454294         549.869         290.146         552.692 
        0.46658         536.462         274.613         540.267 
       0.478753         523.049          259.96         522.841 
       0.490964         503.216         246.195         506.205 
       0.503334         478.196          233.49         493.701 
       0.515665         477.158         221.905         482.975 
       0.527909         458.749         211.211         470.796 
       0.540159         447.115         201.093         457.921 
        0.55248         438.318         191.492         445.691 
       0.564743         433.772         182.602         437.767 
        0.57686          417.19         174.431         425.513 
       0.589077         405.203         166.719         415.998 
       0.601441         399.719         159.385         407.072 
        0.61382          390.73          152.47         399.708 
       0.626067         385.204         146.017         391.398 
       0.638306         369.679         139.941         383.853 
       0.650632         364.823         134.184         373.396 
       0.662899         361.591         128.789         368.972 
       0.675076         347.849         123.734         362.637 
       0.687267         339.042         118.943         354.047 
       0.699615         334.918         114.346         348.261 
       0.711937         329.823             110         341.989 
       0.724148         318.916         105.917         336.938 
       0.736433         311.741         102.021         330.395 
       0.748747          307.36         98.3154         324.277 
       0.761037          301.52         94.8026         319.618 
       0.773197          297.86         91.4978         315.033 
       0.785376         293.241         88.3469         309.843 
       0.797761         285.696         85.2955             305 
       0.810096         283.003         82.4004         300.979 
       0.822371         272.838         79.6537         296.001 
       0.834626         271.795         77.0373         291.905 
       0.846916         265.864         74.5322         287.553 
       0.859215         265.719         72.1377          283.44 
       0.871383         258.575         69.8727         279.308 
        0.88363         256.966         67.6921         276.428 
       0.895928         251.297         65.5966         272.031 
       0.908253         244.698         63.5864         267.655 
       0.920535         243.041         61.6676         264.145 
       0.932774         236.201          59.835         260.483 
        0.94508         233.616         58.0681         257.768 
       0.957324          232.75         56.3815         254.062 
        0.96953          229.34         54.7673         250.636 
       0.981769          222.49         53.2126         248.174 
       0.994071         221.562         51.7111         244.994 
         1.0064         216.685         50.2652         241.345 
        1.01868         213.844         48.8791         238.432 
        1.03092         208.956         47.5517         236.083 
         1.0432         205.376          46.269         233.191 
        1.05553         202.659         45.0289         230.192 
        1.06777         202.123         43.8434         227.833 
           1.08         197.066          42.702         225.034 
        1.09227         194.714         41.5977          222.52 
         1.1046         191.806         40.5284          220.23 
         1.1169         187.969         39.4989         217.209 
        1.12915         185.329         38.5103         215.245 
        1.14142         182.355         37.5536         212.462 
        1.15365         179.782         36.6324         210.227 
        1.16585         177.134         35.7446         207.548 
        1.17807         174.855         34.8853         205.891 
        1.19037         173.154         34.0487         203.888 
        1.20276         170.512         33.2339         201.317 
        1.21504         167.091         32.4524         199.149 
        1.22728         163.976         31.6993         196.601 
        1.23954         163.457         30.9684         195.187 
        1.25184         160.317         30.2592         192.959 
        1.26414         157.615          29.572         190.966 
        1.27632         157.022         28.9124         189.679 
         1.2886         154.955         28.2683         187.171 
        1.30093         150.449         27.6416           185.1 
        1.31316         148.695         27.0385         183.008 
        1.32541         147.156         26.4534         181.583 
        1.33772         145.748         25.8824         179.647 
        1.35005         143.431         25.3279          177.63 
        1.36225         141.364         24.7953         176.023 
        1.37447         139.281         24.2771          173.94 
        1.38676         137.556         23.7713           172.4 
        1.39907         135.132         23.2792         170.621 
        1.41133         133.097         22.8031         169.121 
        1.42358         131.289         22.3408         167.534 
        1.43591         129.803         21.8882         165.701 
        1.44818         128.291         21.4507          164.25 
        1.46037         126.131         21.0278         162.538 
        1.47263         124.795         20.6139         161.286 
        1.48494         122.809         20.2096         159.372 
        1.49724         121.142         19.8165         157.982 
        1.50952         118.917         19.4347         156.492 
        1.52178         118.414         19.0635         154.851 
        1.53409         115.927         18.7005         153.576 
        1.54637         114.523         18.3478         152.264 
        1.55858         112.453         18.0061         150.662 
        1.57081          110.98         17.6727         149.391 
        1.58313         109.627         17.3457         147.899 
        1.59544         108.197         17.0272         146.621 
        1.60767         106.953         16.7187         145.213 
        1.61994         105.085         16.4168         144.141 
        1.63225         103.782         16.1217         142.455 
        1.64452         101.867         15.8347         141.194 
        1.65676         100.399         15.5556         140.046 
          1.669         99.8049          15.283          138.89 
        1.68133         97.7015         15.0153         137.592 
        1.69363         96.7301         14.7547         136.389 
        1.70585         94.9397          14.502         135.162 
        1.71809           93.78         14.2548         133.829 
        1.73038         93.0605         14.0125         132.723 
        1.74268         91.7869         13.7757           131.5 
        1.75493         90.1691         13.5454         130.339 
        1.76714         88.9517         13.3211         129.295 
        1.77942         87.8639         13.1006         128.011 
        1.79173         86.5294         12.8846         127.017 
        1.80402         85.8533          12.674         125.935 
         1.8163         84.1308         12.4681         124.719 
         1.8286         82.9627         12.2665         123.665 
         1.8409         82.3205         12.0695         122.579 
        1.85315         80.9689         11.8775         121.605 
        1.86537         79.9964         11.6901          120.58 
        1.87765         79.2951          11.506         119.501 
        1.88995         77.9508         11.3254         118.532 
        1.90221            76.9         11.1494         117.512 
        1.91445         75.7597         10.9773         116.454 
        1.92674         74.5624         10.8084         115.512 
        1.93902         73.6604         10.6429         114.474 
        1.95124         72.9626         10.4819         113.584 
         1.9635         71.8371         10.3237         112.497 
        1.97583         70.7751         10.1678         111.693 
        1.98812         69.8535         10.0157         110.735 
        2.00039         68.8996         9.86706         109.792 
        2.01264          68.278         9.72156         108.871 
        2.02492         67.2949         9.57878         107.961 
        2.03717         66.1748         9.43911         107.019 
        2.04942          65.866          9.3024         106.258 
        2.06171         64.4055         9.16794         105.329 
        2.07397         63.7089         9.03644         104.508 
        2.08629         62.9784         8.90696         103.595 
        2.09857         62.0036         8.78034         102.777 
        2.11081          61.053          8.6567         101.836 
        2.12309         60.4805         8.53514         101.148 
        2.13538         59.6199         8.41574         100.277 
        2.14763         58.8011         8.29903         99.4741 
        2.15986         57.7252         8.18481         98.6414 
        2.17214         57.3224         8.07227         97.8264 
        2.18443          56.617         7.96174         97.1751 
        2.19671          55.581         7.85341         96.3397 
        2.20898         55.3537         7.74723         95.5495 
        2.22126         54.4675          7.6429         94.7639 
        2.23354         53.7636         7.54053         94.0539 
         2.2458         53.0472         7.44021         93.3392 
        2.25807         52.3285         7.34163         92.5453 
        2.27035         51.7922         7.24475          91.806 
        2.28263         50.9837         7.14966         91.0792 
         2.2949         50.5323         7.05633         90.3731 
        2.30718         49.5624         6.96464          89.702 
        2.31946         49.1688         6.87454         88.9927 
        2.33169         48.3784         6.78641         88.3057 
        2.34393         47.7541          6.6997         87.6405 
        2.35622         47.3151         6.61423         86.9521 
        2.36847         46.7584         6.53048         86.3562 
        2.38076              46         6.44794         85.5965 
        2.39305         45.4724         6.36684         85.0013 
        2.40534         44.9978         6.28714          84.303 
        2.41762         44.4913         6.20881         83.6176 
        2.42989         43.9675         6.13194         83.0644 
        2.44216         43.4694         6.05637         82.3948 
         2.4544         42.9099         5.98225         81.7649 
        2.46667         42.4309          5.9092         81.1209 
        2.47897         41.9514          5.8372         80.5232 
        2.49124         41.3811          5.7666         79.9432 
        2.50349         40.9883         5.69727         79.3116 
        2.51578         40.3991         5.62886         78.7981 
        2.52805         39.9971         5.56171         78.1645 
        2.54029         39.5444         5.49581         77.5393 
        2.55257          38.952         5.43079         77.0082 
        2.56487         38.6302         5.36669         76.4749 
        2.57716         38.1279         5.30372         75.9236 
        2.58942         37.6136          5.2419         75.3401 
        2.60167          37.303         5.18113         74.7893 
        2.61395         36.7858         5.12123         74.2484 
        2.62624         36.5786         5.06219         73.6717 
        2.63849         36.1384         5.00427         73.1601 
        2.65073         35.7617         4.94732          72.611 
        2.66302         35.2514         4.89105         72.0806 
         2.6753         34.8429         4.83569         71.5729 
        2.68756         34.4385          4.7813         71.0289 
        2.69983         34.1965         4.72772         70.5646 
        2.71213         33.8324         4.67483         70.0748 
        2.72441         33.4623         4.62286         69.5552 
        2.73665         33.0298          4.5718          69.051 
         2.7489         32.9558         4.52153         68.5668 
        2.76118         32.4447         4.47188         68.0964 
        2.77349         32.2492         4.42284         67.6079 
        2.78576         31.9889         4.37474         67.1068 
        2.79802         31.5651         4.32738         66.6901 
        2.81031         31.2316         4.28061          66.205 
        2.82259         31.1509         4.23454         65.7171 
        2.83483         30.7202         4.18933         65.2868 
         2.8471         30.3873          4.1447         64.8372 
         2.8594         30.2388         4.10057         64.3726 
         2.8717         30.0205         4.05711         63.9362 
        2.88396         29.7035         4.01443         63.4809 
        2.89619          29.512         3.97245         63.0185 
        2.90847         29.2763         3.93091         62.5983 
        2.92072         29.0408         3.89003          62.181 
        2.93299          28.862         3.84972         61.7538 
        2.94526         28.6014         3.80994         61.3459 
        2.95753         28.4389         3.77073         60.9303 
        2.96982         28.3373         3.73201         60.5128 
        2.98209         28.0413         3.69391         60.1101 
        2.99436         27.8942         3.65631         59.6819 
        3.00666           27.78         3.61917          59.294 
        3.01894         27.5573         3.58262         58.8812 
        3.03119          27.427         3.54663         58.4975 
        3.04345         27.2627         3.51113         58.1315 
        3.05573         27.1426         3.47604         57.7453 
          3.068          27.102         3.44147         57.3565 
        3.08026         26.9141          3.4074         56.9703 
        3.09254         26.8027         3.37374         56.5942 
        3.10483         26.8126         3.34052         56.2302 
         3.1171         26.6526         3.30779         55.8636 
        3.12933         26.6299          3.2756         55.4873 
        3.14159          26.491         3.24376         55.1154 
