# k  (h/Mpc)    Pcb(k)  (Mpc/h)^3    Pcb_linear(k) (Mpc/h)^3    Pcb_NL(k) (Mpc/h)^3   ShotnoiseSubtracted = false
      0.0156606         10703.5         10733.4         10667.7 
      0.0273761         9234.53         9282.69         9225.86 
      0.0384619         7008.01         6994.31         6951.74 
      0.0498308         5449.65         5501.87         5461.78 
      0.0625568         4599.98          4676.1         4638.11 
      0.0751274         4051.32         3972.96         3917.15 
      0.0867833         3167.73         3198.72         3184.35 
      0.0984825         2625.46          2531.4         2553.26 
       0.111151         2221.15         2113.69         2137.13 
       0.123864         1994.29         1904.88         1924.53 
       0.135742         1803.51         1712.96         1733.15 
        0.14762          1550.1         1464.67         1515.72 
       0.160083         1293.12         1220.89         1280.52 
       0.172465         1151.43         1065.61         1140.03 
       0.184281         1060.09         982.366          1059.7 
       0.196406         974.976         907.213          971.48 
       0.209011         896.344         807.189         876.093 
       0.221538         807.538         705.408         801.162 
       0.233611         750.079         631.157         738.693 
       0.245665         694.586         582.534         679.555 
       0.258103         653.921          542.29         638.695 
       0.270422         597.117         498.301         594.445 
       0.282519         549.417         452.237          553.19 
       0.294636         543.629         412.038         518.114 
       0.306978         483.849         381.204         491.412 
       0.319417         465.652         356.404          462.06 
        0.33169          437.72         332.665         434.657 
       0.343948          417.25         308.234         416.005 
       0.356249         390.315         285.321         397.143 
       0.368458         378.279          266.13         374.399 
        0.38068         361.593         250.081         357.129 
       0.392856         338.784         235.431          342.17 
       0.405069         325.228         221.105         329.783 
       0.417459         310.676         207.235         312.525 
       0.429752         299.956         194.783          300.63 
       0.441978         289.989         183.855         291.113 
       0.454294         271.517         173.931         277.448 
        0.46658         270.325          164.62         269.331 
       0.478753         257.798         155.836          259.68 
       0.490964         249.357         147.585         250.333 
       0.503334         235.477         139.968         242.838 
       0.515665         232.307         133.024         237.051 
       0.527909         225.259         126.613         228.412 
       0.540159          218.57         120.547         221.823 
        0.55248         213.877         114.792         214.913 
       0.564743         208.048         109.463         210.004 
        0.57686         200.837         104.565          203.31 
       0.589077         192.644         99.9414          198.83 
       0.601441         189.395          95.545         193.888 
        0.61382         187.355         91.3999         188.826 
       0.626067         181.843         87.5319         184.225 
       0.638306          173.85         83.8894         180.344 
       0.650632         168.821         80.4383         174.425 
       0.662899         168.855         77.2043         171.181 
       0.675076          162.77         74.1735         167.252 
       0.687267         158.602         71.3017         163.565 
       0.699615         155.126         68.5459         160.233 
       0.711937         151.184         65.9408         156.722 
       0.724148         148.773         63.4932         154.459 
       0.736433         144.796         61.1578         150.753 
       0.748747         141.566         58.9363         147.622 
       0.761037         139.307         56.8305         144.444 
       0.773197          136.33         54.8494         142.829 
       0.785376         134.445         52.9606          139.46 
       0.797761         131.971         51.1314         137.643 
       0.810096         128.332         49.3959         134.822 
       0.822371         124.734         47.7494         132.516 
       0.834626         122.816         46.1809         130.231 
       0.846916          121.57         44.6792         128.207 
       0.859215         119.679         43.2438         125.958 
       0.871383         117.536          41.886         123.842 
        0.88363         114.994         40.5788         122.315 
       0.895928         112.811         39.3227         120.543 
       0.908253         109.832         38.1176         118.315 
       0.920535         109.297         36.9674         116.788 
       0.932774         106.369         35.8688         114.738 
        0.94508         105.412         34.8096         113.148 
       0.957324         103.761         33.7985         111.613 
        0.96953         103.521         32.8309         109.747 
       0.981769         100.143         31.8989         108.696 
       0.994071          99.325         30.9988          107.11 
         1.0064         97.0073         30.1321         105.554 
        1.01868         96.1624         29.3012         104.292 
        1.03092         94.3279         28.5054         102.943 
         1.0432         92.7472         27.7365         101.542 
        1.05553         90.4085         26.9931         100.591 
        1.06777         90.2854         26.2825         99.3501 
           1.08         88.5141         25.5982         98.0262 
        1.09227         87.1581         24.9362         96.7321 
         1.1046         85.6701         24.2953         95.5652 
         1.1169          84.681         23.6781         94.2271 
        1.12915         83.5751         23.0854         93.2626 
        1.14142         82.0566         22.5119         92.1139 
        1.15365         80.4515         21.9597         91.0648 
        1.16585         79.5039         21.4275          89.954 
        1.17807         78.2844         20.9124         89.0759 
        1.19037         78.1713         20.4109         88.1644 
        1.20276         76.4758         19.9225         87.1323 
        1.21504         75.9636          19.454         86.0789 
        1.22728         74.2842         19.0025         85.2304 
        1.23954          73.648         18.5644         84.1962 
        1.25184         72.2939         18.1393         83.4463 
        1.26414         71.2193         17.7273         82.5434 
        1.27632         70.5457         17.3319         81.8792 
         1.2886         69.5307         16.9458         80.7751 
        1.30093          68.614         16.5701          79.828 
        1.31316         67.7599         16.2086         79.2839 
        1.32541          67.219         15.8578         78.4382 
        1.33772         66.1068         15.5155          77.624 
        1.35005         65.5003         15.1831         76.8827 
        1.36225         64.4255         14.8638         76.0983 
        1.37447         62.9784         14.5532         75.2986 
        1.38676         63.0811           14.25         74.5095 
        1.39907         61.9587          13.955         73.9636 
        1.41133         60.8193         13.6696         73.3805 
        1.42358         60.1132         13.3925         72.4578 
        1.43591         59.6977         13.1212         71.8634 
        1.44818         58.8279         12.8589         71.0687 
        1.46037         58.1671         12.6053         70.5617 
        1.47263         57.3799         12.3572         69.9867 
        1.48494         56.5708         12.1149         69.2569 
        1.49724         55.8195         11.8792         68.5898 
        1.50952          55.474         11.6503         67.9328 
        1.52178         54.6986         11.4278         67.4185 
        1.53409         54.1859         11.2102         66.8334 
        1.54637         52.9859         10.9988         66.1839 
        1.55858         52.3323          10.794         65.5388 
        1.57081          52.036         10.5941         65.0989 
        1.58313         51.2607         10.3981          64.566 
        1.59544         50.5313         10.2071         63.9165 
        1.60767         49.9754         10.0222         63.3885 
        1.61994         49.2019         9.84123         62.8992 
        1.63225         48.7409         9.66434         62.2583 
        1.64452         48.2155          9.4923         61.8152 
        1.65676         47.5015           9.325         61.2272 
          1.669         47.1541          9.1616         60.7979 
        1.68133         46.7013         9.00109         60.2187 
        1.69363         45.9048          8.8449          59.788 
        1.70585         45.6408         8.69342         59.3253 
        1.71809         44.7366         8.54519         58.7884 
        1.73038         44.4764         8.39994         58.3573 
        1.74268         43.7652         8.25799         57.8169 
        1.75493         43.3375         8.11998         57.3645 
        1.76714          42.781         7.98547         56.9019 
        1.77942         42.5275         7.85333         56.4685 
        1.79173          41.845         7.72385         55.9583 
        1.80402         41.4308         7.59756         55.6113 
         1.8163         40.9298         7.47416         55.0609 
         1.8286         40.3935         7.35329         54.7434 
         1.8409         39.9179         7.23521         54.2051 
        1.85315         39.5157         7.12011         53.9023 
        1.86537         39.0246         7.00775         53.4706 
        1.87765         38.7082          6.8974         52.9978 
        1.88995         38.1177         6.78916         52.5357 
        1.90221         37.8332         6.68362         52.1425 
        1.91445         37.1978          6.5805         51.8096 
        1.92674         36.8879         6.47921          51.359 
        1.93902         36.5051         6.38004         50.9725 
        1.95124          36.035         6.28348         50.6448 
         1.9635         35.5651         6.18866         50.2209 
        1.97583         35.2482         6.09522         49.9044 
        1.98812         34.7105         6.00405         49.4824 
        2.00039         34.3949         5.91493         49.1002 
        2.01264         33.9158         5.82771         48.7877 
        2.02492         33.6397         5.74212          48.416 
        2.03717         33.1828         5.65839         48.0224 
        2.04942         32.8248         5.57644         47.6653 
        2.06171         32.4889         5.49584         47.3024 
        2.07397         32.1253           5.417          46.977 
        2.08629         31.7468         5.33939         46.6217 
        2.09857          31.442         5.26348          46.308 
        2.11081         31.0195         5.18936         45.9459 
        2.12309         30.7872         5.11649         45.5989 
        2.13538         30.2511         5.04492         45.3279 
        2.14763         30.0452         4.97496         44.9722 
        2.15986         29.7803         4.90648         44.6216 
        2.17214          29.361         4.83902         44.3583 
        2.18443         29.0533         4.77276         43.9706 
        2.19671         28.6661         4.70782          43.676 
        2.20898          28.318         4.64417         43.3474 
        2.22126         28.2262         4.58163         43.0305 
        2.23354         27.8374         4.52026         42.7844 
         2.2458         27.5054         4.46012         42.4552 
        2.25807           27.11         4.40103         42.1368 
        2.27035         26.8302         4.34295         41.8652 
        2.28263         26.5741         4.28595         41.5819 
         2.2949         26.3226            4.23         41.2895 
        2.30718         26.0684         4.17504         40.9728 
        2.31946         25.8236         4.12102         40.6945 
        2.33169         25.5128          4.0682         40.4112 
        2.34393         25.2021         4.01622         40.1101 
        2.35622         24.9357         3.96498          39.886 
        2.36847         24.6593         3.91478         39.5625 
        2.38076          24.453          3.8653         39.3355 
        2.39305         24.1271         3.81668         39.0725 
        2.40534         23.9377          3.7689         38.7494 
        2.41762         23.6226         3.72195         38.5268 
        2.42989         23.5161         3.67586         38.2345 
        2.44216         23.1841         3.63056         37.9979 
         2.4544         22.9941         3.58613         37.7428 
        2.46667         22.7313         3.54234         37.4822 
        2.47897         22.4785         3.49918         37.2294 
        2.49124         22.3183         3.45686         36.9803 
        2.50349         22.0398          3.4153         36.7448 
        2.51578         21.7824         3.37429         36.5036 
        2.52805         21.6142         3.33403         36.2467 
        2.54029         21.4335         3.29453         36.0023 
        2.55257         21.2526         3.25555         35.7568 
        2.56487         20.9863         3.21713         35.5282 
        2.57716         20.8405         3.17938         35.2726 
        2.58942         20.6195         3.14232         35.0729 
        2.60167         20.4245         3.10589         34.8286 
        2.61395         20.2349         3.06998         34.5956 
        2.62624         20.1199         3.03459         34.3729 
        2.63849         19.9167         2.99987         34.1542 
        2.65073         19.6611         2.96573         33.9167 
        2.66302         19.4543           2.932         33.7124 
         2.6753         19.3843         2.89882         33.4968 
        2.68756         19.2599         2.86621         33.3021 
        2.69983         19.0538         2.83409         33.0481 
        2.71213          18.843         2.80239         32.8412 
        2.72441         18.7271         2.77123         32.6169 
        2.73665         18.5749         2.74062         32.4051 
         2.7489         18.3698         2.71049         32.2058 
        2.76118         18.2755         2.68072         31.9839 
        2.77349         18.1625         2.65133          31.795 
        2.78576         17.9441         2.62249         31.6073 
        2.79802         17.8257          2.5941         31.3944 
        2.81031         17.7151         2.56606          31.203 
        2.82259         17.6229         2.53845         31.0114 
        2.83483         17.4347         2.51135         30.8021 
         2.8471         17.3892         2.48459         30.5923 
         2.8594         17.2398         2.45814         30.4032 
         2.8717         17.1299         2.43208         30.2092 
        2.88396         16.9701          2.4065          30.013 
        2.89619         16.9331         2.38133         29.8334 
        2.90847         16.8306         2.35643         29.6511 
        2.92072          16.697         2.33193         29.4618 
        2.93299         16.6275         2.30776         29.2946 
        2.94526         16.5735         2.28391         29.1116 
        2.95753         16.5021         2.26041         28.9206 
        2.96982         16.3942          2.2372         28.7463 
        2.98209         16.2922         2.21436         28.5739 
        2.99436         16.2534         2.19182         28.3954 
        3.00666         16.1537         2.16956         28.2142 
        3.01894         16.1157         2.14765         28.0401 
        3.03119         16.0029         2.12607         27.8683 
        3.04345         16.0241         2.10479         27.7004 
        3.05573         15.9995         2.08375         27.5327 
          3.068          15.884         2.06303          27.358 
        3.08026         15.8744         2.04261         27.1896 
        3.09254         15.8079         2.02243         27.0275 
        3.10483         15.7991         2.00251         26.8674 
         3.1171         15.8397          1.9829         26.7098 
        3.12933         15.7724          1.9636         26.5498 
        3.14159         15.6886         1.94451         26.3796 
