# k  (h/Mpc)    Pcb(k)  (Mpc/h)^3    Pcb_linear(k) (Mpc/h)^3    Pcb_NL(k) (Mpc/h)^3   ShotnoiseSubtracted = false
      0.0156606           19705         19804.2         19654.3 
      0.0273761           16907         17122.7         16950.6 
      0.0384619         12793.5         12899.9         12749.6 
      0.0498308         9890.44         10146.5         9996.19 
      0.0625568         8354.85         8623.17         8488.54 
      0.0751274         7430.29         7326.26         7136.35 
      0.0867833         5762.67         5898.42         5840.52 
      0.0984825         4855.83         4667.83          4722.3 
       0.111151          4146.7         3897.54         3963.61 
       0.123864         3716.45         3512.46         3566.17 
       0.135742         3383.83         3158.57         3212.66 
        0.14762         2940.93         2700.73         2844.45 
       0.160083          2489.8         2251.21         2427.17 
       0.172465         2220.87         1964.87         2188.54 
       0.184281         2018.09         1811.38         2036.71 
       0.196406         1895.16          1672.8         1874.03 
       0.209011         1768.71         1488.37         1697.39 
       0.221538         1594.05         1300.69         1581.19 
       0.233611         1521.83         1163.78         1478.97 
       0.245665         1382.21         1074.12         1364.69 
       0.258103         1360.53         999.917         1287.77 
       0.270422         1215.19         918.807         1208.38 
       0.282519         1143.69         833.869         1141.17 
       0.294636         1126.66         759.747         1079.64 
       0.306978         1024.91         702.893         1033.42 
       0.319417          1001.4         657.164         973.972 
        0.33169         942.399         613.392         921.297 
       0.343948         902.559         568.343         892.147 
       0.356249         853.582         526.096         858.252 
       0.368458         822.815          490.71         818.349 
        0.38068         805.842         461.117         786.304 
       0.392856         763.762         434.103         757.949 
       0.405069         726.633         407.689         734.152 
       0.417459         698.712         382.113         705.994 
       0.429752         691.126         359.155         681.183 
       0.441978         667.171         339.004         663.382 
       0.454294         636.338         320.706         635.899 
        0.46658         619.203         303.537         622.358 
       0.478753         605.878          287.34         602.944 
       0.490964         582.512         272.126         584.227 
       0.503334         555.787         258.083         570.579 
       0.515665         554.451         245.278         558.034 
       0.527909         532.264         233.457         545.226 
       0.540159         518.822         222.273         530.848 
        0.55248         508.688         211.661         516.909 
       0.564743         504.501         201.834         508.025 
        0.57686         486.164         192.803         494.263 
       0.589077         474.605         184.278         483.227 
       0.601441         466.429         176.172         473.388 
        0.61382         454.604         168.529         465.112 
       0.626067         449.091         161.397         455.939 
       0.638306          432.02         154.681          446.95 
       0.650632         427.462         148.317         435.528 
       0.662899         423.723         142.354          430.43 
       0.675076         408.536         136.766         423.826 
       0.687267         397.748         131.471         413.711 
       0.699615         394.425         126.389         407.147 
       0.711937         387.909         121.586         399.695 
       0.724148         374.911         117.073         394.022 
       0.736433         366.231         112.767         386.726 
       0.748747         361.536         108.671         379.742 
       0.761037         354.784         104.788         374.776 
       0.773197          350.32         101.135         369.028 
       0.785376         345.083          97.652         363.416 
       0.797761         335.485         94.2793         357.688 
       0.810096         332.788         91.0793           353.2 
       0.822371         322.092         88.0433         347.391 
       0.834626          320.08         85.1513         342.974 
       0.846916         313.683         82.3824         337.713 
       0.859215         312.439         79.7357         332.877 
       0.871383         304.561         77.2321         328.296 
        0.88363         302.491         74.8218         324.931 
       0.895928         296.708         72.5056         319.783 
       0.908253         289.241         70.2837         314.653 
       0.920535         285.904         68.1628         310.811 
       0.932774         279.608         66.1372         306.345 
        0.94508         275.968         64.1842         303.168 
       0.957324         274.472         62.3199         299.004 
        0.96953         270.537         60.5357          295.24 
       0.981769         263.203         58.8172         292.131 
       0.994071         262.256         57.1576         288.479 
         1.0064         256.733         55.5594         284.254 
        1.01868         253.803         54.0273         280.656 
        1.03092         246.737         52.5601         278.085 
         1.0432         243.585         51.1424          274.71 
        1.05553         240.647         49.7716          271.03 
        1.06777         239.145         48.4612         268.145 
           1.08         233.382         47.1996         265.044 
        1.09227         231.424          45.979         261.905 
         1.1046          227.67         44.7971         259.332 
         1.1169         222.537         43.6591          255.81 
        1.12915         219.663         42.5664         253.448 
        1.14142          215.86         41.5089         250.276 
        1.15365         213.062         40.4907         247.637 
        1.16585         209.505         39.5094         244.659 
        1.17807         207.193         38.5596         242.425 
        1.19037         204.657         37.6349         240.232 
        1.20276         201.782         36.7343         237.122 
        1.21504         197.462         35.8705         234.527 
        1.22728         194.253         35.0381         231.612 
        1.23954         193.447         34.2302         229.787 
        1.25184         189.474         33.4463         227.251 
        1.26414         185.946         32.6867             225 
        1.27632         185.112         31.9576         223.186 
         1.2886         183.558         31.2457         220.447 
        1.30093         178.434          30.553         217.858 
        1.31316          175.27         29.8864          215.48 
        1.32541         174.078         29.2396         213.584 
        1.33772         172.031         28.6084         211.429 
        1.35005         169.427         27.9955         209.058 
        1.36225         166.516         27.4069         207.126 
        1.37447         164.225         26.8341         204.594 
        1.38676         162.356          26.275         202.998 
        1.39907         159.803         25.7311         200.707 
        1.41133         157.125         25.2049         198.782 
        1.42358         155.262         24.6939          196.91 
        1.43591         153.431         24.1936         194.931 
        1.44818         150.905           23.71         193.065 
        1.46037         149.123         23.2425         191.027 
        1.47263         146.904         22.7851         189.453 
        1.48494         144.896         22.3382         187.129 
        1.49724         142.864         21.9037         185.745 
        1.50952         140.252         21.4816         183.846 
        1.52178         139.531         21.0713         181.839 
        1.53409         136.546         20.6702         180.327 
        1.54637         134.936         20.2803         178.829 
        1.55858         132.786         19.9026         176.881 
        1.57081         130.821         19.5341         175.347 
        1.58313         129.089         19.1727         173.559 
        1.59544         126.942         18.8206          172.03 
        1.60767         125.939         18.4796         170.447 
        1.61994         123.622         18.1459         168.984 
        1.63225         122.073         17.8197         167.132 
        1.64452          119.88         17.5025         165.635 
        1.65676         118.182          17.194          164.23 
          1.669         117.296         16.8927         162.791 
        1.68133         114.821         16.5968         161.302 
        1.69363          113.19         16.3088         159.861 
        1.70585         111.242         16.0295         158.448 
        1.71809         109.925         15.7562          156.76 
        1.73038          109.12         15.4883         155.509 
        1.74268         107.941         15.2266          154.02 
        1.75493         105.212         14.9721         152.709 
        1.76714         104.513         14.7241         151.453 
        1.77942         102.734         14.4805         149.923 
        1.79173         101.211         14.2417         148.695 
        1.80402         100.359         14.0088         147.383 
         1.8163          98.225         13.7813         146.078 
         1.8286         96.9781         13.5585         144.744 
         1.8409         96.3082         13.3407         143.409 
        1.85315         94.4237         13.1285          142.26 
        1.86537         93.4981         12.9213         141.079 
        1.87765         92.4782         12.7178         139.868 
        1.88995         90.8748         12.5183         138.613 
        1.90221         89.6496         12.3237         137.468 
        1.91445         88.5566         12.1335         136.166 
        1.92674         87.0918         11.9468         135.023 
        1.93902          85.939         11.7639         133.814 
        1.95124         84.9845         11.5859         132.699 
         1.9635         83.5865          11.411         131.509 
        1.97583         82.3352         11.2387         130.461 
        1.98812         81.3088         11.0706         129.419 
        2.00039          80.347         10.9063         128.245 
        2.01264         79.3651         10.7455         127.188 
        2.02492         78.4981         10.5877         126.067 
        2.03717         77.1391         10.4333         125.023 
        2.04942         76.6488         10.2822         124.057 
        2.06171         74.9023         10.1336         122.978 
        2.07397         74.1222          9.9882         121.997 
        2.08629         73.2501         9.84509         120.938 
        2.09857         72.1709         9.70513         119.967 
        2.11081         70.9711         9.56847         118.858 
        2.12309         70.0183         9.43411         118.025 
        2.13538         69.1732         9.30214         116.987 
        2.14763         68.2897         9.17313         116.056 
        2.15986         67.2167         9.04687         115.043 
        2.17214         66.5543         8.92248         114.106 
        2.18443         65.7097         8.80031         113.341 
        2.19671         64.5424         8.68058          112.37 
        2.20898         64.0401         8.56321         111.393 
        2.22126         63.0922         8.44789         110.519 
        2.23354         62.3849         8.33474         109.657 
         2.2458         61.2975         8.22385         108.792 
        2.25807         60.5503         8.11489         107.887 
        2.27035         59.7873          8.0078         107.006 
        2.28263         58.9868         7.90271          106.17 
         2.2949         58.2111         7.79954          105.34 
        2.30718         57.2563          7.6982         104.531 
        2.31946         56.9105          7.5986         103.646 
        2.33169         55.8718          7.5012         102.856 
        2.34393         55.3765         7.40535         102.101 
        2.35622         54.4313         7.31087         101.286 
        2.36847         54.0298         7.21831         100.594 
        2.38076         53.0978         7.12707         99.6776 
        2.39305         52.5098         7.03744         99.0033 
        2.40534         51.8772         6.94934         98.1877 
        2.41762         51.2791         6.86276         97.3865 
        2.42989         50.5214         6.77778         96.7074 
        2.44216         49.9856         6.69426         95.9091 
         2.4544         49.2595         6.61234         95.1957 
        2.46667         48.7103         6.53159         94.4529 
        2.47897         48.1772         6.45201         93.7118 
        2.49124         47.6017         6.37397         93.0434 
        2.50349         47.2581         6.29733         92.3172 
        2.51578         46.4406         6.22173         91.7128 
        2.52805         45.9287          6.1475         90.9452 
        2.54029         45.4751         6.07466         90.2201 
        2.55257         44.8544         6.00279         89.6046 
        2.56487         44.5277         5.93194         88.9765 
        2.57716         43.8356         5.86234         88.3098 
        2.58942         43.2415         5.79401         87.6365 
        2.60167         42.8557         5.72683         87.0014 
        2.61395         42.2779         5.66062          86.367 
        2.62624         41.8829         5.59537         85.6726 
        2.63849         41.3548         5.53135         85.0668 
        2.65073         40.9987          5.4684         84.4423 
        2.66302         40.4685          5.4062         83.8069 
         2.6753         40.0496         5.34501          83.226 
        2.68756         39.6224          5.2849         82.5991 
        2.69983         39.1574         5.22566         82.0389 
        2.71213         38.7852         5.16721         81.4532 
        2.72441         38.3967         5.10976          80.853 
        2.73665         37.8611         5.05332         80.2837 
         2.7489         37.5862         4.99777         79.7154 
        2.76118         37.1676         4.94288         79.1471 
        2.77349         36.7827         4.88868         78.5831 
        2.78576         36.4774         4.83551         77.9902 
        2.79802         36.1158         4.78316         77.5185 
        2.81031         35.6609         4.73146         76.9477 
        2.82259         35.5547         4.68055         76.3771 
        2.83483         35.0649         4.63058         75.8879 
         2.8471         34.7526         4.58124         75.3422 
         2.8594         34.4547         4.53247         74.7941 
         2.8717         34.2989         4.48442         74.3014 
        2.88396         33.8769         4.43726         73.7766 
        2.89619         33.7271         4.39085          73.226 
        2.90847         33.3201         4.34494         72.7089 
        2.92072         33.1384         4.29975         72.2502 
        2.93299         32.9666         4.25519         71.7654 
        2.94526         32.6059         4.21122         71.2716 
        2.95753         32.3994         4.16789         70.7725 
        2.96982         32.1674         4.12509         70.2948 
        2.98209         31.9172         4.08298         69.8322 
        2.99436         31.6785         4.04142         69.3235 
        3.00666         31.6513         4.00037         68.8652 
        3.01894         31.3131         3.95997         68.3935 
        3.03119          31.268         3.92018         67.9523 
        3.04345          31.139         3.88094         67.5189 
        3.05573         30.7815         3.84215         67.0622 
          3.068         30.7874         3.80394         66.6132 
        3.08026         30.6049         3.76629         66.1647 
        3.09254         30.5343         3.72908         65.7343 
        3.10483          30.494         3.69236         65.3075 
         3.1171         30.2905         3.65619          64.873 
        3.12933         30.2151          3.6206         64.4372 
        3.14159         30.0899         3.58541         63.9972 
