# k  (h/Mpc)    Pcb(k)  (Mpc/h)^3    Pcb_linear(k) (Mpc/h)^3    Pcb_NL(k) (Mpc/h)^3   ShotnoiseSubtracted = false
      0.0156606         11756.7         11792.8         11718.7 
      0.0273761         10135.9         10198.5         10131.5 
      0.0384619         7689.74         7684.18         7632.52 
      0.0498308         5974.95         6044.46         5995.21 
      0.0625568         5043.76         5137.22         5091.05 
      0.0751274         4448.64         4364.71         4297.42 
      0.0867833         3474.14         3514.12         3496.22 
      0.0984825         2885.73            2781         2806.14 
       0.111151         2444.22          2322.1         2349.42 
       0.123864         2194.13         2092.69         2115.52 
       0.135742         1985.77         1881.86         1905.27 
        0.14762         1709.39         1609.08         1668.92 
       0.160083         1427.96         1341.27         1411.59 
       0.172465         1272.11         1170.67          1258.7 
       0.184281         1169.44         1079.22         1170.32 
       0.196406         1077.83         996.659         1073.07 
       0.209011         992.904         886.773         968.279 
       0.221538         895.054         774.956         887.903 
       0.233611          834.48         693.385         820.306 
       0.245665         770.489         639.968         754.754 
       0.258103         730.112         595.756          709.76 
       0.270422          664.02          547.43         661.313 
       0.282519         612.659         496.824         616.477 
       0.294636         606.808         452.662         578.258 
       0.306978         541.357         418.788         549.213 
       0.319417         521.742         391.543          516.54 
        0.33169          490.93         365.463         486.163 
       0.343948         467.844         338.623          466.29 
       0.356249          438.26         313.452         445.635 
       0.368458         425.045         292.369          420.64 
        0.38068          407.26         274.737          401.62 
       0.392856         382.116         258.642         385.043 
       0.405069         366.848         242.905         371.749 
       0.417459         350.747         227.666         352.669 
       0.429752         339.207         213.987          339.46 
       0.441978         328.099         201.982          328.97 
       0.454294         307.929         191.079         313.823 
        0.46658         305.613          180.85          305.04 
       0.478753         292.697           171.2          294.26 
       0.490964         282.842         162.135         283.882 
       0.503334         266.905         153.768         275.635 
       0.515665         264.138         146.139         269.247 
       0.527909         255.877         139.096         259.988 
       0.540159          248.66         132.432         252.518 
        0.55248         243.624         126.109         244.907 
       0.564743         237.539         120.255          239.56 
        0.57686         229.018         114.874         232.057 
       0.589077         219.923         109.795         227.011 
       0.601441         216.646         104.965         221.478 
        0.61382         214.264         100.411         216.051 
       0.626067         208.694         96.1618         210.905 
       0.638306         199.186         92.1602         206.622 
       0.650632         194.004         88.3689         200.031 
       0.662899         193.737         84.8161         196.596 
       0.675076         186.658         81.4865         192.197 
       0.687267         181.862         78.3314         187.981 
       0.699615         178.289          75.304         184.228 
       0.711937         174.086         72.4421          180.47 
       0.724148         170.802         69.7532         177.822 
       0.736433          166.68         67.1874         173.714 
       0.748747         163.022          64.747         170.168 
       0.761037         160.554         62.4336         166.697 
       0.773197         157.263         60.2572         164.792 
       0.785376         155.393          58.182         161.064 
       0.797761         152.118         56.1725         159.007 
       0.810096          148.59         54.2659         155.932 
       0.822371         143.833         52.4571         153.307 
       0.834626         142.124          50.734         150.688 
       0.846916         140.504         49.0842         148.418 
       0.859215         138.751         47.5073         145.958 
       0.871383         135.901         46.0157         143.508 
        0.88363         133.406         44.5796         141.821 
       0.895928          130.77         43.1996         139.798 
       0.908253         127.265         41.8757          137.22 
       0.920535         126.677         40.6121         135.477 
       0.932774         122.949         39.4052         133.188 
        0.94508         121.988         38.2416         131.498 
       0.957324           120.6         37.1308          129.63 
        0.96953         119.922         36.0678         127.519 
       0.981769         116.094         35.0439          126.35 
       0.994071         115.332         34.0551         124.541 
         1.0064         112.547         33.1029         122.709 
        1.01868         111.492           32.19         121.306 
        1.03092         109.506         31.3158         119.803 
         1.0432         107.624         30.4711         118.215 
        1.05553         105.126         29.6544         117.048 
        1.06777         104.944         28.8737         115.691 
           1.08         102.865          28.122         114.146 
        1.09227         101.441         27.3947          112.79 
         1.1046         99.6602         26.6906         111.401 
         1.1169         98.4966         26.0125         109.878 
        1.12915         97.0723         25.3615         108.732 
        1.14142         95.4709         24.7314         107.376 
        1.15365         93.6426         24.1248         106.175 
        1.16585         92.5335         23.5401           104.9 
        1.17807         91.0741         22.9742         103.976 
        1.19037         90.8983         22.4232         102.887 
        1.20276         88.8927         21.8867         101.662 
        1.21504         88.2581          21.372         100.459 
        1.22728           86.32          20.876         99.4458 
        1.23954         85.6688         20.3947         98.3141 
        1.25184         83.9523         19.9276          97.385 
        1.26414          82.871         19.4751         96.3858 
        1.27632         82.0653         19.0407         95.7107 
         1.2886         80.7068         18.6165         94.3413 
        1.30093          79.549         18.2038         93.2827 
        1.31316         78.7513         17.8066         92.5821 
        1.32541         77.9676         17.4213         91.6715 
        1.33772         76.7528         17.0452         90.7224 
        1.35005         76.0459           16.68         89.8233 
        1.36225         74.8681         16.3293         88.9362 
        1.37447         73.2354          15.988         87.9888 
        1.38676          73.271         15.6549         87.0381 
        1.39907         71.8265         15.3308         86.4122 
        1.41133         70.5847         15.0173         85.7388 
        1.42358         69.8077         14.7129         84.6769 
        1.43591         69.3043         14.4148         83.9282 
        1.44818         68.3063         14.1267         83.0791 
        1.46037         67.4473         13.8481         82.4416 
        1.47263         66.4173         13.5756         81.7728 
        1.48494         65.7353         13.3093         80.9411 
        1.49724         64.6713         13.0504           80.12 
        1.50952         64.1856          12.799         79.3609 
        1.52178         63.3393         12.5545         78.7525 
        1.53409         62.7911         12.3155         78.0728 
        1.54637         61.2823         12.0832         77.3093 
        1.55858          60.689         11.8582         76.5695 
        1.57081         60.2025         11.6386         76.0186 
        1.58313         59.2164         11.4233           75.39 
        1.59544          58.467         11.2135         74.6401 
        1.60767         57.8868         11.0103         74.0234 
        1.61994         57.0048         10.8115         73.4853 
        1.63225         56.2836         10.6172         72.6811 
        1.64452          55.675         10.4282          72.171 
        1.65676         54.8439         10.2444         71.4823 
          1.669         54.4687         10.0649         70.9464 
        1.68133           53.89         9.88853         70.2925 
        1.69363         52.9484         9.71694          69.798 
        1.70585         52.6427         9.55052         69.2006 
        1.71809         51.5274         9.38767         68.6544 
        1.73038         51.1432         9.22811         68.0629 
        1.74268         50.4285         9.07216         67.4876 
        1.75493         49.8991         8.92054          66.923 
        1.76714         49.2811         8.77277         66.3588 
        1.77942         48.9829         8.62761          65.851 
        1.79173         48.1251         8.48536         65.2419 
        1.80402         47.6845         8.34661         64.8163 
         1.8163         47.0544         8.21105         64.1998 
         1.8286         46.3884         8.07827         63.8235 
         1.8409         45.8196         7.94854         63.1893 
        1.85315          45.324         7.82209          62.829 
        1.86537         44.7914         7.69865         62.2966 
        1.87765         44.3622         7.57742         61.7182 
        1.88995         43.7523         7.45851         61.2203 
        1.90221         43.3898         7.34257         60.7431 
        1.91445         42.7038         7.22929         60.3433 
        1.92674         42.2775           7.118         59.8186 
        1.93902         41.8125         7.00906          59.338 
        1.95124         41.4019         6.90297         58.9624 
         1.9635         40.7191         6.79882          58.446 
        1.97583         40.3561         6.69615         58.0721 
        1.98812          39.687           6.596          57.567 
        2.00039         39.4612         6.49809         57.1143 
        2.01264         38.8241         6.40227         56.7342 
        2.02492         38.4961         6.30824          56.306 
        2.03717         37.9332         6.21626         55.8314 
        2.04942         37.4858         6.12623         55.4298 
        2.06171         37.1445         6.03768         54.9622 
        2.07397         36.6223         5.95107         54.6066 
        2.08629         36.2322         5.86581         54.1667 
        2.09857         35.9081         5.78242         53.8081 
        2.11081         35.3892         5.70099         53.3666 
        2.12309         35.0687         5.62094         52.9613 
        2.13538         34.5793         5.54231         52.6218 
        2.14763         34.2673         5.46545         52.2145 
        2.15986         34.0622         5.39022         51.8027 
        2.17214          33.438         5.31611         51.5002 
        2.18443         33.1836         5.24331          51.038 
        2.19671          32.671         5.17198         50.6728 
        2.20898          32.244         5.10205         50.2909 
        2.22126         32.0889         5.03334         49.9176 
        2.23354          31.671         4.96592         49.6173 
         2.2458         31.3438         4.89986         49.2306 
        2.25807         30.8188         4.83493         48.8532 
        2.27035         30.5225         4.77113         48.5231 
        2.28263         30.1704         4.70851         48.1858 
         2.2949         29.9124         4.64705         47.8446 
        2.30718         29.5954         4.58667         47.4839 
        2.31946         29.2761         4.52732         47.1516 
        2.33169         28.9807         4.46929         46.8033 
        2.34393         28.5844         4.41218         46.4446 
        2.35622         28.2596         4.35589         46.1749 
        2.36847         27.9404         4.30074         45.7978 
        2.38076          27.702         4.24638         45.5253 
        2.39305         27.3724         4.19298         45.2093 
        2.40534         27.1143         4.14049         44.8266 
        2.41762         26.7391          4.0889         44.5439 
        2.42989         26.5545         4.03827         44.2327 
        2.44216         26.2316         3.98851         43.9327 
         2.4544         25.9675          3.9397         43.6395 
        2.46667         25.6102         3.89159         43.3185 
        2.47897         25.4117         3.84417         43.0349 
        2.49124         25.1857         3.79767         42.7264 
        2.50349         24.8614         3.75202         42.4611 
        2.51578         24.5201         3.70697         42.1724 
        2.52805         24.3588         3.66274         41.8624 
        2.54029         24.1596         3.61935         41.5797 
        2.55257          23.903         3.57652         41.2945 
        2.56487         23.6861         3.53431         41.0157 
        2.57716         23.4159         3.49284         40.7235 
        2.58942         23.1748         3.45213         40.4803 
        2.60167         22.9447         3.41211         40.1819 
        2.61395          22.733         3.37266         39.9111 
        2.62624         22.5372         3.33378         39.6583 
        2.63849          22.363         3.29563         39.3879 
        2.65073         22.0874         3.25813         39.1059 
        2.66302         21.8085         3.22107         38.8682 
         2.6753         21.6929         3.18461         38.6125 
        2.68756         21.5256          3.1488         38.3752 
        2.69983         21.3327          3.1135         38.0911 
        2.71213         21.1379         3.07868         37.8471 
        2.72441         20.9697         3.04445         37.5789 
        2.73665         20.7487         3.01082         37.3321 
         2.7489         20.5425         2.97772         37.0927 
        2.76118         20.4173         2.94502         36.8245 
        2.77349         20.3059         2.91273         36.6078 
        2.78576         20.0759         2.88105         36.3778 
        2.79802         19.8702         2.84986         36.1324 
        2.81031          19.769         2.81905         35.9154 
        2.82259         19.6676         2.78872         35.6761 
        2.83483         19.4154         2.75894         35.4285 
         2.8471         19.3618         2.72955         35.1911 
         2.8594         19.1946         2.70049         34.9753 
         2.8717         19.0145         2.67187         34.7411 
        2.88396         18.8503         2.64376         34.5083 
        2.89619         18.8173         2.61611         34.2973 
        2.90847         18.6719         2.58876         34.0752 
        2.92072          18.518         2.56184           33.87 
        2.93299         18.4608         2.53529         33.6605 
        2.94526         18.3677         2.50909         33.4404 
        2.95753         18.2709         2.48327         33.2249 
        2.96982         18.2066         2.45777         33.0198 
        2.98209         18.0544         2.43268         32.8153 
        2.99436         18.0278         2.40792         32.6075 
        3.00666         17.9017         2.38346         32.3955 
        3.01894         17.8427         2.35939         32.1824 
        3.03119         17.6954         2.33568         31.9804 
        3.04345         17.7316          2.3123         31.7889 
        3.05573         17.6435         2.28919         31.5909 
          3.068         17.5707         2.26643         31.3809 
        3.08026         17.5595         2.24399         31.1887 
        3.09254         17.4815         2.22182         31.0021 
        3.10483         17.4461         2.19995         30.8133 
         3.1171         17.4536         2.17839         30.6249 
        3.12933         17.3956         2.15719         30.4347 
        3.14159         17.3296         2.13622         30.2405 
