# k  (h/Mpc)    Pcb(k)  (Mpc/h)^3    Pcb_linear(k) (Mpc/h)^3    Pcb_NL(k) (Mpc/h)^3   ShotnoiseSubtracted = false
      0.0156606         4908.04         4914.27         4888.37 
      0.0273761         4254.25         4251.48         4235.74 
      0.0384619         3232.51         3203.89         3195.54 
      0.0498308         2526.99         2520.46         2513.91 
      0.0625568         2132.17         2142.29         2134.85 
      0.0751274          1857.4         1820.21         1808.16 
      0.0867833         1465.52         1465.53         1463.34 
      0.0984825         1196.95         1159.81          1166.4 
       0.111151         1005.55         968.435         975.052 
       0.123864         903.404         872.768         878.213 
       0.135742         813.297         784.843         790.409 
        0.14762         692.818         671.085          684.23 
       0.160083         575.221         559.392         574.316 
       0.172465          509.24         488.244         506.433 
       0.184281         471.791         450.105         469.398 
       0.196406         430.432         415.672         430.878 
       0.209011         390.467         369.843         386.764 
       0.221538         348.945         323.209         346.862 
       0.233611         317.054         289.188         315.583 
       0.245665         297.653          266.91         290.465 
       0.258103         270.337         248.471         271.936 
       0.270422         252.687         228.316         251.353 
       0.282519         229.757          207.21         231.542 
       0.294636         222.756         188.791         214.464 
       0.306978          196.56         174.664         201.302 
       0.319417         188.066         163.301         188.958 
        0.33169         175.271         152.424          177.21 
       0.343948         167.147          141.23         166.885 
       0.356249         154.437         130.731         158.088 
       0.368458         148.265         121.938         147.784 
        0.38068         139.948         114.585         140.143 
       0.392856         130.499         107.872         133.566 
       0.405069         124.045         101.308         126.805 
       0.417459         117.436         94.9531         120.018 
       0.429752          112.78          89.248         114.501 
       0.441978         107.906         84.2408         110.157 
       0.454294         100.373         79.6937         104.391 
        0.46658         100.334         75.4274         100.245 
       0.478753         93.5427         71.4025         96.2471 
       0.490964           90.66          67.622         92.4245 
       0.503334         86.7683         64.1324          88.707 
       0.515665         83.4106         60.9503         86.1174 
       0.527909         80.2211         58.0128         81.7998 
       0.540159         77.3472         55.2337         79.1476 
        0.55248         73.2656         52.5967         76.1316 
       0.564743         71.8064         50.1549          73.809 
        0.57686         69.5725         47.9108         71.2637 
       0.589077         65.9991         45.7923          69.223 
       0.601441          64.203          43.778         67.0413 
        0.61382          62.379         41.8787          64.669 
       0.626067         59.7876         40.1064         62.9224 
       0.638306         58.0057         38.4374         60.9384 
       0.650632         56.0867         36.8562         58.8555 
       0.662899         54.8644         35.3744         57.1695 
       0.675076         52.6135         33.9857         55.6047 
       0.687267         51.8689         32.6699         54.0457 
       0.699615         50.0158         31.4072         52.8469 
       0.711937         48.0032         30.2136         51.0688 
       0.724148         47.7584         29.0921         50.1716 
       0.736433         45.1821          28.022         48.6941 
       0.748747          44.598         27.0042         47.4606 
       0.761037         43.3596         26.0393         46.3479 
       0.773197         42.3387         25.1316         45.4498 
       0.785376         40.8484         24.2661         44.2727 
       0.797761         40.3455          23.428         43.3781 
       0.810096         39.3183         22.6328         42.3158 
       0.822371         38.4023         21.8784          41.285 
       0.834626         37.3347         21.1597         40.5817 
       0.846916         36.4352         20.4717         39.6537 
       0.859215         35.3142          19.814         38.7851 
       0.871383         34.8253         19.1919         38.0825 
        0.88363         33.9437         18.5929         37.3998 
       0.895928          33.172         18.0173         36.5262 
       0.908253         32.4956         17.4652          35.943 
       0.920535         31.9143         16.9382         35.2026 
       0.932774         31.3651         16.4348         34.5357 
        0.94508         30.6959         15.9495         33.8304 
       0.957324         30.0397         15.4862         33.2718 
        0.96953         29.4154         15.0429         32.6202 
       0.981769         28.8514         14.6158         32.1435 
       0.994071         28.2139         14.2034         31.5561 
         1.0064         27.5883         13.8063         31.0261 
        1.01868          27.028         13.4256         30.5429 
        1.03092         26.8165          13.061         29.9963 
         1.0432         26.0962         12.7087         29.4284 
        1.05553          25.609          12.368         29.1549 
        1.06777         24.9554         12.0424         28.5459 
           1.08          24.439         11.7289         28.1064 
        1.09227          24.117         11.4256         27.7588 
         1.1046         23.7657         11.1319         27.2593 
         1.1169         23.3553         10.8491         26.8612 
        1.12915         23.0917         10.5776         26.4856 
        1.14142         22.3954         10.3148          26.077 
        1.15365         22.2007         10.0618         25.7196 
        1.16585         21.9123         9.81793         25.3795 
        1.17807         21.3954         9.58191         24.9258 
        1.19037         21.2085         9.35212         24.7143 
        1.20276         20.8879         9.12833         24.3245 
        1.21504         20.4742         8.91367         24.0534 
        1.22728         20.0714         8.70682         23.6961 
        1.23954         19.8193         8.50606         23.3536 
        1.25184         19.4455         8.31128         23.0821 
        1.26414         19.2096         8.12252         22.7523 
        1.27632         18.9311         7.94134         22.4619 
         1.2886          18.725         7.76443         22.2069 
        1.30093         18.2751          7.5923         21.9751 
        1.31316         18.0793         7.42665         21.6637 
        1.32541         17.8584         7.26593           21.45 
        1.33772          17.533         7.10909         21.1808 
        1.35005         17.3089         6.95678         20.9547 
        1.36225         17.0711          6.8105         20.6956 
        1.37447         16.7306         6.66816         20.4366 
        1.38676          16.543         6.52925         20.2343 
        1.39907           16.29         6.39407         20.0026 
        1.41133         16.0479         6.26331         19.7694 
        1.42358         15.8501         6.13634         19.5387 
        1.43591         15.6125         6.01202         19.3695 
        1.44818         15.3942         5.89185         19.1639 
        1.46037         15.3064         5.77567         18.9158 
        1.47263         15.0196           5.662         18.7683 
        1.48494         14.9037         5.55095         18.5242 
        1.49724         14.6826         5.44298         18.3707 
        1.50952         14.4758          5.3381         18.1983 
        1.52178         14.2879         5.23615         17.9801 
        1.53409         14.0264         5.13645         17.8063 
        1.54637         13.9983         5.03956         17.5943 
        1.55858         13.7627         4.94573         17.4476 
        1.57081         13.5409         4.85415         17.2931 
        1.58313         13.4412         4.76433          17.121 
        1.59544         13.2089         4.67684         16.9723 
        1.60767         13.0817          4.5921         16.7886 
        1.61994         12.8501         4.50918         16.6506 
        1.63225         12.7868         4.42813         16.5168 
        1.64452         12.6142          4.3493         16.3726 
        1.65676         12.4487         4.27264          16.198 
          1.669         12.3466         4.19778         16.0493 
        1.68133          12.108         4.12423         15.9016 
        1.69363         11.9727         4.05267          15.731 
        1.70585         11.8353         3.98326         15.6427 
        1.71809         11.7147         3.91534          15.496 
        1.73038         11.5873         3.84879         15.3777 
        1.74268         11.4747         3.78375         15.2238 
        1.75493         11.2736         3.72051         15.0896 
        1.76714         11.2851         3.65888         14.9735 
        1.77942         11.1375         3.59834         14.8256 
        1.79173          10.915         3.53901          14.724 
        1.80402         10.8556         3.48114         14.6094 
         1.8163         10.7285          3.4246         14.4875 
         1.8286         10.5706         3.36922         14.3749 
         1.8409         10.4709         3.31512         14.2594 
        1.85315         10.3646         3.26238         14.1347 
        1.86537         10.2704          3.2109         14.0321 
        1.87765         10.1799         3.16034         13.9206 
        1.88995         9.99611         3.11074         13.8163 
        1.90221         9.95858         3.06239         13.6878 
        1.91445          9.8306         3.01514         13.6049 
        1.92674         9.72404         2.96872         13.4887 
        1.93902         9.63799         2.92329         13.4072 
        1.95124         9.51448         2.87904         13.3024 
         1.9635          9.4219          2.8356         13.1933 
        1.97583         9.34295         2.79278         13.0768 
        1.98812         9.26808         2.75101         12.9801 
        2.00039         9.18228         2.71018          12.902 
        2.01264         9.08892         2.67021         12.8137 
        2.02492         9.01301         2.63099         12.7041 
        2.03717         8.87422         2.59263         12.6168 
        2.04942         8.77931         2.55508         12.5267 
        2.06171         8.75421         2.51815         12.4406 
        2.07397         8.64337         2.48203         12.3583 
        2.08629         8.56667         2.44647         12.2784 
        2.09857         8.48828         2.41169         12.1829 
        2.11081         8.41614         2.37773         12.1144 
        2.12309          8.3054         2.34434         12.0061 
        2.13538         8.23423         2.31154         11.9314 
        2.14763         8.15155         2.27949         11.8536 
        2.15986         8.11592         2.24811         11.7814 
        2.17214         8.03735          2.2172         11.6813 
        2.18443         7.93384         2.18684         11.6162 
        2.19671          7.9076         2.15709         11.5381 
        2.20898         7.79123         2.12793         11.4651 
        2.22126          7.7115         2.09927         11.3848 
        2.23354         7.67881         2.07115         11.3014 
         2.2458         7.58825          2.0436         11.2411 
        2.25807         7.52687         2.01652          11.156 
        2.27035         7.46986         1.98991         11.0888 
        2.28263         7.40765         1.96379         11.0132 
         2.2949         7.32312         1.93816         10.9489 
        2.30718         7.26878         1.91297         10.8923 
        2.31946         7.21637         1.88822         10.8184 
        2.33169         7.15275         1.86402         10.7517 
        2.34393         7.10363          1.8402          10.678 
        2.35622         7.05336         1.81672         10.6156 
        2.36847         6.98849         1.79372         10.5471 
        2.38076         6.92965         1.77105         10.4839 
        2.39305         6.84407         1.74878         10.4089 
        2.40534         6.80835         1.72688         10.3419 
        2.41762         6.75919         1.70537         10.2958 
        2.42989         6.71977         1.68425         10.2338 
        2.44216         6.66278          1.6635         10.1638 
         2.4544         6.59987         1.64314         10.1049 
        2.46667         6.58936         1.62308         10.0454 
        2.47897          6.5313          1.6033         9.97568 
        2.49124         6.45516         1.58391         9.91844 
        2.50349         6.42348         1.56486         9.86975 
        2.51578         6.36701         1.54608         9.81458 
        2.52805          6.3332         1.52763         9.75739 
        2.54029         6.27303         1.50953         9.70167 
        2.55257         6.26152         1.49167         9.64404 
        2.56487         6.19133         1.47407         9.57872 
        2.57716         6.15287         1.45677         9.53178 
        2.58942         6.13018         1.43979         9.47868 
        2.60167         6.08383          1.4231         9.42163 
        2.61395         6.02689         1.40664         9.37077 
        2.62624         6.00939         1.39043         9.31661 
        2.63849         5.98707         1.37452         9.26621 
        2.65073         5.93333         1.35888         9.20803 
        2.66302         5.89844         1.34342         9.15411 
         2.6753         5.85902         1.32822         9.10417 
        2.68756         5.83129         1.31328         9.06225 
        2.69983         5.79353         1.29856         9.00264 
        2.71213         5.75809         1.28403         8.95273 
        2.72441         5.72258         1.26976          8.9061 
        2.73665         5.70931         1.25573         8.85259 
         2.7489         5.68733         1.24193         8.80657 
        2.76118          5.6348         1.22829         8.76714 
        2.77349         5.61315         1.21482         8.71357 
        2.78576         5.59614         1.20161         8.66735 
        2.79802         5.55673          1.1886         8.62062 
        2.81031         5.53946         1.17575         8.57789 
        2.82259         5.50581          1.1631         8.53192 
        2.83483         5.49196         1.15068         8.48402 
         2.8471         5.47392         1.13842         8.44323 
         2.8594         5.46603          1.1263         8.39964 
         2.8717         5.42199         1.11436         8.34812 
        2.88396         5.40459         1.10264         8.30697 
        2.89619         5.37157         1.09111          8.2696 
        2.90847         5.37026          1.0797         8.21981 
        2.92072          5.3707         1.06847         8.17603 
        2.93299         5.36096          1.0574         8.14007 
        2.94526         5.34013         1.04647         8.09423 
        2.95753         5.32274          1.0357          8.0503 
        2.96982         5.30183         1.02507         8.01165 
        2.98209         5.29546          1.0146         7.96514 
        2.99436         5.28949         1.00428         7.92593 
        3.00666         5.29901        0.994076         7.88997 
        3.01894         5.27095        0.984036         7.84473 
        3.03119         5.27564         0.97415         7.80599 
        3.04345         5.27043        0.964398         7.76787 
        3.05573         5.26143        0.954761         7.72567 
          3.068         5.25522        0.945265         7.69033 
        3.08026         5.28004        0.935909         7.65372 
        3.09254         5.27257        0.926662         7.61282 
        3.10483         5.26492        0.917538         7.57744 
         3.1171         5.27533        0.908549         7.54232 
        3.12933         5.28014        0.899705         7.50038 
        3.14159         5.26843         0.89096         7.46411 
