# k  (h/Mpc)    Pcb(k)  (Mpc/h)^3    Pcb_linear(k) (Mpc/h)^3    Pcb_NL(k) (Mpc/h)^3   ShotnoiseSubtracted = false
      0.0156606         13595.6         13643.7         13553.5 
      0.0273761         11707.4         11798.4         11710.3 
      0.0384619         8877.34         8889.39         8818.26 
      0.0498308         6888.99         6992.37         6923.28 
      0.0625568         5816.51          5942.8         5879.09 
      0.0751274         5142.31         5049.12         4957.38 
      0.0867833         4008.24         4065.14         4039.45 
      0.0984825         3341.79         3217.05         3248.53 
       0.111151         2836.41         2686.19         2721.35 
       0.123864         2545.45         2420.81         2449.97 
       0.135742         2306.93         2176.91          2206.7 
        0.14762         1991.06         1861.37         1938.87 
       0.160083         1667.93         1551.56         1643.71 
       0.172465         1486.89         1354.22         1470.17 
       0.184281         1363.25         1248.43         1367.47 
       0.196406         1261.63         1152.92         1254.59 
       0.209011         1166.24         1025.81         1133.27 
       0.221538         1052.04         896.459         1044.36 
       0.233611         987.032         802.098         968.435 
       0.245665         906.978         740.306         891.482 
       0.258103         868.764         689.162         839.175 
       0.270422         785.354          633.26         783.506 
       0.282519         728.254         574.719         732.904 
       0.294636         721.666         523.633         689.314 
       0.306978         646.693         484.448         656.297 
       0.319417         625.064         452.931         617.573 
        0.33169         588.882         422.763         581.903 
       0.343948         561.247         391.714         560.106 
       0.356249         526.992         362.596         536.378 
       0.368458         511.307         338.207         507.549 
        0.38068          492.23         317.812         485.471 
       0.392856         463.092         299.193         466.029 
       0.405069         444.161         280.988         451.038 
       0.417459         425.406         263.361         429.107 
       0.429752         413.019         247.537         413.403 
       0.441978         399.582         233.649         401.184 
       0.454294         376.702         221.038          383.34 
        0.46658         371.655         209.204         373.451 
       0.478753         358.393         198.041          360.63 
       0.490964         345.833         187.555         348.401 
       0.503334         326.475         177.877         338.813 
       0.515665         324.508         169.051         331.289 
       0.527909         313.678         160.904         321.074 
       0.540159         305.492         153.195          311.93 
        0.55248         299.553         145.881         303.046 
       0.564743         293.557         139.109          296.95 
        0.57686         282.521         132.884         288.003 
       0.589077         271.972         127.009         281.739 
       0.601441          268.77         121.422         275.111 
        0.61382         265.118         116.154         269.172 
       0.626067         259.606         111.238         263.044 
       0.638306         247.734         106.609         257.949 
       0.650632         242.468         102.224         250.136 
       0.662899         241.357         98.1138         246.499 
       0.675076         232.284         94.2622          241.34 
       0.687267         226.453         90.6125         235.941 
       0.699615         222.596         87.1104         231.538 
       0.711937         218.245         83.7998         227.225 
       0.724148         212.954         80.6893         223.816 
       0.736433         208.335         77.7213         218.972 
       0.748747         204.247         74.8982         214.663 
       0.761037         201.052         72.2221          210.77 
       0.773197          197.59         69.7045         208.185 
       0.785376         195.306          67.304         203.929 
       0.797761         190.743         64.9795         201.213 
       0.810096           187.5         62.7739         197.826 
       0.822371         180.686         60.6815          194.53 
       0.834626         179.616         58.6883         191.367 
       0.846916         176.798         56.7798         188.577 
       0.859215         175.703         54.9557          185.71 
       0.871383         171.403         53.2302         182.664 
        0.88363          169.22         51.5689         180.689 
       0.895928         165.554         49.9726         178.015 
       0.908253         161.046         48.4411         174.876 
       0.920535         160.503         46.9794         172.583 
       0.932774         155.248         45.5833         169.979 
        0.94508         154.079         44.2372         168.091 
       0.957324         153.337         42.9523         165.554 
        0.96953         151.686         41.7226         162.991 
       0.981769         146.996         40.5382         161.542 
       0.994071         146.306         39.3943          159.34 
         1.0064         142.739         38.2928         156.923 
        1.01868         141.092         37.2369         155.209 
        1.03092         138.858         36.2257         153.423 
         1.0432         136.278         35.2485         151.458 
        1.05553         133.715         34.3037         149.796 
        1.06777         133.504         33.4006         148.216 
           1.08          130.54          32.531         146.228 
        1.09227         129.101         31.6898         144.748 
         1.1046         126.916         30.8752          142.99 
         1.1169         125.378         30.0909         141.062 
        1.12915         123.375         29.3377         139.617 
        1.14142         121.511         28.6089         137.823 
        1.15365         119.663         27.9071         136.354 
        1.16585         118.065         27.2308         134.638 
        1.17807         116.263         26.5762         133.641 
        1.19037         115.884         25.9388         132.215 
        1.20276         113.383         25.3182         130.611 
        1.21504         112.292         24.7228         129.162 
        1.22728         110.004          24.149         127.707 
        1.23954         109.269         23.5922          126.49 
        1.25184         106.946          23.052         125.143 
        1.26414         105.695         22.5285         123.867 
        1.27632         104.907         22.0259         123.203 
         1.2886         102.994         21.5352         121.372 
        1.30093         100.954         21.0578          120.07 
        1.31316         100.467         20.5984         118.945 
        1.32541          99.119         20.1526         117.967 
        1.33772          97.902         19.7176         116.721 
        1.35005         96.8093         19.2952          115.47 
        1.36225         95.5343         18.8895         114.416 
        1.37447         93.5709         18.4947          113.18 
        1.38676         93.3338         18.1094         111.951 
        1.39907         91.2607         17.7344         111.069 
        1.41133         89.9621         17.3718          110.18 
        1.42358         88.9349         17.0196         108.986 
        1.43591         88.3419         16.6748         107.846 
        1.44818         87.2512         16.3415         106.924 
        1.46037         85.8138         16.0193         105.932 
        1.47263          84.439          15.704         105.109 
        1.48494         83.9024          15.396         104.025 
        1.49724         82.4519         15.0965         102.922 
        1.50952         81.3991         14.8056         102.015 
        1.52178         80.5121         14.5229         101.155 
        1.53409         79.8215         14.2464         100.266 
        1.54637          77.932         13.9776         99.3244 
        1.55858          77.234         13.7174         98.3932 
        1.57081         76.2818         13.4634         97.5744 
        1.58313         75.2251         13.2142         96.7183 
        1.59544         74.4256         12.9716         95.8194 
        1.60767         73.4641         12.7366         94.9634 
        1.61994         72.5195         12.5066         94.3437 
        1.63225         71.4233         12.2818         93.2223 
        1.64452         70.5968         12.0631         92.5305 
        1.65676         69.5436         11.8505         91.7028 
          1.669         69.0756         11.6429         90.9631 
        1.68133         68.3062         11.4389         90.1217 
        1.69363         67.2632         11.2404         89.4536 
        1.70585         66.6466         11.0479          88.616 
        1.71809         65.3303         10.8595         87.9871 
        1.73038         64.6448         10.6749         87.1186 
        1.74268         63.7467         10.4945         86.4365 
        1.75493         63.1831         10.3191         85.6611 
        1.76714         62.2461         10.1482         84.9372 
        1.77942         61.9092         9.98027         84.2297 
        1.79173         60.8222         9.81572         83.4826 
        1.80402         60.1716         9.65522         82.8813 
         1.8163         59.4589          9.4984         82.0707 
         1.8286         58.5697         9.34481         81.5396 
         1.8409         57.6935         9.19474         80.7853 
        1.85315         56.9787         9.04847         80.2538 
        1.86537          56.427         8.90568         79.5267 
        1.87765         55.7299         8.76544         78.7642 
        1.88995         55.0511         8.62788         78.1963 
        1.90221         54.5706         8.49377         77.5492 
        1.91445         53.6523         8.36272         76.9736 
        1.92674         53.1525         8.23399         76.3373 
        1.93902         52.4973         8.10796          75.671 
        1.95124         52.0904         7.98525         75.1845 
         1.9635         51.1087         7.86476         74.4634 
        1.97583         50.6174           7.746         73.9762 
        1.98812          49.922         7.63014         73.3161 
        2.00039         49.4319         7.51689         72.7369 
        2.01264         48.6674         7.40604          72.177 
        2.02492         48.1544         7.29727         71.6357 
        2.03717         47.5098         7.19086         71.0025 
        2.04942         46.9122         7.08672         70.5212 
        2.06171         46.3566         6.98429         69.8934 
        2.07397         45.7238          6.8841         69.4215 
        2.08629         45.2313         6.78547         68.8138 
        2.09857         44.8761           6.689         68.3408 
        2.11081         43.9849         6.59481         67.7461 
        2.12309         43.6385         6.50221         67.2518 
        2.13538         43.1223         6.41125         66.7448 
        2.14763          42.717         6.32234         66.2381 
        2.15986         42.3415         6.23532         65.7112 
        2.17214         41.5843         6.14958         65.2837 
        2.18443         41.3967         6.06538         64.7274 
        2.19671         40.6323         5.98286         64.2045 
        2.20898         40.2339         5.90197          63.717 
        2.22126         39.8135         5.82248         63.2245 
        2.23354         39.2821          5.7445         62.8074 
         2.2458         38.9557         5.66807          62.327 
        2.25807         38.4309         5.59297         61.8183 
        2.27035         37.9743         5.51917         61.3672 
        2.28263         37.4946         5.44673         60.9086 
         2.2949         36.9933         5.37563         60.4703 
        2.30718         36.6903         5.30578         60.0298 
        2.31946         36.1879         5.23713         59.6015 
        2.33169         35.8492            5.17         59.1338 
        2.34393         35.2993         5.10394         58.6835 
        2.35622         34.9841         5.03883         58.2691 
        2.36847         34.5439         4.97503          57.825 
        2.38076         34.3316         4.91214         57.4298 
        2.39305         33.9013         4.85036         57.0128 
        2.40534         33.5306         4.78964         56.5281 
        2.41762          33.134         4.72997         56.1245 
        2.42989         32.6785         4.67141         55.7621 
        2.44216         32.4371         4.61384         55.3397 
         2.4544         32.1324         4.55738         54.9563 
        2.46667         31.5674         4.50173         54.5202 
        2.47897         31.3545         4.44687         54.1518 
        2.49124          30.984         4.39309         53.7536 
        2.50349         30.6244         4.34027         53.3965 
        2.51578          30.266         4.28816         53.0228 
        2.52805         30.0614           4.237         52.6174 
        2.54029          29.815          4.1868         52.2542 
        2.55257         29.4217         4.13726         51.8933 
        2.56487          29.141         4.08843         51.5263 
        2.57716         28.8629         4.04046         51.1844 
        2.58942         28.4766         3.99337         50.8149 
        2.60167         28.1538         3.94707         50.4207 
        2.61395         27.9167         3.90143          50.088 
        2.62624         27.6522         3.85646          49.744 
        2.63849         27.4293         3.81233         49.3942 
        2.65073         27.1127         3.76895         49.0283 
        2.66302         26.7891         3.72608         48.7158 
         2.6753         26.5474         3.68391         48.3751 
        2.68756         26.2592         3.64247         48.0387 
        2.69983         26.0716         3.60165         47.7084 
        2.71213         25.7163         3.56136         47.3934 
        2.72441         25.6106         3.52177         47.0438 
        2.73665         25.3336         3.48287         46.7258 
         2.7489         25.1533         3.44458         46.4142 
        2.76118         24.9122         3.40675         46.0749 
        2.77349         24.7041         3.36939         45.7881 
        2.78576         24.5269         3.33275          45.468 
        2.79802         24.2005         3.29667         45.1583 
        2.81031         24.0445         3.26103           44.87 
        2.82259         23.8652         3.22594         44.5511 
        2.83483         23.6115          3.1915         44.2461 
         2.8471         23.5226          3.1575         43.9547 
         2.8594         23.2578         3.12388         43.6763 
         2.8717         23.0327         3.09077         43.3738 
        2.88396         22.9424         3.05826         43.0701 
        2.89619          22.805         3.02628         42.7892 
        2.90847         22.6233         2.99463         42.5014 
        2.92072         22.4588         2.96349         42.2369 
        2.93299         22.3775         2.93278         41.9466 
        2.94526         22.2225         2.90247         41.6764 
        2.95753         22.0322          2.8726         41.4163 
        2.96982         22.0173         2.84311           41.14 
        2.98209         21.8043         2.81408         40.8722 
        2.99436         21.7157         2.78544         40.6075 
        3.00666         21.5714         2.75715         40.3402 
        3.01894         21.5231          2.7293         40.0639 
        3.03119         21.3424         2.70188         39.7981 
        3.04345         21.2522         2.67483           39.55 
        3.05573         21.1777          2.6481         39.3015 
          3.068         21.1499         2.62177         39.0396 
        3.08026         21.1419         2.59582         38.7857 
        3.09254         21.0051         2.57017         38.5471 
        3.10483          20.996         2.54486         38.3063 
         3.1171         20.9159         2.51993         38.0593 
        3.12933         20.8959          2.4954          37.816 
        3.14159         20.8869         2.47115         37.5706 
