# k  (h/Mpc)    Pcb(k)  (Mpc/h)^3    Pcb_linear(k) (Mpc/h)^3    Pcb_NL(k) (Mpc/h)^3   ShotnoiseSubtracted = false
      0.0156606         6796.12         6808.17         6770.54 
      0.0273761         5880.85         5889.14         5863.02 
      0.0384619         4467.11         4437.74         4421.45 
      0.0498308         3485.41         3490.99         3476.95 
      0.0625568         2941.12         2967.14         2952.67 
      0.0751274         2573.11         2521.02         2498.66 
      0.0867833         2023.08         2029.75         2025.02 
      0.0984825         1661.28         1606.32         1617.19 
       0.111151         1398.98         1341.27          1352.4 
       0.123864         1256.75         1208.77         1218.09 
       0.135742         1133.15         1086.99         1096.58 
        0.14762         968.036         929.435         952.526 
       0.160083         804.445         774.741         801.133 
       0.172465         714.073         676.204         708.656 
       0.184281         660.527         623.381         657.621 
       0.196406         603.678         575.692          603.13 
       0.209011         550.288          512.22         542.351 
       0.221538         493.614         447.633         489.752 
       0.233611         451.756         400.516         447.645 
       0.245665         422.685         369.661         411.834 
       0.258103         388.087         344.123         386.107 
       0.270422         360.195          316.21         357.694 
       0.282519         328.482         286.978         330.612 
       0.294636         321.664         261.469          307.47 
       0.306978         284.273         241.903         289.709 
       0.319417         272.408         226.165          272.11 
        0.33169         254.651         211.101         255.459 
       0.343948         243.048         195.598         241.958 
       0.356249         225.723         181.058         229.876 
       0.368458         217.554          168.88         215.521 
        0.38068         206.287         158.695         204.776 
       0.392856         192.461         149.399          195.59 
       0.405069         183.763         140.308         186.702 
       0.417459           174.8         131.506          176.66 
       0.429752         168.128         123.605          169.16 
       0.441978         161.592          116.67         163.159 
       0.454294         150.427         110.373         154.876 
        0.46658         150.644         104.464         149.344 
       0.478753         141.313         98.8897         143.668 
       0.490964         137.006         93.6537           138.1 
       0.503334         130.506         88.8207         133.173 
       0.515665         126.682         84.4137          129.56 
       0.527909         122.511         80.3454         123.591 
       0.540159         118.319         76.4965         119.864 
        0.55248         113.803         72.8443         115.587 
       0.564743          110.76         69.4625         112.355 
        0.57686         107.299         66.3545         108.605 
       0.589077         102.331         63.4205         105.799 
       0.601441         99.9555         60.6307         102.791 
        0.61382         97.8864         58.0003         99.4603 
       0.626067         93.9132         55.5457         96.8669 
       0.638306         90.8804         53.2343         94.2465 
       0.650632         87.6339         51.0443         90.9184 
       0.662899         86.9929         48.9921         88.6815 
       0.675076          83.769         47.0689         86.4491 
       0.687267         82.0995         45.2464         84.2469 
       0.699615         79.4018         43.4977          82.512 
       0.711937         76.8175         41.8446         79.9677 
       0.724148         76.2394         40.2914         78.7984 
       0.736433         72.7797         38.8093         76.5829 
       0.748747         71.6003         37.3997         74.8163 
       0.761037         69.8334         36.0634         73.0364 
       0.773197         68.3124         34.8062         72.0033 
       0.785376         66.4323         33.6076         70.1326 
       0.797761         65.8313         32.4468         68.9355 
       0.810096         63.6521         31.3455         67.3209 
       0.822371         62.4437         30.3007         65.8982 
       0.834626         60.9178         29.3054         64.8049 
       0.846916         59.8182         28.3524         63.5329 
       0.859215         58.3606         27.4415         62.1848 
       0.871383         57.5925         26.5799         61.1227 
        0.88363          56.031         25.7504         60.2015 
       0.895928         54.7962         24.9533         59.0088 
       0.908253         53.5548         24.1886         58.0392 
       0.920535         53.1461         23.4587         57.0097 
       0.932774         52.1182         22.7616         56.0355 
        0.94508         51.3092         22.0894         54.9476 
       0.957324         50.0055         21.4478         54.1829 
        0.96953         49.7456         20.8338         53.1754 
       0.981769         48.1965         20.2423          52.495 
       0.994071         47.5564         19.6712         51.6806 
         1.0064         46.5278         19.1211         50.8455 
        1.01868         45.7046         18.5939         50.1307 
        1.03092         45.1181         18.0889         49.3369 
         1.0432          44.302          17.601         48.4786 
        1.05553         43.2695         17.1292            48.1 
        1.06777         42.6489         16.6783          47.261 
           1.08         41.6376         16.2441         46.5491 
        1.09227         41.2013          15.824          45.954 
         1.1046         40.5951         15.4172         45.2557 
         1.1169          40.093         15.0256         44.6209 
        1.12915         39.3964         14.6495         44.0842 
        1.14142         38.5882         14.2856         43.4992 
        1.15365         38.0814         13.9351         42.9759 
        1.16585         37.5043         13.5974         42.3614 
        1.17807         36.8713         13.2705         41.7469 
        1.19037         36.7125         12.9523            41.4 
        1.20276         36.1181         12.6424         40.8415 
        1.21504         35.4847         12.3451         40.4065 
        1.22728         34.8641         12.0586         39.8783 
        1.23954         34.4742         11.7805         39.3038 
        1.25184         33.8513         11.5108         38.9214 
        1.26414         33.4211         11.2494         38.4065 
        1.27632         33.1245         10.9984         37.9836 
         1.2886         32.7636         10.7534         37.5789 
        1.30093         32.1106          10.515         37.1169 
        1.31316         31.6672         10.2856         36.7484 
        1.32541         31.4102          10.063         36.3472 
        1.33772          30.819         9.84579         35.9561 
        1.35005         30.4375         9.63486         35.5937 
        1.36225         29.9889         9.43226         35.2401 
        1.37447         29.3115         9.23513         34.8141 
        1.38676         29.3268         9.04274         34.5163 
        1.39907         28.8442         8.85552         34.1746 
        1.41133         28.2964         8.67442         33.7789 
        1.42358         28.0216         8.49857         33.4373 
        1.43591         27.6237          8.3264         33.1412 
        1.44818         27.3666         8.15996         32.7796 
        1.46037         27.0582         7.99907         32.4347 
        1.47263         26.7943         7.84163         32.1815 
        1.48494         26.3636         7.68784         31.8339 
        1.49724         26.2855          7.5383         31.5396 
        1.50952         25.7829         7.39305         31.2911 
        1.52178         25.4524         7.25185         30.9541 
        1.53409         25.1896         7.11377         30.6826 
        1.54637         24.9251         6.97959         30.3594 
        1.55858         24.3657         6.84963         30.1104 
        1.57081         24.3908          6.7228         29.8578 
        1.58313         24.0954          6.5984         29.5606 
        1.59544         23.6436         6.47723         29.3288 
        1.60767         23.4029         6.35987         29.0237 
        1.61994         23.0885         6.24502         28.8044 
        1.63225         23.0048         6.13278         28.6017 
        1.64452         22.6133          6.0236         28.3517 
        1.65676          22.404         5.91744         28.0812 
          1.669         22.1977         5.81375         27.8682 
        1.68133         21.8457         5.71189         27.6212 
        1.69363         21.5979         5.61278         27.3199 
        1.70585         21.3924         5.51665         27.1892 
        1.71809         21.0806         5.42259         26.9228 
        1.73038         20.9355         5.33042         26.7383 
        1.74268         20.7283         5.24034         26.4695 
        1.75493         20.4105         5.15276         26.2842 
        1.76714         20.3478          5.0674         26.0787 
        1.77942          20.122         4.98355         25.8523 
        1.79173         19.7014         4.90138         25.6615 
        1.80402         19.5164         4.82124         25.5147 
         1.8163         19.4414         4.74293         25.2353 
         1.8286         19.1307         4.66624         25.0813 
         1.8409         18.9373          4.5913         24.8943 
        1.85315         18.7795         4.51826         24.7046 
        1.86537         18.5206         4.44696         24.5186 
        1.87765         18.4007         4.37693         24.3269 
        1.88995         18.1474         4.30825         24.1282 
        1.90221         17.9948         4.24128         23.9488 
        1.91445         17.7935         4.17584         23.7669 
        1.92674         17.6176         4.11156         23.5953 
        1.93902         17.4073         4.04863         23.4525 
        1.95124         17.1677         3.98735         23.3238 
         1.9635         17.0422         3.92719          23.102 
        1.97583         16.8747         3.86789         22.9207 
        1.98812         16.7166         3.81004         22.7893 
        2.00039         16.5726         3.75348         22.6177 
        2.01264         16.3927         3.69813         22.4746 
        2.02492         16.2323         3.64382         22.2808 
        2.03717         16.0264         3.59069         22.1369 
        2.04942         15.8815         3.53868         21.9723 
        2.06171         15.7605         3.48753         21.8215 
        2.07397         15.6155         3.43751         21.6689 
        2.08629         15.4727         3.38826         21.5224 
        2.09857         15.3313         3.34009         21.3796 
        2.11081         15.1357         3.29305         21.2405 
        2.12309          14.991         3.24681         21.0853 
        2.13538         14.8227         3.20139          20.936 
        2.14763         14.6827           3.157          20.807 
        2.15986         14.6445         3.11354         20.6855 
        2.17214          14.454         3.07073         20.5348 
        2.18443         14.2811         3.02869         20.3959 
        2.19671         14.1778         2.98748         20.2481 
        2.20898         14.0334         2.94709         20.1272 
        2.22126         13.9025          2.9074         19.9987 
        2.23354         13.8476         2.86846         19.8542 
         2.2458         13.6636          2.8303         19.7594 
        2.25807          13.516         2.79279         19.5886 
        2.27035         13.4246         2.75594         19.4747 
        2.28263         13.2848         2.71977         19.3463 
         2.2949         13.2058         2.68427         19.2378 
        2.30718         13.1003         2.64939         19.1277 
        2.31946         12.9628         2.61511         18.9912 
        2.33169         12.8396         2.58159         18.8716 
        2.34393         12.7321          2.5486         18.7628 
        2.35622         12.5683         2.51609         18.6423 
        2.36847         12.4992         2.48423         18.5209 
        2.38076         12.3609         2.45283         18.4094 
        2.39305         12.2456         2.42198         18.2881 
        2.40534         12.1624         2.39166         18.1585 
        2.41762         12.0588         2.36187         18.0744 
        2.42989         11.9709         2.33262         17.9536 
        2.44216         11.8574         2.30388         17.8339 
         2.4544         11.7998         2.27568         17.7222 
        2.46667         11.6831         2.24789         17.6272 
        2.47897          11.556          2.2205         17.5068 
        2.49124         11.4815         2.19364         17.4044 
        2.50349          11.376         2.16727         17.2947 
        2.51578          11.289         2.14125         17.2101 
        2.52805         11.2057          2.1157         17.1029 
        2.54029         11.1384         2.09064         17.0019 
        2.55257         11.0739          2.0659         16.8957 
        2.56487         10.9003         2.04152         16.7919 
        2.57716         10.8541         2.01756         16.6837 
        2.58942         10.7906         1.99405         16.6048 
        2.60167         10.7001         1.97093         16.5087 
        2.61395         10.6636         1.94814         16.4058 
        2.62624         10.5549         1.92568         16.3133 
        2.63849         10.4685         1.90365         16.2284 
        2.65073          10.402         1.88199         16.1223 
        2.66302         10.3309         1.86058         16.0325 
         2.6753         10.2796         1.83952          15.935 
        2.68756         10.2169         1.81883         15.8562 
        2.69983         10.1278         1.79845         15.7538 
        2.71213         10.0667         1.77833         15.6551 
        2.72441         10.0055         1.75856         15.5744 
        2.73665         9.98099         1.73914         15.4802 
         2.7489         9.90392         1.72002         15.3862 
        2.76118         9.80411         1.70113         15.3095 
        2.77349         9.76507         1.68247         15.2222 
        2.78576         9.70775         1.66418           15.14 
        2.79802          9.6586         1.64616           15.05 
        2.81031         9.61075         1.62837         14.9664 
        2.82259         9.57912         1.61084         14.8827 
        2.83483         9.50344         1.59364         14.8004 
         2.8471         9.45532         1.57666         14.7198 
         2.8594          9.4362         1.55988         14.6361 
         2.8717         9.38815         1.54335         14.5528 
        2.88396         9.33581         1.52711         14.4737 
        2.89619         9.28611         1.51114         14.3962 
        2.90847         9.24449         1.49534         14.3159 
        2.92072         9.24315         1.47979         14.2299 
        2.93299         9.17447         1.46445         14.1591 
        2.94526         9.16706         1.44932         14.0849 
        2.95753         9.13088         1.43441         14.0043 
        2.96982         9.08686         1.41968         13.9264 
        2.98209         9.07791         1.40518         13.8486 
        2.99436         9.06111         1.39088         13.7717 
        3.00666         9.03003         1.37675         13.7003 
        3.01894         9.01018         1.36285         13.6352 
        3.03119         8.99467         1.34916         13.5565 
        3.04345         8.94226         1.33565         13.4752 
        3.05573         8.97401          1.3223         13.4065 
          3.068         8.94753         1.30915         13.3398 
        3.08026         8.95192         1.29619         13.2592 
        3.09254         8.94673         1.28339         13.1936 
        3.10483         8.94314         1.27075         13.1321 
         3.1171         8.95069          1.2583         13.0593 
        3.12933         8.95786         1.24605         12.9873 
        3.14159         8.92018         1.23394         12.9194 
