# k  (h/Mpc)    Pcb(k)  (Mpc/h)^3    Pcb_linear(k) (Mpc/h)^3    Pcb_NL(k) (Mpc/h)^3   ShotnoiseSubtracted = false
      0.0156606         86.9288         88.0553         87.6512 
      0.0273761         75.9428         76.2783         76.1275 
      0.0384619          57.645         57.5088         57.5106 
      0.0498308         45.4627          45.251         45.2853 
      0.0625568         38.3957         38.4662         38.4517 
      0.0751274         32.6807         32.6853         32.6369 
      0.0867833         26.3005         26.3175         26.3134 
      0.0984825         20.9685         20.8281         20.8626 
       0.111151         17.5045         17.3918         17.4221 
       0.123864         15.7174         15.6739         15.6842 
       0.135742         14.0997          14.095         14.0998 
        0.14762          12.041         12.0521          12.082 
       0.160083         10.0477         10.0463         10.0871 
       0.172465         8.78262         8.76861          8.8156 
       0.184281         8.09909         8.08365         8.12997 
       0.196406          7.4397         7.46526         7.49712 
       0.209011         6.63618         6.64223         6.68105 
       0.221538         5.81759         5.80473         5.86284 
       0.233611         5.21356         5.19375         5.25835 
       0.245665         4.82846         4.79364         4.84979 
       0.258103         4.44619         4.46247         4.51733 
       0.270422         4.11088         4.10051         4.15286 
       0.282519         3.73215         3.72145         3.77941 
       0.294636         3.42487         3.39066         3.45209 
       0.306978         3.13347         3.13694         3.19997 
       0.319417          2.9475         2.93286         2.99381 
        0.33169         2.74813         2.73751         2.79601 
       0.343948         2.55522         2.53647         2.59459 
       0.356249         2.35415         2.34792         2.41512 
       0.368458         2.20228            2.19         2.24913 
        0.38068         2.06554         2.05793         2.11676 
       0.392856          1.9446         1.93737         1.99675 
       0.405069         1.83593         1.81949         1.87542 
       0.417459         1.70219         1.70535         1.76449 
       0.429752         1.60835         1.60289         1.66097 
       0.441978         1.52275         1.51296         1.57462 
       0.454294         1.43717          1.4313         1.48945 
        0.46658         1.36712         1.35467         1.41139 
       0.478753         1.29443         1.28239         1.33867 
       0.490964         1.23024         1.21449         1.27436 
       0.503334         1.16946         1.15181         1.20765 
       0.515665         1.10573         1.09467         1.15355 
       0.527909         1.05947         1.04191         1.09613 
       0.540159         1.00456        0.991996         1.04525 
        0.55248         0.95298        0.944635        0.995482 
       0.564743        0.917818        0.900781        0.955575 
        0.57686        0.875539        0.860476        0.912995 
       0.589077        0.831286        0.822429        0.876861 
       0.601441        0.801169        0.786252        0.839372 
        0.61382        0.765349        0.752141        0.803245 
       0.626067        0.731237         0.72031         0.77087 
       0.638306        0.703233        0.690336        0.739831 
       0.650632        0.676646        0.661937        0.712204 
       0.662899        0.651031        0.635324        0.683769 
       0.675076        0.620127        0.610384        0.658715 
       0.687267        0.596198        0.586751        0.632612 
       0.699615         0.57845        0.564073        0.609453 
       0.711937        0.555216        0.542636        0.589155 
       0.724148        0.537645        0.522494         0.56792 
       0.736433         0.51594        0.503275        0.546817 
       0.748747        0.497568        0.484995        0.530169 
       0.761037        0.478897        0.467666        0.511335 
       0.773197        0.462858        0.451364        0.495614 
       0.785376        0.445769         0.43582        0.478815 
       0.797761        0.431589        0.420767          0.4622 
       0.810096        0.420412        0.406486        0.449326 
       0.822371        0.406581        0.392936         0.43381 
       0.834626        0.393697        0.380029        0.420065 
       0.846916        0.381445        0.367672        0.408826 
       0.859215        0.366525        0.355859        0.396894 
       0.871383        0.356796        0.344686        0.384561 
        0.88363        0.345406        0.333929        0.373484 
       0.895928        0.336534        0.323592        0.362257 
       0.908253         0.32657        0.313675        0.352113 
       0.920535         0.31712         0.30421        0.341609 
       0.932774        0.307793         0.29517        0.331456 
        0.94508        0.299012        0.286453        0.322699 
       0.957324        0.291137        0.278133        0.314841 
        0.96953        0.281585         0.27017        0.306158 
       0.981769           0.274        0.262501        0.297156 
       0.994071         0.26712        0.255094        0.290607 
         1.0064        0.259423        0.247961        0.282545 
        1.01868        0.253121        0.241124         0.27539 
        1.03092        0.247267        0.234575        0.267811 
         1.0432        0.241236        0.228248        0.261348 
        1.05553        0.234035         0.22213        0.255327 
        1.06777        0.227625        0.216282        0.249146 
           1.08        0.223109        0.210651        0.242825 
        1.09227        0.216777        0.205204        0.236815 
         1.1046        0.211504        0.199929        0.231594 
         1.1169        0.206304         0.19485        0.226069 
        1.12915         0.20082        0.189974        0.220815 
        1.14142        0.197406        0.185254        0.215704 
        1.15365        0.192657         0.18071        0.210978 
        1.16585        0.187747         0.17633        0.206021 
        1.17807        0.184289        0.172091        0.201752 
        1.19037        0.179037        0.167964        0.196969 
        1.20276         0.17588        0.163945        0.192298 
        1.21504        0.171802         0.16009        0.189031 
        1.22728        0.168464        0.156375        0.184231 
        1.23954        0.164828        0.152769        0.181026 
        1.25184        0.161459        0.149271        0.176707 
        1.26414        0.157919        0.145881        0.172968 
        1.27632        0.153742        0.142627        0.169537 
         1.2886        0.150283        0.139449        0.165752 
        1.30093         0.14728        0.136358        0.163004 
        1.31316        0.143812        0.133383        0.159491 
        1.32541          0.1412        0.130496        0.156537 
        1.33772        0.138483        0.127679        0.153435 
        1.35005        0.136339        0.124944        0.150523 
        1.36225        0.133467        0.122317         0.14739 
        1.37447        0.130896         0.11976        0.144876 
        1.38676        0.128712        0.117265        0.141823 
        1.39907         0.12629        0.114838        0.139358 
        1.41133        0.123347        0.112489        0.136736 
        1.42358        0.121293        0.110209        0.133885 
        1.43591        0.119311        0.107976        0.131977 
        1.44818        0.116958        0.105818        0.129587 
        1.46037        0.114679        0.103731        0.126917 
        1.47263        0.112638         0.10169        0.124856 
        1.48494        0.110415       0.0996953        0.122743 
        1.49724        0.108312       0.0977561        0.120607 
        1.50952        0.106578       0.0958725        0.118078 
        1.52178        0.104866       0.0940414        0.116203 
        1.53409        0.103349       0.0922509        0.114252 
        1.54637        0.101356       0.0905108        0.112183 
        1.55858       0.0993518       0.0888255        0.110336 
        1.57081       0.0978411       0.0871808        0.108386 
        1.58313       0.0964419       0.0855676        0.106815 
        1.59544       0.0950795       0.0839962        0.104899 
        1.60767       0.0935498       0.0824743        0.103211 
        1.61994       0.0915309        0.080985         0.10168 
        1.63225       0.0897892       0.0795294        0.100068 
        1.64452       0.0888076       0.0781137       0.0983179 
        1.65676       0.0877114       0.0767369       0.0968238 
          1.669       0.0862857       0.0753923       0.0951958 
        1.68133       0.0846341       0.0740714       0.0938254 
        1.69363       0.0831854       0.0727861       0.0923549 
        1.70585       0.0819835       0.0715395       0.0909314 
        1.71809       0.0807226       0.0703197       0.0894983 
        1.73038       0.0795656       0.0691245       0.0881809 
        1.74268       0.0780048       0.0679563       0.0867344 
        1.75493       0.0774658       0.0668206       0.0856305 
        1.76714        0.076127       0.0657137       0.0842876 
        1.77942       0.0752209       0.0646263       0.0830604 
        1.79173       0.0742124       0.0635608       0.0816978 
        1.80402       0.0729786       0.0625215        0.080591 
         1.8163       0.0719471        0.061506       0.0792421 
         1.8286       0.0708842       0.0605114       0.0784379 
         1.8409       0.0697376       0.0595397       0.0771385 
        1.85315       0.0690671       0.0585925        0.076028 
        1.86537       0.0677055       0.0576679       0.0749868 
        1.87765       0.0670167       0.0567598        0.073918 
        1.88995       0.0662185       0.0558691       0.0729698 
        1.90221       0.0654811       0.0550006       0.0718927 
        1.91445       0.0643054        0.054152       0.0709482 
        1.92674       0.0635881       0.0533184       0.0699825 
        1.93902        0.062614       0.0525023       0.0689511 
        1.95124       0.0619088       0.0517077       0.0680314 
         1.9635       0.0610143       0.0509275       0.0670942 
        1.97583       0.0604048       0.0501585       0.0661652 
        1.98812       0.0595249       0.0494083       0.0654443 
        2.00039        0.058854       0.0486749        0.064467 
        2.01264       0.0581121       0.0479571       0.0636744 
        2.02492       0.0575676       0.0472528       0.0628421 
        2.03717       0.0565804       0.0465638       0.0620342 
        2.04942       0.0561642       0.0458894       0.0611963 
        2.06171       0.0552922       0.0452261       0.0604125 
        2.07397       0.0545054       0.0445774       0.0596831 
        2.08629       0.0539146       0.0439387       0.0588933 
        2.09857       0.0533795        0.043314       0.0581767 
        2.11081         0.05283       0.0427041       0.0573613 
        2.12309        0.052046       0.0421044       0.0567789 
        2.13538       0.0515597       0.0415155       0.0560213 
        2.14763       0.0509858       0.0409397       0.0553685 
        2.15986        0.050448       0.0403762       0.0547181 
        2.17214       0.0497577       0.0398211       0.0540213 
        2.18443       0.0494004       0.0392758       0.0533441 
        2.19671       0.0487021       0.0387414       0.0527655 
        2.20898       0.0483079       0.0382176       0.0520792 
        2.22126       0.0475556        0.037703       0.0515087 
        2.23354       0.0471368        0.037198        0.050933 
         2.2458       0.0466547       0.0367031       0.0502027 
        2.25807       0.0461135       0.0362168       0.0497245 
        2.27035       0.0457213       0.0357389       0.0491264 
        2.28263       0.0451125       0.0352698       0.0485883 
         2.2949        0.044765       0.0348094       0.0479814 
        2.30718       0.0442754       0.0343571       0.0474566 
        2.31946       0.0438958       0.0339126       0.0469354 
        2.33169       0.0431815       0.0334779       0.0463826 
        2.34393       0.0431311       0.0330501       0.0459164 
        2.35622        0.042519       0.0326285       0.0453474 
        2.36847       0.0422408       0.0322153       0.0448604 
        2.38076        0.041662       0.0318081       0.0443763 
        2.39305        0.041478       0.0314081       0.0438861 
        2.40534       0.0409899       0.0310149       0.0434148 
        2.41762       0.0405344       0.0306285       0.0429341 
        2.42989       0.0401742       0.0302493       0.0424502 
        2.44216       0.0398562       0.0298765       0.0420163 
         2.4544       0.0394477       0.0295109       0.0415849 
        2.46667       0.0391857       0.0291505       0.0411023 
        2.47897       0.0386401       0.0287953       0.0406743 
        2.49124       0.0383664        0.028447       0.0402503 
        2.50349       0.0379766        0.028105       0.0398128 
        2.51578       0.0376403       0.0277676        0.039396 
        2.52805       0.0374671       0.0274363           0.039 
        2.54029       0.0370069       0.0271112       0.0386085 
        2.55257         0.03672       0.0267905       0.0382234 
        2.56487       0.0364501       0.0264743       0.0378247 
        2.57716       0.0362542       0.0261636       0.0374326 
        2.58942       0.0358081       0.0258587       0.0370375 
        2.60167       0.0354935       0.0255589       0.0366686 
        2.61395        0.035242       0.0252634       0.0363164 
        2.62624       0.0351233       0.0249721       0.0359568 
        2.63849       0.0347306       0.0246864        0.035598 
        2.65073       0.0343479       0.0244055       0.0352348 
        2.66302       0.0342291       0.0241279       0.0348817 
         2.6753       0.0339549       0.0238548        0.034546 
        2.68756       0.0337869       0.0235865       0.0342161 
        2.69983       0.0334443       0.0233222       0.0338402 
        2.71213       0.0332013       0.0230613        0.033544 
        2.72441       0.0329013       0.0228049       0.0332432 
        2.73665       0.0327486        0.022553       0.0329148 
         2.7489       0.0325049       0.0223051       0.0325978 
        2.76118       0.0323414       0.0220601       0.0322902 
        2.77349       0.0320106       0.0218182       0.0319978 
        2.78576       0.0319079       0.0215809         0.03171 
        2.79802       0.0316891       0.0213473       0.0313595 
        2.81031       0.0314517       0.0211165       0.0311007 
        2.82259       0.0311633       0.0208893       0.0307956 
        2.83483       0.0309173       0.0206663       0.0304991 
         2.8471       0.0308678       0.0204461       0.0302605 
         2.8594       0.0306593       0.0202284       0.0299858 
         2.8717       0.0304332        0.020014       0.0296934 
        2.88396       0.0303742       0.0198035       0.0294385 
        2.89619       0.0301139       0.0195964       0.0291815 
        2.90847       0.0299971       0.0193915        0.028916 
        2.92072        0.029781       0.0191898       0.0286368 
        2.93299       0.0296132       0.0189909       0.0283805 
        2.94526       0.0295102       0.0187947       0.0281443 
        2.95753       0.0292923       0.0186013       0.0278969 
        2.96982       0.0291576       0.0184103       0.0276341 
        2.98209       0.0289719       0.0182223        0.027386 
        2.99436       0.0289073       0.0180369       0.0271476 
        3.00666       0.0287543       0.0178537       0.0269087 
        3.01894       0.0286858       0.0176733       0.0266922 
        3.03119       0.0285626       0.0174958       0.0264613 
        3.04345       0.0284151       0.0173207       0.0262355 
        3.05573       0.0283626       0.0171476       0.0260187 
          3.068       0.0281847        0.016977       0.0257814 
        3.08026       0.0280796        0.016809       0.0255711 
        3.09254       0.0280328       0.0166429       0.0253592 
        3.10483       0.0279385        0.016479       0.0251479 
         3.1171       0.0278942       0.0163176       0.0249273 
        3.12933       0.0276798       0.0161588       0.0246995 
        3.14159       0.0275894       0.0160017       0.0245171 
