# k  (h/Mpc)    P(k)  (Mpc/h)^3    P_linear(k)  (Mpc/h)^3     P_NL(k)  ShotnoiseSubtracted = false
      0.0156606         7476.47         7632.65         7589.38 
      0.0273761         6456.05         6591.69         6559.81 
      0.0384619         4899.56         4963.29         4942.22 
      0.0498308         3818.71         3902.66         3883.93 
      0.0625568         3221.63         3316.02         3297.31 
      0.0751274         2822.01         2816.93         2788.49 
      0.0867833         2215.98         2267.74         2261.33 
      0.0984825         1822.99         1794.51         1807.56 
       0.111151         1536.44         1498.31         1511.81 
       0.123864         1380.12         1350.23         1361.58 
       0.135742         1245.05         1214.16         1225.84 
        0.14762         1064.82         1038.15         1066.62 
       0.160083         885.358         865.341         898.042 
       0.172465         786.505         755.267         795.642 
       0.184281         726.987         696.259         738.713 
       0.196406         665.042         642.988         677.308 
       0.209011         607.267          572.09         609.536 
       0.221538         545.343         499.949         552.261 
       0.233611         500.502         447.322         505.924 
       0.245665         467.499         412.859         465.389 
       0.258103         431.186         384.335         436.606 
       0.270422         399.016         353.158          404.95 
       0.282519         364.395         320.509         374.921 
       0.294636         357.861         292.019         349.342 
       0.306978         316.589         270.166         329.756 
       0.319417         303.581         252.589         309.812 
        0.33169         284.127         235.764         290.999 
       0.343948         271.161         218.449           276.4 
       0.356249         252.255          202.21         262.937 
       0.368458         243.444         188.609         246.876 
        0.38068          231.19         177.236         234.799 
       0.392856         215.813         166.852         224.469 
       0.405069         206.392         156.699         214.846 
       0.417459         196.538         146.869         203.295 
       0.429752         189.141         138.045         194.958 
       0.441978         182.069         130.299          188.25 
       0.454294         169.597         123.266         178.868 
        0.46658         169.809         116.667         172.806 
       0.478753         159.753         110.441         166.351 
       0.490964         154.851         104.593         160.004 
       0.503334         147.205         99.1962         154.595 
       0.515665         143.383         94.2744          150.54 
       0.527909          138.87         89.7307         143.972 
       0.540159         134.202         85.4317         139.714 
        0.55248         129.722         81.3528         134.892 
       0.564743         126.054         77.5763         131.308 
        0.57686         122.073         74.1051         126.968 
       0.589077         116.587         70.8285         123.851 
       0.601441         114.012         67.7127         120.483 
        0.61382         111.989         64.7751          116.76 
       0.626067          107.59         62.0338         113.755 
       0.638306         103.892         59.4524         110.905 
       0.650632         100.197         57.0065         107.004 
       0.662899         99.8314         54.7146         104.549 
       0.675076         96.2208         52.5667         101.991 
       0.687267          94.123         50.5314          99.515 
       0.699615         91.2018         48.5784         97.4777 
       0.711937         88.4125         46.7321         94.6906 
       0.724148         87.6364         44.9975         93.3548 
       0.736433         84.0104         43.3423         90.8187 
       0.748747         82.4932          41.768         88.8022 
       0.761037         80.6181         40.2756         86.6923 
       0.773197         78.8642         38.8716         85.6116 
       0.785376           76.93          37.533         83.4143 
       0.797761         76.1942         36.2367         82.0975 
       0.810096          73.554         35.0067         80.2226 
       0.822371         72.1729         33.8398         78.6438 
       0.834626         70.4937         32.7283         77.3217 
       0.846916         69.4032          31.664         75.9121 
       0.859215         67.8475         30.6467         74.3516 
       0.871383         66.9432         29.6845         73.0991 
        0.88363         65.1036          28.758         72.0625 
       0.895928         63.7453         27.8678         70.7693 
       0.908253         62.2206         27.0138         69.5599 
       0.920535         61.8691         26.1986         68.4365 
       0.932774         60.6187         25.4201         67.2579 
        0.94508          59.758         24.6694         66.0389 
       0.957324         58.2418         23.9529          65.169 
        0.96953         58.1585         23.2671         63.9873 
       0.981769         56.2416         22.6066         63.2242 
       0.994071         55.5801         21.9687           62.28 
         1.0064         54.3713         21.3545         61.3123 
        1.01868         53.5278         20.7656         60.4799 
        1.03092         52.7134         20.2017         59.5744 
         1.0432         51.8114         19.6567         58.6082 
        1.05553         50.5423         19.1299         58.1428 
        1.06777         50.0446         18.6262         57.2271 
           1.08         48.8703         18.1413         56.3986 
        1.09227         48.3028         17.6722         55.6156 
         1.1046         47.5862         17.2179         54.8598 
         1.1169         47.0353         16.7805         54.0737 
        1.12915           46.23         16.3605         53.4864 
        1.14142         45.3405         15.9541         52.8108 
        1.15365         44.6807         15.5627         52.1991 
        1.16585         44.0038         15.1856         51.4511 
        1.17807         43.2924         14.8205         50.7864 
        1.19037         43.1598         14.4651         50.3322 
        1.20276         42.4059          14.119         49.7052 
        1.21504         41.8132          13.787         49.1508 
        1.22728         41.0204          13.467         48.5661 
        1.23954         40.5626         13.1565         47.8903 
        1.25184         39.8721         12.8552         47.4545 
        1.26414         39.3185         12.5633         46.8401 
        1.27632         38.9999          12.283          46.361 
         1.2886         38.5862         12.0094         45.8593 
        1.30093         37.9099         11.7432         45.2686 
        1.31316         37.3399         11.4869         44.8975 
        1.32541          37.084         11.2383         44.3878 
        1.33772         36.3703         10.9958         43.9216 
        1.35005         35.9551         10.7602         43.4904 
        1.36225         35.3805         10.5339         43.0685 
        1.37447         34.5559         10.3138         42.5832 
        1.38676         34.6692         10.0989         42.2091 
        1.39907         34.1085         9.88982         41.8213 
        1.41133         33.4146         9.68757         41.3806 
        1.42358         33.0807         9.49118         40.9487 
        1.43591         32.6807          9.2989         40.5979 
        1.44818         32.3552         9.11302         40.1298 
        1.46037         31.9417         8.93334         39.7652 
        1.47263          31.708         8.75751         39.4489 
        1.48494         31.0973         8.58575         39.0317 
        1.49724         31.0174         8.41875         38.6697 
        1.50952         30.5247         8.25654         38.3583 
        1.52178         30.0786         8.09884          37.988 
        1.53409         29.8302         7.94464         37.6538 
        1.54637          29.446         7.79478         37.2732 
        1.55858         28.7722         7.64964         36.9549 
        1.57081         28.8604           7.508         36.6683 
        1.58313         28.5001         7.36907         36.3186 
        1.59544         27.9674         7.23374          36.017 
        1.60767         27.6566         7.10268         35.6602 
        1.61994         27.3215         6.97442         35.3833 
        1.63225          27.194         6.84906         35.1196 
        1.64452         26.7733         6.72714         34.8243 
        1.65676         26.4999         6.60857         34.5083 
          1.669         26.2441         6.49277         34.2604 
        1.68133         25.9011         6.37902         33.9479 
        1.69363         25.5445         6.26833         33.6172 
        1.70585         25.3404         6.16098         33.4404 
        1.71809         24.9323         6.05593         33.0913 
        1.73038         24.8037         5.95299         32.8843 
        1.74268         24.4993         5.85239         32.5537 
        1.75493         24.1841         5.75458         32.3272 
        1.76714         24.0585         5.65926          32.091 
        1.77942         23.7904         5.56561         31.8215 
        1.79173         23.3494         5.47385         31.5719 
        1.80402          23.121         5.38434         31.4062 
         1.8163         23.0268         5.29689         31.0345 
         1.8286         22.6239         5.21124          30.856 
         1.8409         22.4278         5.12755         30.6247 
        1.85315         22.2102         5.04598         30.4094 
        1.86537         21.9097         4.96635         30.1786 
        1.87765         21.7833         4.88814         29.9433 
        1.88995         21.4872         4.81144         29.6798 
        1.90221         21.2783         4.73664         29.4685 
        1.91445         21.0161         4.66356         29.2544 
        1.92674         20.8304         4.59178          29.037 
        1.93902         20.5837          4.5215         28.8522 
        1.95124         20.2825         4.45306         28.6898 
         1.9635         20.1627         4.38587         28.4314 
        1.97583         19.9548         4.31964         28.2313 
        1.98812         19.7871         4.25503         28.0474 
        2.00039          19.576         4.19188         27.8378 
        2.01264         19.3516         4.13006         27.6575 
        2.02492         19.1954          4.0694         27.4253 
        2.03717         18.9078         4.01007          27.248 
        2.04942         18.7584         3.95199         27.0424 
        2.06171         18.6223         3.89487         26.8655 
        2.07397         18.4361           3.839         26.6557 
        2.08629         18.2621         3.78399         26.4661 
        2.09857         18.0855          3.7302         26.3016 
        2.11081         17.8528         3.67767         26.1181 
        2.12309         17.7274         3.62603         25.9357 
        2.13538         17.5081          3.5753         25.7629 
        2.14763          17.337         3.52572          25.591 
        2.15986         17.2332         3.47719         25.4258 
        2.17214         17.0292         3.42938         25.2584 
        2.18443         16.8612         3.38243         25.0701 
        2.19671         16.6925         3.33641         24.8929 
        2.20898         16.5322          3.2913         24.7293 
        2.22126         16.4046         3.24697         24.5779 
        2.23354         16.3214         3.20348         24.4119 
         2.2458         16.1136         3.16086         24.2765 
        2.25807         15.9132         3.11898         24.0706 
        2.27035         15.7926         3.07782         23.9307 
        2.28263         15.6294         3.03743         23.7752 
         2.2949         15.5463         2.99778         23.6325 
        2.30718          15.406         2.95883         23.4834 
        2.31946         15.2812         2.92055         23.3177 
        2.33169         15.1193         2.88311         23.1674 
        2.34393         14.9825         2.84627         23.0385 
        2.35622         14.7829         2.80996         22.8837 
        2.36847         14.6834         2.77438         22.7267 
        2.38076         14.5259         2.73931         22.5989 
        2.39305         14.4268         2.70486         22.4515 
        2.40534         14.2824           2.671         22.2823 
        2.41762         14.1474         2.63772         22.1787 
        2.42989         14.0346         2.60506         22.0159 
        2.44216         13.9047         2.57296         21.8825 
         2.4544         13.8842         2.54147         21.7326 
        2.46667         13.7032         2.51044         21.6113 
        2.47897         13.5354         2.47985         21.4661 
        2.49124         13.4814         2.44985         21.3347 
        2.50349         13.3256          2.4204         21.1921 
        2.51578         13.2304         2.39134         21.0901 
        2.52805         13.1286         2.36281         20.9513 
        2.54029         13.0455         2.33482          20.822 
        2.55257          12.955         2.30719         20.6913 
        2.56487         12.7749         2.27996         20.5683 
        2.57716         12.7056         2.25321         20.4252 
        2.58942         12.6309         2.22695         20.3251 
        2.60167           12.48         2.20113         20.2006 
        2.61395         12.4717         2.17568         20.0758 
        2.62624         12.3622          2.1506         19.9522 
        2.63849         12.2346         2.12599         19.8505 
        2.65073         12.1427          2.1018          19.718 
        2.66302         12.0717         2.07789         19.6107 
         2.6753         12.0136         2.05437         19.4847 
        2.68756         11.9167         2.03127         19.3783 
        2.69983         11.8201          2.0085         19.2567 
        2.71213         11.7258         1.98604         19.1296 
        2.72441         11.6837         1.96395         19.0283 
        2.73665         11.6118         1.94226         18.9164 
         2.7489         11.5509         1.92091         18.7985 
        2.76118         11.4292         1.89981         18.6953 
        2.77349         11.3701         1.87898         18.5856 
        2.78576          11.279         1.85854         18.4849 
        2.79802         11.2438         1.83842         18.3698 
        2.81031          11.173         1.81855         18.2598 
        2.82259         11.1295         1.79898         18.1615 
        2.83483         11.0618         1.77978         18.0595 
         2.8471         10.9985         1.76081         17.9492 
         2.8594         10.9649         1.74207         17.8402 
         2.8717          10.905          1.7236         17.7441 
        2.88396         10.8345         1.70547         17.6422 
        2.89619         10.7992         1.68764          17.539 
        2.90847         10.7534         1.66999         17.4478 
        2.92072         10.7194         1.65262         17.3326 
        2.93299         10.6352          1.6355         17.2442 
        2.94526         10.6231          1.6186         17.1534 
        2.95753          10.576         1.60194         17.0499 
        2.96982         10.5318         1.58549         16.9527 
        2.98209         10.5264         1.56931         16.8581 
        2.99436         10.5032         1.55333         16.7578 
        3.00666         10.4716         1.53755         16.6653 
        3.01894         10.4487         1.52203          16.586 
        3.03119         10.4113         1.50673         16.4879 
        3.04345         10.3482         1.49165         16.3834 
        3.05573         10.3734         1.47674         16.2967 
          3.068         10.3534         1.46206         16.2147 
        3.08026         10.3308         1.44759         16.1115 
        3.09254          10.334         1.43328         16.0303 
        3.10483         10.3253         1.41917         15.9519 
         3.1171         10.3468         1.40527         15.8584 
        3.12933         10.3217         1.39159         15.7694 
        3.14159         10.2876         1.37806         15.6794 
