# k  (h/Mpc)    P(k)  (Mpc/h)^3    P_linear(k)  (Mpc/h)^3     P_NL(k)  ShotnoiseSubtracted = false
      0.0156606         10419.1         10602.7         10537.8 
      0.0273761         8976.88         9154.95         9098.91 
      0.0384619         6807.43         6892.57         6850.62 
      0.0498308         5292.39         5419.24         5379.76 
      0.0625568         4465.82         4604.39         4566.97 
      0.0751274         3931.09         3911.23         3856.29 
      0.0867833          3074.3         3148.62         3134.47 
      0.0984825         2546.65         2491.53         2513.04 
       0.111151         2153.83         2080.25         2103.32 
       0.123864         1933.93         1874.63         1893.98 
       0.135742         1748.57         1685.71         1705.57 
        0.14762         1502.37         1441.32         1491.55 
       0.160083         1253.01          1201.4         1260.08 
       0.172465         1115.58         1048.57          1121.8 
       0.184281         1027.43         966.646         1042.74 
       0.196406         944.559         892.685         955.923 
       0.209011         868.032         794.252         862.052 
       0.221538         781.941         694.095         788.313 
       0.233611         725.727          621.03         726.841 
       0.245665         672.479         573.184         668.647 
       0.258103         632.209         533.582         628.439 
       0.270422         577.869         490.298         584.897 
       0.282519         531.409          444.97         544.302 
       0.294636         525.679         405.416         509.786 
       0.306978         467.648         375.076         483.512 
       0.319417         449.967         350.674         454.631 
        0.33169         422.888         327.316         427.667 
       0.343948         403.159         303.276         409.314 
       0.356249         377.039         280.732         390.754 
       0.368458         365.352         261.848         368.375 
        0.38068         349.088         246.059         351.385 
       0.392856         326.974         231.643         336.665 
       0.405069         313.893         217.547         324.476 
       0.417459         299.809           203.9         307.496 
       0.429752         289.391         191.649         295.793 
       0.441978         279.735         180.896         286.428 
       0.454294         261.812         171.132         272.982 
        0.46658         260.837          161.97         264.995 
       0.478753         248.531         153.327         255.499 
       0.490964          240.46         145.208         246.301 
       0.503334         227.146         137.715         238.929 
       0.515665         223.924         130.882         233.234 
       0.527909         217.186         124.574         224.734 
       0.540159         210.681         118.606          218.25 
        0.55248         206.083         112.943         211.451 
       0.564743           200.4           107.7         206.622 
        0.57686          193.52         102.881         200.036 
       0.589077         185.592         98.3318         195.628 
       0.601441         182.403         94.0062         190.766 
        0.61382         180.426         89.9278         185.785 
       0.626067         174.999          86.122         181.258 
       0.638306         167.397         82.5382         177.439 
       0.650632         162.458         79.1427         171.615 
       0.662899         162.546         75.9607         168.423 
       0.675076         156.717         72.9787         164.558 
       0.687267         152.722         70.1531          160.93 
       0.699615         149.299         67.4417         157.651 
       0.711937         145.466         64.8786         154.198 
       0.724148         143.245         62.4704         151.971 
       0.736433         139.327         60.1725         148.325 
       0.748747         136.237         57.9868         145.244 
       0.761037         134.033          55.915         142.117 
       0.773197         131.161         53.9658         140.528 
       0.785376         129.284         52.1073         137.213 
       0.797761         127.005         50.3076         135.425 
       0.810096          123.39            48.6          132.65 
       0.822371         120.052           46.98         130.381 
       0.834626         118.134         45.4369         128.132 
       0.846916         116.957         43.9593         126.142 
       0.859215         115.078          42.547         123.929 
       0.871383         113.088         41.2112         121.847 
        0.88363         110.574          39.925         120.344 
       0.895928         108.496         38.6891         118.601 
       0.908253         105.652         37.5034         116.408 
       0.920535         105.143         36.3717         114.906 
       0.932774         102.398         35.2909         112.889 
        0.94508         101.452         34.2487         111.325 
       0.957324         99.7809         33.2539         109.814 
        0.96953          99.627         32.3019         107.979 
       0.981769         96.3687         31.3849         106.945 
       0.994071         95.5557         30.4993         105.384 
         1.0064         93.3502         29.6465         103.853 
        1.01868         92.5433          28.829         102.611 
        1.03092         90.7767         28.0461         101.284 
         1.0432          89.262         27.2896         99.9061 
        1.05553         86.9922         26.5581         98.9701 
        1.06777         86.8833         25.8589         97.7492 
           1.08         85.1798         25.1857         96.4465 
        1.09227         83.8689         24.5344         95.1733 
         1.1046         82.4569         23.9038         94.0253 
         1.1169         81.5139         23.2965         92.7087 
        1.12915         80.4748         22.7134         91.7598 
        1.14142         78.9924         22.1492         90.6295 
        1.15365         77.4655         21.6058         89.5973 
        1.16585         76.5548         21.0822         88.5044 
        1.17807         75.3875         20.5754         87.6405 
        1.19037         75.2914          20.082         86.7437 
        1.20276         73.6774         19.6015         85.7282 
        1.21504          73.187         19.1405         84.6918 
        1.22728           71.58         18.6963         83.8569 
        1.23954         70.9475         18.2652         82.8395 
        1.25184         69.6813          17.847         82.1016 
        1.26414         68.6244         17.4416         81.2133 
        1.27632         67.9894         17.0526         80.5597 
         1.2886         67.0553         16.6727         79.4734 
        1.30093         66.1863         16.3031         78.5416 
        1.31316         65.3356         15.9474         78.0062 
        1.32541         64.8475         15.6023         77.1741 
        1.33772         63.7674         15.2655         76.3731 
        1.35005         63.1818         14.9384         75.6438 
        1.36225         62.1428         14.6243          74.872 
        1.37447         60.7418         14.3187         74.0851 
        1.38676         60.8624         14.0204         73.3087 
        1.39907         59.8107         13.7301         72.7716 
        1.41133         58.7031         13.4493          72.198 
        1.42358         58.0221         13.1767         71.2901 
        1.43591          57.626         12.9097         70.7053 
        1.44818         56.8029         12.6517         69.9234 
        1.46037         56.1714         12.4022         69.4245 
        1.47263         55.4455         12.1581         68.8588 
        1.48494         54.6201         11.9196         68.1408 
        1.49724         53.9438         11.6878         67.4845 
        1.50952         53.6104         11.4626          66.838 
        1.52178         52.8589         11.2437          66.332 
        1.53409         52.3674         11.0296         65.7563 
        1.54637         51.2429         10.8215         65.1173 
        1.55858           50.57           10.62         64.4826 
        1.57081         50.3213         10.4234         64.0498 
        1.58313         49.6053         10.2305         63.5254 
        1.59544         48.8847         10.0426         62.8864 
        1.60767         48.3338         9.86069         62.3669 
        1.61994         47.5998         9.68262         61.8855 
        1.63225         47.1899         9.50859         61.2549 
        1.64452         46.6863         9.33932          60.819 
        1.65676         45.9985         9.17471         60.2405 
          1.669         45.6618         9.01395         59.8181 
        1.68133         45.2402         8.85603         59.2482 
        1.69363         44.4744         8.70236         58.8245 
        1.70585         44.2213         8.55332         58.3692 
        1.71809         43.3609         8.40747         57.8409 
        1.73038         43.1237         8.26457         57.4168 
        1.74268         42.4224         8.12491         56.8851 
        1.75493         42.0206         7.98911           56.44 
        1.76714         41.4829         7.85678         55.9848 
        1.77942          41.238         7.72677         55.5584 
        1.79173         40.6001         7.59937         55.0564 
        1.80402         40.1861         7.47511          54.715 
         1.8163         39.7264          7.3537         54.1735 
         1.8286         39.2094         7.23479         53.8611 
         1.8409         38.7583          7.1186         53.3315 
        1.85315         38.3716         7.00536         53.0336 
        1.86537         37.8961         6.89481         52.6089 
        1.87765         37.6045         6.78624         52.1437 
        1.88995         37.0279         6.67974         51.6891 
        1.90221          36.759         6.57591         51.3021 
        1.91445         36.1431         6.47445         50.9747 
        1.92674          35.853         6.37479         50.5313 
        1.93902         35.4861         6.27721          50.151 
        1.95124         35.0058         6.18221         49.8286 
         1.9635         34.5838         6.08893         49.4115 
        1.97583         34.2728         5.99698         49.1001 
        1.98812         33.7769         5.90729         48.6849 
        2.00039          33.445          5.8196         48.3089 
        2.01264         32.9998         5.73378         48.0014 
        2.02492         32.7305         5.64957         47.6357 
        2.03717         32.2985         5.56719         47.2484 
        2.04942         31.9629         5.48657         46.8971 
        2.06171         31.6282         5.40726           46.54 
        2.07397         31.2967          5.3297         46.2199 
        2.08629         30.9253         5.25334         45.8703 
        2.09857         30.6245         5.17865         45.5617 
        2.11081         30.2253         5.10573         45.2054 
        2.12309         30.0042         5.03403          44.864 
        2.13538          29.473         4.96361         44.5973 
        2.14763         29.2938         4.89478         44.2475 
        2.15986         29.0166         4.82741         43.9024 
        2.17214          28.634         4.76103         43.6434 
        2.18443         28.3274         4.69584         43.2619 
        2.19671         27.9588         4.63195         42.9721 
        2.20898         27.6335         4.56932         42.6488 
        2.22126         27.5446         4.50779          42.337 
        2.23354         27.1666         4.44741         42.0949 
         2.2458         26.8517         4.38824         41.7709 
        2.25807         26.4758          4.3301         41.4577 
        2.27035         26.1996         4.27296         41.1905 
        2.28263         25.9654         4.21688         40.9118 
         2.2949         25.7112         4.16183          40.624 
        2.30718          25.473         4.10775         40.3125 
        2.31946         25.2423         4.05461         40.0386 
        2.33169         24.9346         4.00263         39.7599 
        2.34393         24.6375         3.95149         39.4637 
        2.35622         24.3892         3.90108         39.2432 
        2.36847         24.1228         3.85168         38.9249 
        2.38076         23.9316           3.803         38.7015 
        2.39305         23.6019         3.75517         38.4428 
        2.40534         23.4251         3.70816         38.1249 
        2.41762         23.1265         3.66196         37.9059 
        2.42989          23.027         3.61662         37.6183 
        2.44216         22.6923         3.57205         37.3855 
         2.4544         22.5273         3.52834         37.1345 
        2.46667         22.2759         3.48525         36.8781 
        2.47897         22.0183         3.44279         36.6294 
        2.49124         21.8737         3.40114         36.3843 
        2.50349          21.597         3.36025         36.1526 
        2.51578         21.3679         3.31991         35.9153 
        2.52805         21.1914          3.2803         35.6625 
        2.54029         21.0177         3.24144         35.4221 
        2.55257         20.8508         3.20308         35.1805 
        2.56487         20.5784         3.16528         34.9556 
        2.57716         20.4579         3.12814         34.7041 
        2.58942         20.2435         3.09168         34.5076 
        2.60167         20.0453         3.05583         34.2673 
        2.61395         19.8632          3.0205          34.038 
        2.62624         19.7636         2.98568         33.8189 
        2.63849         19.5549         2.95152         33.6037 
        2.65073         19.3088         2.91793         33.3701 
        2.66302         19.1156         2.88475         33.1691 
         2.6753         19.0485          2.8521         32.9569 
        2.68756         18.9293         2.82002         32.7654 
        2.69983         18.7239         2.78841         32.5155 
        2.71213         18.5156         2.75722         32.3119 
        2.72441          18.402         2.72657         32.0913 
        2.73665         18.2613         2.69645         31.8828 
         2.7489         18.0699         2.66681         31.6868 
        2.76118         17.9775         2.63752         31.4684 
        2.77349         17.8606          2.6086         31.2826 
        2.78576         17.6593         2.58023         31.0979 
        2.79802         17.5452         2.55229         30.8884 
        2.81031         17.4356         2.52471         30.7001 
        2.82259         17.3408         2.49754         30.5116 
        2.83483         17.1765         2.47087         30.3057 
         2.8471         17.1252         2.44455         30.0993 
         2.8594         16.9741         2.41852         29.9132 
         2.8717         16.8808         2.39289         29.7224 
        2.88396         16.7299         2.36772         29.5293 
        2.89619         16.6861         2.34296         29.3526 
        2.90847         16.5885         2.31846         29.1733 
        2.92072          16.459         2.29435          28.987 
        2.93299         16.3891         2.27057         28.8225 
        2.94526         16.3385         2.24711         28.6425 
        2.95753          16.273         2.22398         28.4545 
        2.96982         16.1585         2.20115          28.283 
        2.98209         16.0644         2.17867         28.1135 
        2.99436         16.0293          2.1565         27.9378 
        3.00666         15.9386         2.13459         27.7595 
        3.01894         15.8985         2.11304         27.5882 
        3.03119         15.8031         2.09181         27.4192 
        3.04345         15.8074         2.07087          27.254 
        3.05573         15.7933         2.05017          27.089 
          3.068         15.6767         2.02978         26.9171 
        3.08026         15.6678         2.00969         26.7514 
        3.09254         15.5962         1.98984         26.5919 
        3.10483         15.5964         1.97024         26.4344 
         3.1171         15.6455         1.95094         26.2793 
        3.12933         15.5779         1.93195         26.1219 
        3.14159          15.491         1.91317         25.9545 
