# k  (h/Mpc)    P(k)  (Mpc/h)^3    P_linear(k)  (Mpc/h)^3     P_NL(k)  ShotnoiseSubtracted = false
      0.0156606         12732.8         12665.9         12584.3 
      0.0273761         10952.7         10935.4         10858.6 
      0.0384619         8299.75         8232.49         8171.89 
      0.0498308         6440.88         6472.48         6414.13 
      0.0625568         5435.56         5499.08         5444.89 
      0.0751274         4799.45         4671.13         4592.68 
      0.0867833         3743.44          3760.3         3738.86 
      0.0984825         3115.49         2975.53         3003.56 
       0.111151         2641.61         2484.33         2515.22 
       0.123864          2370.7         2238.76         2264.47 
       0.135742         2147.12         2013.13         2039.44 
        0.14762         1850.91         1721.27         1789.17 
       0.160083         1548.39         1434.74         1515.01 
       0.172465         1379.91         1252.23         1352.99 
       0.184281         1266.59         1154.39         1258.23 
       0.196406         1169.93         1066.06         1153.97 
       0.209011         1079.78         948.507         1041.82 
       0.221538         973.748         828.897          957.79 
       0.233611         911.049         741.641         886.551 
       0.245665         838.863         684.502         815.877 
       0.258103         799.764         637.209          767.63 
       0.270422         724.742         585.517         715.983 
       0.282519         670.532         531.387         668.588 
       0.294636         664.399          484.15          628.01 
       0.306978         594.175         447.919         597.225 
       0.319417         573.501         418.777         561.839 
        0.33169         540.031         390.882         529.085 
       0.343948         514.597         362.173         508.417 
       0.356249         482.666         335.251         486.401 
       0.368458          468.26           312.7         459.687 
        0.38068         449.791         293.844         439.307 
       0.392856         422.641         276.629         421.439 
       0.405069         405.569         259.795         407.454 
       0.417459         388.116         243.498         387.052 
       0.429752         376.085         228.868         372.739 
       0.441978          363.84         216.026         361.477 
       0.454294         342.299         204.366         345.132 
        0.46658          338.59         193.425         335.868 
       0.478753         325.546         183.103         324.167 
       0.490964         314.292         173.407          312.96 
       0.503334         296.567          164.46         304.117 
       0.515665         294.256         156.299         297.235 
       0.527909         284.694         148.766         287.565 
       0.540159         277.016         141.639         279.335 
        0.55248         271.555         134.876         271.167 
       0.564743         265.482         128.615         265.492 
        0.57686         255.668          122.86         257.334 
       0.589077         245.819         117.428         251.757 
       0.601441         242.591         112.262         245.728 
        0.61382         239.637         107.392         240.082 
       0.626067         234.114         102.847         234.493 
       0.638306         223.331         98.5671         229.861 
       0.650632         218.122         94.5122         222.723 
       0.662899         217.404         90.7123         219.206 
       0.675076         209.318         87.1512         214.448 
       0.687267         203.982         83.7768         209.714 
       0.699615         200.296         80.5389         205.653 
       0.711937         195.992          77.478         201.678 
       0.724148         191.698         74.6021          198.68 
       0.736433         187.375          71.858         194.244 
       0.748747         183.461         69.2478         190.351 
       0.761037         180.665         66.7736         186.686 
       0.773197         177.237         64.4459         184.482 
       0.785376         175.232         62.2265         180.505 
       0.797761         171.238         60.0773         178.178 
       0.810096         167.907         58.0381         174.955 
       0.822371         162.041         56.1035         172.031 
       0.834626         160.657         54.2607         169.151 
       0.846916         158.464         52.4962         166.655 
       0.859215         157.025         50.8096         164.024 
       0.871383         153.412         49.2143         161.292 
        0.88363         151.075         47.6784         159.481 
       0.895928         147.925         46.2025          157.18 
       0.908253         143.904         44.7866         154.331 
       0.920535         143.331         43.4351         152.351 
       0.932774         138.788         42.1443         149.914 
        0.94508         137.752         40.8998          148.15 
       0.957324         136.723         39.7118         145.964 
        0.96953         135.514         38.5749         143.646 
       0.981769          131.27         37.4798          142.36 
       0.994071         130.559         36.4222         140.372 
         1.0064         127.352         35.4039         138.271 
        1.01868             126         34.4276          136.74 
        1.03092         123.902         33.4926          135.11 
         1.0432         121.676         32.5892         133.352 
        1.05553         119.149         31.7157         131.964 
        1.06777         118.911         30.8807         130.513 
           1.08         116.412         30.0768         128.762 
        1.09227         115.008         29.2989         127.377 
         1.1046             113         28.5458         125.799 
         1.1169         111.657         27.8207         124.102 
        1.12915         109.895         27.1244         122.806 
        1.14142         108.203         26.4505          121.25 
        1.15365         106.327         25.8017         119.929 
        1.16585          104.98         25.1764         118.464 
        1.17807         103.318         24.5711         117.519 
        1.19037         103.046         23.9819         116.269 
        1.20276         100.763          23.408         114.868 
        1.21504         99.9232         22.8576         113.552 
        1.22728         97.7996         22.3271         112.347 
        1.23954         97.0957         21.8123         111.167 
        1.25184         95.0325         21.3128         110.047 
        1.26414         93.9246         20.8288         108.937 
        1.27632         93.0824         20.3642         108.282 
         1.2886         91.4238         19.9105         106.682 
        1.30093         89.8671         19.4691          105.52 
        1.31316         89.2117         19.0443         104.629 
        1.32541         88.1341         18.6322         103.692 
        1.33772         86.9076           18.23         102.612 
        1.35005         86.0196         17.8394          101.55 
        1.36225         84.7917         17.4643          100.59 
        1.37447         82.9851         17.0993           99.51 
        1.38676         82.8913         16.7431         98.4211 
        1.39907         81.1226         16.3964         97.6925 
        1.41133         79.8399         16.0611          96.923 
        1.42358         78.9718         15.7355         95.7887 
        1.43591         78.3983         15.4168         94.8625 
        1.44818         77.3355         15.1086         93.9883 
        1.46037           76.19         14.8107         93.1912 
        1.47263         74.9454         14.5192         92.4483 
        1.48494         74.4053         14.2344         91.5133 
        1.49724         73.1009         13.9575         90.5506 
        1.50952         72.3404         13.6886         89.7237 
        1.52178         71.4445         13.4272         89.0076 
        1.53409         70.8671         13.1715         88.2321 
        1.54637          69.114         12.9231         87.3803 
        1.55858         68.5115         12.6824         86.5601 
        1.57081         67.7929         12.4476          85.883 
        1.58313         66.7326         12.2173          85.153 
        1.59544         65.9783         11.9929         84.3322 
        1.60767         65.2476         11.7756         83.6139 
        1.61994         64.3373          11.563         83.0414 
        1.63225         63.3799         11.3551         82.0872 
        1.64452         62.6827          11.153         81.5007 
        1.65676         61.7323         10.9564         80.7416 
          1.669         61.3113         10.7644         80.1026 
        1.68133           60.64         10.5759          79.373 
        1.69363         59.6082         10.3923         78.8061 
        1.70585          59.181         10.2144         78.0881 
        1.71809         57.9254         10.0402         77.5276 
        1.73038         57.3726         9.86953         76.7876 
        1.74268         56.6104         9.70275         76.1801 
        1.75493         56.0367         9.54058         75.5125 
        1.76714         55.2964         9.38255         74.8666 
        1.77942         54.9767         9.22729          74.274 
        1.79173         53.9932         9.07515         73.5928 
        1.80402          53.448         8.92676         73.0877 
         1.8163         52.7757         8.78178         72.3925 
         1.8286         51.9757         8.63977         71.9493 
         1.8409         51.2527         8.50102         71.2547 
        1.85315         50.6536         8.36579          70.822 
        1.86537         50.1124         8.23377         70.1937 
        1.87765         49.5452         8.10411         69.5258 
        1.88995         48.9215         7.97693         69.0025 
        1.90221         48.5165         7.85293         68.4464 
        1.91445         47.7381         7.73178         67.9695 
        1.92674          47.252         7.61276         67.3921 
        1.93902          46.676         7.49624         66.8223 
        1.95124         46.2943         7.38278         66.4024 
         1.9635         45.4377         7.27138         65.7904 
        1.97583         45.0045         7.16158         65.3615 
        1.98812         44.3141         7.05447          64.787 
        2.00039          44.016         6.94976         64.2728 
        2.01264          43.268         6.84727         63.8133 
        2.02492          42.874         6.74671         63.3345 
        2.03717         42.2577         6.64833         62.7859 
        2.04942         41.7437         6.55205         62.3509 
        2.06171         41.3054         6.45734         61.7989 
        2.07397         40.7027         6.36472         61.3969 
        2.08629         40.2696         6.27352         60.8755 
        2.09857         39.9491         6.18434         60.4724 
        2.11081         39.2643         6.09725         59.9571 
        2.12309         38.8969         6.01163         59.5089 
        2.13538         38.4275         5.92754         59.0929 
        2.14763          38.079         5.84533         58.6427 
        2.15986         37.8399         5.76488         58.1767 
        2.17214         37.0959         5.68561         57.8256 
        2.18443          36.907         5.60776          57.312 
        2.19671         36.2459         5.53146         56.8722 
        2.20898         35.8245         5.45668         56.4416 
        2.22126         35.5296         5.38319         56.0177 
        2.23354         35.0597         5.31109         55.6644 
         2.2458         34.7795         5.24043         55.2315 
        2.25807         34.1987         5.17099         54.7944 
        2.27035         33.8473         5.10276         54.4081 
        2.28263         33.4256         5.03579         54.0175 
         2.2949         33.0401         4.97005         53.6314 
        2.30718         32.7544         4.90547         53.2361 
        2.31946         32.3271           4.842         52.8587 
        2.33169         32.0412         4.77994         52.4502 
        2.34393         31.5616         4.71886         52.0485 
        2.35622          31.226         4.65866         51.7149 
        2.36847         30.8578         4.59967         51.3024 
        2.38076         30.6576         4.54153           50.98 
        2.39305         30.2706         4.48442         50.6165 
        2.40534         29.9574         4.42828         50.1818 
        2.41762         29.5777         4.37311         49.8423 
        2.42989         29.2425         4.31896          49.514 
        2.44216         28.9718         4.26574         49.1539 
         2.4544         28.6775         4.21353         48.8222 
        2.46667         28.1997         4.16208         48.4459 
        2.47897         28.0196         4.11137         48.1278 
        2.49124         27.7295         4.06164         47.7708 
        2.50349         27.3818         4.01281         47.4716 
        2.51578         27.0293         3.96463         47.1412 
        2.52805          26.817         3.91733         46.7849 
        2.54029         26.6436         3.87091          46.469 
        2.55257         26.2977         3.82512         46.1495 
        2.56487         26.0804         3.77997         45.8271 
        2.57716          25.792         3.73562         45.5125 
        2.58942          25.478         3.69208         45.2117 
        2.60167         25.1927         3.64927         44.8654 
        2.61395         24.9726         3.60708         44.5673 
        2.62624         24.7198          3.5655         44.2763 
        2.63849         24.5349          3.5247         43.9669 
        2.65073         24.2615         3.48459         43.6451 
        2.66302         23.9383         3.44496         43.3755 
         2.6753         23.7526         3.40597         43.0782 
        2.68756         23.5204         3.36766         42.7965 
        2.69983         23.3536         3.32991         42.4924 
        2.71213         23.0955         3.29267         42.2153 
        2.72441          22.943         3.25606         41.9086 
        2.73665          22.678          3.2201         41.6313 
         2.7489         22.4971         3.18469         41.3583 
        2.76118         22.3213         3.14972         41.0529 
        2.77349         22.1633         3.11518         40.8063 
        2.78576         21.9899          3.0813         40.5338 
        2.79802         21.6758         3.04794         40.2598 
        2.81031         21.5742           3.015          40.012 
        2.82259         21.4339         2.98255         39.7334 
        2.83483         21.2006         2.95071          39.459 
         2.8471         21.1356         2.91927         39.1971 
         2.8594          20.899         2.88819         38.9534 
         2.8717         20.7001         2.85758         38.6876 
        2.88396         20.5632         2.82752         38.4225 
        2.89619         20.4953         2.79795         38.1787 
        2.90847         20.3253         2.76869         37.9237 
        2.92072         20.1506          2.7399         37.6971 
        2.93299         20.0946         2.71151         37.4481 
        2.94526         19.9644         2.68349         37.2026 
        2.95753          19.814         2.65587         36.9671 
        2.96982         19.7795          2.6286         36.7292 
        2.98209         19.5942         2.60177         36.4969 
        2.99436         19.5711         2.57528         36.2638 
        3.00666          19.412         2.54913         36.0248 
        3.01894         19.3664         2.52338         35.7817 
        3.03119         19.2092         2.49803         35.5481 
        3.04345         19.1697         2.47303         35.3316 
        3.05573         19.0939         2.44831         35.1122 
          3.068         19.0664         2.42396          34.874 
        3.08026         19.0514         2.39997         34.6548 
        3.09254         18.9396         2.37626         34.4466 
        3.10483         18.9076         2.35286          34.234 
         3.1171         18.8673         2.32981         34.0173 
        3.12933          18.828         2.30713         33.8011 
        3.14159         18.8023         2.28471         33.5839 
