# k  (h/Mpc)    P(k)  (Mpc/h)^3    P_linear(k)  (Mpc/h)^3     P_NL(k)  ShotnoiseSubtracted = false
      0.0156606         5876.25         5811.98         5780.63 
      0.0273761         5081.23         5020.13         4999.76 
      0.0384619         3857.44         3780.31          3768.5 
      0.0498308         3011.14         2972.65         2962.87 
      0.0625568         2540.07         2525.92         2515.43 
      0.0751274         2217.63          2145.8         2129.26 
      0.0867833         1746.15         1727.49         1724.22 
      0.0984825         1430.25         1367.02         1375.54 
       0.111151         1203.02         1141.39         1150.03 
       0.123864         1080.73         1028.59         1035.78 
       0.135742         973.723         924.942          932.32 
        0.14762         830.677         790.859         808.436 
       0.160083         689.921         659.217         679.227 
       0.172465          611.71         575.365         599.862 
       0.184281         566.301         530.414         556.337 
       0.196406         517.061         489.832         510.431 
       0.209011         470.289         435.823         458.592 
       0.221538         421.168         380.866         412.698 
       0.233611         384.134         340.775         376.347 
       0.245665         360.069         314.521         346.305 
       0.258103         328.822         292.791         324.445 
       0.270422         306.269          269.04         300.222 
       0.282519         278.877         244.168         277.024 
       0.294636         271.937         222.464         257.119 
       0.306978         240.089         205.816         241.808 
       0.319417         229.902         192.426         227.052 
        0.33169         214.598         179.609         213.048 
       0.343948         204.793         166.418         201.208 
       0.356249         189.761         154.047         190.894 
       0.368458         182.575         143.685         178.709 
        0.38068         172.774         135.021         169.636 
       0.392856         161.118         127.111          161.86 
       0.405069         153.522         119.376          154.08 
       0.417459          145.77         111.887          145.81 
       0.429752         140.113         105.165         139.377 
       0.441978         134.385         99.2642         134.269 
       0.454294         125.042         93.9062         127.338 
        0.46658         125.172         88.8788         122.542 
       0.478753         117.044         84.1361         117.783 
       0.490964         113.482         79.6809         113.157 
       0.503334         108.364         75.5694         108.875 
       0.515665         104.723         71.8199         105.816 
       0.527909         101.031         68.3584         100.706 
       0.540159          97.512         65.0833          97.575 
        0.55248         93.1352          61.976         93.9766 
       0.564743         90.9153          59.099          91.224 
        0.57686         88.0961         56.4546         88.1387 
       0.589077         83.8285         53.9584         85.7388 
       0.601441         81.7479         51.5848         83.1763 
        0.61382         79.7503         49.3468         80.3571 
       0.626067         76.4476         47.2584         78.2318 
       0.638306         74.1155         45.2919         75.9421 
       0.650632         71.5194         43.4286         73.2873 
       0.662899         70.5707         41.6826         71.3442 
       0.675076          67.844         40.0463         69.4806 
       0.687267          66.678         38.4957         67.6225 
       0.699615         64.3746         37.0079         66.1946 
       0.711937         62.0763         35.6014          64.037 
       0.724148         61.6893         34.2799         63.0282 
       0.736433          58.611          33.019         61.2092 
       0.748747         57.7888         31.8196         59.7307 
       0.761037         56.2452         30.6827         58.3219 
       0.773197         55.0062         29.6131         57.3576 
       0.785376          53.286         28.5933         55.8645 
       0.797761         52.7666         27.6058         54.8306 
       0.810096         51.1964         26.6687         53.5144 
       0.822371         50.1439         25.7798         52.2983 
       0.834626         48.8476          24.933         51.4302 
       0.846916         47.8127         24.1222         50.3385 
       0.859215         46.5189         23.3472         49.2499 
       0.871383         45.8966         22.6142         48.3882 
        0.88363         44.6982         21.9084         47.5997 
       0.895928          43.669         21.2302         46.5659 
       0.908253         42.7533         20.5796         45.8227 
       0.920535         42.2522         19.9586           44.94 
       0.932774         41.4741         19.3655         44.1485 
        0.94508         40.7454         18.7936         43.2549 
       0.957324         39.7665         18.2477          42.602 
        0.96953         39.2939         17.7253         41.7911 
       0.981769         38.2452         17.2221         41.2211 
       0.994071          37.612         16.7362         40.5335 
         1.0064         36.7989         16.2682          39.862 
        1.01868         36.0818         15.8196         39.2763 
        1.03092         35.7283           15.39         38.6152 
         1.0432          34.974         14.9749         37.9069 
        1.05553         34.2293         14.5735         37.5961 
        1.06777         33.5411         14.1898          36.872 
           1.08         32.7747         13.8204         36.3047 
        1.09227         32.4235          13.463         35.8673 
         1.1046         31.9522         13.1169         35.2657 
         1.1169         31.5037         12.7837         34.7721 
        1.12915         31.0168         12.4638         34.3105 
        1.14142         30.2687         12.1541         33.8226 
        1.15365         29.9315          11.856         33.3909 
        1.16585         29.5016         11.5687         32.9318 
        1.17807         28.9463         11.2906         32.3944 
        1.19037         28.7599         11.0198         32.1368 
        1.20276         28.3288         10.7561         31.6637 
        1.21504         27.7541         10.5032         31.3291 
        1.22728         27.2836         10.2594         30.8879 
        1.23954          26.966         10.0229         30.4363 
        1.25184         26.4551         9.79335         30.1148 
        1.26414         26.1426         9.57093         29.7057 
        1.27632         25.8515         9.35744         29.3517 
         1.2886         25.5759         9.14898         29.0326 
        1.30093         24.9922         8.94616         28.7042 
        1.31316         24.6949         8.75097         28.3591 
        1.32541         24.4495         8.56159         28.0653 
        1.33772         24.0104         8.37678         27.7456 
        1.35005          23.692         8.19732         27.4599 
        1.36225         23.3763         8.02495         27.1595 
        1.37447         22.8777         7.85722         26.8174 
        1.38676         22.7587         7.69354         26.5774 
        1.39907         22.4022         7.53425          26.295 
        1.41133         22.0251         7.38018         25.9817 
        1.42358         21.8028         7.23056         25.7064 
        1.43591         21.4612         7.08408         25.4803 
        1.44818         21.2396         6.94248         25.2131 
        1.46037         21.0671         6.80559         24.9131 
        1.47263         20.7596         6.67164         24.7224 
        1.48494         20.5324         6.54079         24.4336 
        1.49724         20.3806         6.41356         24.2179 
        1.50952         19.9783         6.28999         24.0156 
        1.52178         19.7573         6.16985         23.7371 
        1.53409         19.4704         6.05238         23.5217 
        1.54637         19.3573         5.93821         23.2607 
        1.55858         18.9596         5.82764         23.0697 
        1.57081         18.8494         5.71974         22.8692 
        1.58313         18.6556          5.6139         22.6408 
        1.59544         18.3229          5.5108         22.4592 
        1.60767         18.1531         5.41096         22.2197 
        1.61994         17.8592         5.31325         22.0479 
        1.63225         17.8001         5.21775         21.8886 
        1.64452          17.517         5.12486         21.6978 
        1.65676         17.3386         5.03454         21.4751 
          1.669         17.1872         4.94632          21.299 
        1.68133         16.8694         4.85966          21.108 
        1.69363         16.7077         4.77534         20.8691 
        1.70585         16.5151         4.69355         20.7708 
        1.71809         16.3215         4.61352          20.576 
        1.73038         16.1567          4.5351         20.4259 
        1.74268         16.0306         4.45846         20.2181 
        1.75493         15.7502         4.38395         20.0669 
        1.76714         15.7411         4.31133         19.9041 
        1.77942         15.5542         4.23999         19.7214 
        1.79173          15.228         4.17008          19.586 
        1.80402         15.1065          4.1019         19.4537 
         1.8163         14.9964         4.03527         19.2705 
         1.8286         14.7867         3.97002         19.1374 
         1.8409         14.6298         3.90627         18.9874 
        1.85315         14.5145         3.84413         18.8326 
        1.86537         14.3334         3.78346         18.6957 
        1.87765         14.2271         3.72388         18.5479 
        1.88995         14.0071         3.66545         18.4062 
        1.90221         13.9145         3.60847         18.2541 
        1.91445         13.7618         3.55279         18.1253 
        1.92674         13.6165          3.4981         17.9873 
        1.93902          13.464         3.44456         17.8815 
        1.95124         13.2837         3.39243         17.7705 
         1.9635         13.1668         3.34124         17.6039 
        1.97583         13.0424         3.29079         17.4543 
        1.98812         12.9281         3.24157         17.3501 
        2.00039          12.849         3.19345          17.227 
        2.01264          12.709         3.14636         17.1177 
        2.02492         12.5752         3.10015         16.9699 
        2.03717         12.4232         3.05495          16.857 
        2.04942         12.2948          3.0107         16.7325 
        2.06171         12.2298         2.96718         16.6176 
        2.07397         12.0976         2.92462         16.5109 
        2.08629         11.9942         2.88272         16.4053 
        2.09857         11.8938         2.84174         16.2844 
        2.11081         11.7623         2.80172         16.1876 
        2.12309         11.6136         2.76238         16.0568 
        2.13538         11.4928         2.72374         15.9456 
        2.14763         11.4094         2.68596         15.8477 
        2.15986         11.3762         2.64899         15.7591 
        2.17214         11.2379         2.61257         15.6304 
        2.18443         11.0888          2.5768         15.5374 
        2.19671         11.0471         2.54174         15.4273 
        2.20898         10.9128         2.50737         15.3372 
        2.22126         10.7896         2.47361         15.2332 
        2.23354         10.7504         2.44048         15.1215 
         2.2458          10.613         2.40801         15.0507 
        2.25807         10.5243          2.3761         14.9252 
        2.27035         10.4472         2.34475         14.8376 
        2.28263          10.359         2.31397         14.7377 
         2.2949         10.2527         2.28377         14.6545 
        2.30718         10.1804         2.25409         14.5761 
        2.31946         10.0742         2.22493         14.4753 
        2.33169         9.99011         2.19641         14.3872 
        2.34393          9.9083         2.16834         14.2941 
        2.35622         9.82459         2.14068         14.2091 
        2.36847         9.74844         2.11358         14.1181 
        2.38076         9.66757         2.08686         14.0314 
        2.39305         9.54374         2.06062         13.9361 
        2.40534         9.49957         2.03482         13.8431 
        2.41762         9.42782         2.00947         13.7815 
        2.42989         9.36232         1.98459         13.6927 
        2.44216         9.27733         1.96013         13.5987 
         2.4544         9.20012         1.93614         13.5214 
        2.46667         9.15454          1.9125         13.4459 
        2.47897         9.07744          1.8892         13.3519 
        2.49124         8.97232         1.86635         13.2762 
        2.50349         8.92149         1.84391         13.2017 
        2.51578         8.85093         1.82177         13.1322 
        2.52805          8.7947         1.80004         13.0552 
        2.54029         8.71691         1.77871         12.9809 
        2.55257         8.68612         1.75766         12.8995 
        2.56487         8.55656         1.73692         12.8165 
        2.57716         8.52198         1.71654         12.7466 
        2.58942         8.48711         1.69653         12.6819 
        2.60167         8.43154         1.67686         12.6084 
        2.61395         8.36123         1.65747         12.5341 
        2.62624         8.29412         1.63837         12.4627 
        2.63849         8.25198         1.61962         12.3984 
        2.65073         8.19989         1.60119         12.3189 
        2.66302         8.13492         1.58298         12.2475 
         2.6753         8.10189         1.56506         12.1772 
        2.68756         8.05849         1.54746         12.1215 
        2.69983         7.98667         1.53012         12.0401 
        2.71213         7.94955           1.513         11.9705 
        2.72441         7.88574         1.49618         11.9082 
        2.73665         7.88969         1.47965         11.8351 
         2.7489         7.82634         1.46339         11.7687 
        2.76118          7.7504         1.44731         11.7145 
        2.77349         7.72721         1.43144         11.6474 
        2.78576         7.70264         1.41588         11.5843 
        2.79802         7.65097         1.40055         11.5179 
        2.81031         7.62489         1.38541         11.4586 
        2.82259         7.57076          1.3705         11.3952 
        2.83483         7.53036         1.35587         11.3316 
         2.8471         7.51438         1.34142         11.2757 
         2.8594         7.50037         1.32714         11.2157 
         2.8717         7.45193         1.31307         11.1475 
        2.88396           7.414         1.29926         11.0903 
        2.89619         7.36234         1.28568         11.0374 
        2.90847         7.35396         1.27223          10.972 
        2.92072         7.35967           1.259         10.9105 
        2.93299         7.31081         1.24595         10.8605 
        2.94526         7.29762         1.23308         10.8017 
        2.95753         7.26979         1.22039         10.7418 
        2.96982         7.24005         1.20786         10.6859 
        2.98209         7.23047         1.19553         10.6242 
        2.99436         7.22972         1.18336         10.5697 
        3.00666         7.21499         1.17134         10.5189 
        3.01894         7.18239         1.15951         10.4648 
        3.03119         7.18319         1.14786         10.4076 
        3.04345         7.16777         1.13637         10.3514 
        3.05573         7.17373         1.12501         10.2987 
          3.068          7.1601         1.11383         10.2479 
        3.08026         7.18339          1.1028         10.1935 
        3.09254         7.17151          1.0919         10.1405 
        3.10483          7.1489         1.08115          10.093 
         3.1171         7.16306         1.07056         10.0426 
        3.12933          7.1827         1.06014         9.98738 
        3.14159          7.1502         1.04984         9.93884 
