# k  (h/Mpc)    Pcb(k)  (Mpc/h)^3    Pcb_linear(k) (Mpc/h)^3    Pcb_NL(k) (Mpc/h)^3   ShotnoiseSubtracted = false
      0.0156606         23247.9         23384.3         23193.9 
      0.0273761         19909.4         20216.4           19983 
      0.0384619         15046.9           15230         15020.7 
      0.0498308         11612.2           11979         11767.8 
      0.0625568         9813.76         10180.4         9993.39 
      0.0751274         8751.41         8649.19          8387.3 
      0.0867833         6773.14         6963.48         6881.74 
      0.0984825          5739.8         5510.65         5580.96 
       0.111151         4918.43         4601.26         4690.77 
       0.123864         4405.46         4146.65         4218.83 
       0.135742         4022.28         3728.85         3800.99 
        0.14762         3507.07         3188.34         3378.68 
       0.160083         2990.54         2657.66         2893.77 
       0.172465         2667.31         2319.62         2620.59 
       0.184281         2412.91         2138.41         2439.14 
       0.196406          2286.1         1974.82         2249.15 
       0.209011         2144.43         1757.08         2040.65 
       0.221538         1929.43         1535.52         1909.64 
       0.233611         1856.46         1373.89         1793.05 
       0.245665         1680.99         1268.05         1657.67 
       0.258103          1672.1         1180.44         1566.41 
       0.270422         1491.74         1084.69         1473.57 
       0.282519         1413.52         984.416          1398.7 
       0.294636         1384.42         896.912         1326.72 
       0.306978         1269.85         829.793         1273.12 
       0.319417         1248.91         775.809         1200.95 
        0.33169         1173.13         724.134            1139 
       0.343948          1128.9         670.952         1104.94 
       0.356249         1073.02         621.077         1065.23 
       0.368458         1027.97         579.302         1020.27 
        0.38068         1015.34         544.366         982.803 
       0.392856         966.094         512.476         949.937 
       0.405069         914.974         481.293         918.573 
       0.417459         880.472           451.1         888.772 
       0.429752         880.278         423.996         858.101 
       0.441978         849.548         400.208         837.139 
       0.454294         813.835         378.606         803.943 
        0.46658         791.172         358.337         788.068 
       0.478753         777.636         339.216         765.076 
       0.490964         748.628         321.255         742.242 
       0.503334         717.816         304.677         726.637 
       0.515665         714.827          289.56         710.091 
       0.527909         684.906         275.605         696.267 
       0.540159         669.516         262.402         679.516 
        0.55248         655.986         249.874         662.308 
       0.564743         650.385         238.273          651.18 
        0.57686         630.527         227.612         634.497 
       0.589077         621.596         217.548         620.963 
       0.601441         605.468         207.978          609.36 
        0.61382         588.257         198.955         598.633 
       0.626067         582.916         190.535          588.07 
       0.638306         562.109         182.606         576.088 
       0.650632          557.06         175.094         563.234 
       0.662899         552.875         168.055         556.231 
       0.675076         536.484         161.457         549.189 
       0.687267         520.924         155.206          536.48 
       0.699615         520.697         149.207         528.027 
       0.711937         508.806         143.537         518.008 
       0.724148         493.053         138.209         511.475 
       0.736433         481.918         133.125         502.672 
       0.748747         476.057          128.29         494.011 
       0.761037         468.002         123.706          488.29 
       0.773197         460.352         119.394         480.004 
       0.785376          455.49         115.282         473.269 
       0.797761         442.037           111.3         466.693 
       0.810096         436.222         107.523         460.652 
       0.822371          425.97         103.938          453.31 
       0.834626         421.471         100.524         448.281 
       0.846916         416.044         97.2555         441.284 
       0.859215         410.176          94.131         434.789 
       0.871383          401.61         91.1755         429.194 
        0.88363         396.351         88.3299         424.898 
       0.895928          391.53         85.5956         418.398 
       0.908253          382.13         82.9725         411.472 
       0.920535         373.715         80.4688         407.346 
       0.932774         368.977         78.0775         401.064 
        0.94508         363.491         75.7718         397.185 
       0.957324         358.993          73.571         391.919 
        0.96953         354.639         71.4647         387.196 
       0.981769         346.601         69.4359         382.875 
       0.994071         345.423         67.4767         378.292 
         1.0064         339.295           65.59         372.816 
        1.01868         335.294         63.7813         368.151 
        1.03092         325.727         62.0492         364.967 
         1.0432         322.785         60.3755         360.564 
        1.05553         319.734         58.7573         355.579 
        1.06777          315.07         57.2103         351.493 
           1.08         308.094         55.7209          347.65 
        1.09227         307.858         54.2799         343.506 
         1.1046         301.518         52.8847         340.341 
         1.1169         295.664         51.5412         335.873 
        1.12915         291.315         50.2512         332.349 
        1.14142         285.558         49.0028         328.523 
        1.15365         282.476         47.8008         325.094 
        1.16585         278.024         46.6424         321.508 
        1.17807         275.402         45.5211         317.889 
        1.19037         270.134         44.4294         315.207 
        1.20276         267.424         43.3663          311.12 
        1.21504         262.088         42.3464         307.618 
        1.22728         258.333         41.3637         304.466 
        1.23954         256.797           40.41         301.204 
        1.25184         250.974         39.4846         298.066 
        1.26414         246.281         38.5879         295.264 
        1.27632          243.84         37.7272         292.506 
         1.2886         241.395         36.8867          289.24 
        1.30093         236.473          36.069         285.519 
        1.31316         231.653          35.282         282.928 
        1.32541         230.548         34.5185         279.783 
        1.33772         226.236         33.7733         277.323 
        1.35005         223.739         33.0498         274.182 
        1.36225         219.623         32.3548         271.626 
        1.37447         216.128         31.6786         268.388 
        1.38676         214.163         31.0187         266.493 
        1.39907          211.11         30.3765         263.208 
        1.41133         207.115         29.7553         260.432 
        1.42358         204.587         29.1521         257.994 
        1.43591         201.864         28.5615         255.731 
        1.44818         198.063         27.9906         252.978 
        1.46037         196.564         27.4387         250.271 
        1.47263          192.86         26.8986         247.812 
        1.48494         191.499         26.3711         244.891 
        1.49724         187.874         25.8581         243.397 
        1.50952           184.8         25.3599          240.46 
        1.52178         182.421         24.8755         238.213 
        1.53409         179.495         24.4019         235.953 
        1.54637         176.651         23.9416         234.008 
        1.55858         174.806         23.4958         231.556 
        1.57081         171.872         23.0608          229.23 
        1.58313         169.801          22.634         226.914 
        1.59544         166.661         22.2184         224.903 
        1.60767         165.254         21.8158         222.915 
        1.61994         162.435         21.4219         220.618 
        1.63225         159.837         21.0368         218.398 
        1.64452         157.356         20.6624          216.47 
        1.65676         155.487         20.2982         214.635 
          1.669         153.664         19.9425          212.43 
        1.68133         150.686         19.5931         210.489 
        1.69363         148.161         19.2531          208.78 
        1.70585         145.961         18.9234         206.788 
        1.71809         144.086         18.6007         204.598 
        1.73038         142.119         18.2846          202.86 
        1.74268         140.931         17.9756         200.881 
        1.75493         138.008         17.6751         199.273 
        1.76714         137.203         17.3824         197.507 
        1.77942         134.449         17.0947          195.72 
        1.79173         132.656         16.8129         193.814 
        1.80402         130.719          16.538         192.096 
         1.8163         128.544         16.2694         190.582 
         1.8286          126.74         16.0063         188.707 
         1.8409         125.119         15.7492         186.961 
        1.85315         122.908         15.4987         185.419 
        1.86537         121.577         15.2541         183.839 
        1.87765         120.117         15.0139         182.262 
        1.88995         118.073         14.7783         180.519 
        1.90221         116.597         14.5486         179.119 
        1.91445         114.817         14.3241          177.42 
        1.92674         112.953         14.1036         175.825 
        1.93902         111.684         13.8877         174.241 
        1.95124         110.152         13.6775         172.785 
         1.9635         108.376         13.4712         171.285 
        1.97583         106.762         13.2677         169.743 
        1.98812         105.259         13.0693         168.574 
        2.00039         104.105         12.8753         166.932 
        2.01264         102.846         12.6854         165.556 
        2.02492          101.22         12.4991         164.034 
        2.03717         99.8336         12.3169         162.757 
        2.04942         98.5507         12.1385          161.34 
        2.06171         96.9205          11.963          159.89 
        2.07397         95.6723         11.7914         158.696 
        2.08629         94.2587         11.6225         157.312 
        2.09857         93.1996         11.4573         156.061 
        2.11081          91.736         11.2959         154.623 
        2.12309          90.587         11.1373         153.426 
        2.13538          89.138         10.9815           152.1 
        2.14763         87.8561         10.8292         150.852 
        2.15986         86.9997         10.6802         149.504 
        2.17214         85.7663         10.5333         148.387 
        2.18443         84.7945         10.3891          147.29 
        2.19671         83.7187         10.2477             146 
        2.20898         82.5201         10.1092         144.689 
        2.22126         81.3993         9.97305         143.634 
        2.23354         80.3595         9.83947         142.509 
         2.2458         78.8041         9.70857         141.273 
        2.25807         78.1802         9.57993         140.161 
        2.27035         77.0511         9.45351         139.032 
        2.28263         76.1131         9.32944         137.974 
         2.2949         74.7206         9.20765         136.884 
        2.30718         73.6526         9.08801          135.75 
        2.31946         72.9387         8.97043         134.592 
        2.33169         71.8164         8.85544         133.588 
        2.34393         71.1346         8.74229          132.66 
        2.35622          70.038         8.63076          131.51 
        2.36847         69.2252         8.52148         130.589 
        2.38076         68.0249         8.41377          129.47 
        2.39305         67.4348         8.30796         128.557 
        2.40534         66.3716         8.20395         127.486 
        2.41762         65.7853         8.10174         126.484 
        2.42989         64.6908         8.00143         125.551 
        2.44216          64.125         7.90282         124.511 
         2.4544         63.2216         7.80611         123.623 
        2.46667         62.2369         7.71079         122.679 
        2.47897         61.7439         7.61684         121.653 
        2.49124         60.9363         7.52471         120.741 
        2.50349         59.8604         7.43424         119.857 
        2.51578         59.4838         7.34498         119.028 
        2.52805         58.4913         7.25735         118.051 
        2.54029         57.9409         7.17137         117.162 
        2.55257         57.2336         7.08652          116.34 
        2.56487         56.7847         7.00288         115.472 
        2.57716         56.1603         6.92071         114.609 
        2.58942         55.2749         6.84004         113.771 
        2.60167         54.6622         6.76074         112.954 
        2.61395         54.2543         6.68258          112.09 
        2.62624         53.4228         6.60554         111.205 
        2.63849         52.8249         6.52996         110.443 
        2.65073         52.0953         6.45565         109.615 
        2.66302         51.6806         6.38222         108.835 
         2.6753         50.9421         6.30999         108.061 
        2.68756         50.6131         6.23902         107.246 
        2.69983         50.0143         6.16909         106.474 
        2.71213          49.448         6.10009         105.716 
        2.72441         48.9856         6.03227         104.939 
        2.73665          48.431         5.96564         104.219 
         2.7489         47.9452         5.90005          103.49 
        2.76118         47.4993         5.83525         102.717 
        2.77349         47.0184         5.77127         102.012 
        2.78576         46.5454          5.7085         101.272 
        2.79802          46.148          5.6467         100.614 
        2.81031         45.6125         5.58567         99.8889 
        2.82259         45.1238         5.52556         99.1433 
        2.83483         44.6768         5.46657         98.4951 
         2.8471           44.19         5.40832         97.7831 
         2.8594         43.8017         5.35075         97.0966 
         2.8717         43.5074         5.29403         96.4679 
        2.88396         43.0574         5.23835         95.7982 
        2.89619         42.7486         5.18356         95.0965 
        2.90847         42.3341         5.12936          94.401 
        2.92072         41.9868         5.07602          93.824 
        2.93299         41.7697         5.02341         93.1965 
        2.94526         41.4047          4.9715         92.5314 
        2.95753         41.1247         4.92035         91.8977 
        2.96982         40.6904         4.86982         91.2943 
        2.98209         40.4752         4.82011         90.6712 
        2.99436         40.2594         4.77104         90.0309 
        3.00666         40.0325         4.72258         89.4267 
        3.01894         39.8042         4.67489         88.8361 
        3.03119         39.5176         4.62792         88.2697 
        3.04345         39.2513         4.58159         87.6911 
        3.05573          39.239         4.53581         87.0952 
          3.068         38.9269          4.4907         86.5245 
        3.08026         38.7116         4.44625         85.9477 
        3.09254         38.6897         4.40232         85.3887 
        3.10483         38.5801         4.35897         84.8319 
         3.1171         38.4188         4.31627         84.2643 
        3.12933         38.1757         4.27425         83.7047 
        3.14159         38.1523         4.23271          83.152 
