# k  (h/Mpc)    P(k)  (Mpc/h)^3    P_linear(k)  (Mpc/h)^3     P_NL(k)  ShotnoiseSubtracted = false
      0.0156606         8719.54         8597.39         8547.39 
      0.0273761         7521.89         7424.35         7385.34 
      0.0384619         5706.57         5590.03         5562.94 
      0.0498308         4442.63         4395.34          4370.7 
      0.0625568         3748.18         3734.58          3710.5 
      0.0751274         3290.45         3172.44         3136.35 
      0.0867833         2579.01         2553.92         2545.36 
      0.0984825            2128         2020.96         2036.62 
       0.111151         1796.12         1687.38         1703.77 
       0.123864         1613.08          1520.6         1534.39 
       0.135742         1456.59         1367.36         1381.55 
        0.14762         1248.15         1169.14         1204.17 
       0.160083         1038.91         974.523         1014.97 
       0.172465         923.917         850.559         900.693 
       0.184281         852.745         784.106         836.624 
       0.196406         781.523         724.113         766.954 
       0.209011         715.602         644.269         690.726 
       0.221538         643.618         563.026          627.85 
       0.233611         593.497         503.759         576.447 
       0.245665         552.568         464.948         530.234 
       0.258103          513.75         432.825         497.758 
       0.270422         472.887         397.714         462.209 
       0.282519         433.022         360.946         428.661 
       0.294636         426.875         328.861         400.143 
       0.306978         378.447         304.251         378.352 
       0.319417         363.342         284.456         355.566 
        0.33169         340.689         265.509          334.14 
       0.343948         325.008         246.009          318.24 
       0.356249         303.083         227.721         303.109 
       0.368458         293.068         212.404         284.995 
        0.38068         279.005         199.596          271.32 
       0.392856         260.779         187.902         259.592 
       0.405069         249.904         176.468         249.098 
       0.417459         238.305         165.398         235.761 
       0.429752         229.565         155.461         226.377 
       0.441978         221.471         146.738         218.813 
       0.454294         206.603         138.817          208.12 
        0.46658         206.576         131.386         201.418 
       0.478753          195.36         124.375         194.003 
       0.490964         189.236         117.789         186.735 
       0.503334           179.3         111.711         180.713 
       0.515665         175.614         106.168         176.126 
       0.527909         170.308         101.051         168.883 
       0.540159         164.791         96.2098         163.948 
        0.55248         160.351         91.6164         158.478 
       0.564743         155.637         87.3634         154.481 
        0.57686         150.574         83.4543         149.424 
       0.589077         144.088         79.7642         145.922 
       0.601441         141.167         76.2554         142.097 
        0.61382         139.236         72.9471         137.927 
       0.626067         134.224           69.86         134.429 
       0.638306         129.049         66.9529         131.286 
       0.650632         124.682         64.1985         126.742 
       0.662899         124.668         61.6174         124.025 
       0.675076         120.218         59.1985         121.056 
       0.687267         117.321         56.9064         118.243 
       0.699615         114.099          54.707         115.816 
       0.711937         110.873         52.6279         112.785 
       0.724148         109.621         50.6744         111.202 
       0.736433         105.807         48.8104         108.301 
       0.748747         103.613         47.0375         105.964 
       0.761037         101.596         45.3568          103.49 
       0.773197         99.3672         43.7757         102.298 
       0.785376         97.3876         42.2681         99.7274 
       0.797761         96.1828         40.8083         98.2684 
       0.810096         92.9007         39.4231         96.0854 
       0.822371          90.961          38.109         94.3088 
       0.834626         89.0536         36.8573         92.6993 
       0.846916         87.9941         35.6587         91.1154 
       0.859215         86.2473         34.5131         89.3242 
       0.871383         85.0135         33.4295          87.827 
        0.88363         82.7482         32.3862         86.6414 
       0.895928         81.1604         31.3836          85.225 
       0.908253         79.0913         30.4219          83.713 
       0.920535         78.7207         29.5038          82.483 
       0.932774         76.9669         28.6271         81.0313 
        0.94508         76.0322         27.7817         79.6825 
       0.957324         74.2739         26.9748          78.654 
        0.96953         74.3472         26.2025         77.2665 
       0.981769         71.8478         25.4586         76.4136 
       0.994071         71.0808         24.7403         75.2849 
         1.0064         69.5117         24.0485          74.161 
        1.01868         68.7009         23.3854         73.1903 
        1.03092         67.4407         22.7503         72.1483 
         1.0432         66.2927         22.1366         71.0611 
        1.05553         64.5783         21.5433         70.4673 
        1.06777         64.3092         20.9761          69.457 
           1.08         62.9088           20.43         68.4926 
        1.09227         62.0124         19.9017         67.4986 
         1.1046         61.0473         19.3901         66.6596 
         1.1169         60.3526         18.8976         65.6938 
        1.12915         59.4686         18.4246         65.0245 
        1.14142         58.3189         17.9669         64.2231 
        1.15365         57.3318         17.5261         63.4884 
        1.16585         56.5273         17.1014         62.6174 
        1.17807         55.6477         16.6903         61.8841 
        1.19037         55.5355           16.29         61.2959 
        1.20276         54.4515         15.9002         60.5713 
        1.21504         53.9461         15.5263          59.861 
        1.22728         52.8103          15.166         59.2141 
        1.23954         52.2286         14.8163         58.4242 
        1.25184         51.3716          14.477         57.9155 
        1.26414         50.5564         14.1482         57.1956 
        1.27632         50.1414         13.8326          56.647 
         1.2886         49.6056         13.5245         55.9979 
        1.30093         48.8708         13.2247         55.2783 
        1.31316         48.1093         12.9361         54.8883 
        1.32541         47.8198         12.6562         54.2573 
        1.33772          46.939          12.383         53.6905 
        1.35005         46.4537         12.1177          53.179 
        1.36225         45.6517         11.8629         52.6483 
        1.37447         44.5773         11.6149         52.0884 
        1.38676         44.7495          11.373         51.6011 
        1.39907         44.0364         11.1375         51.1639 
        1.41133         43.1296         10.9098         50.6896 
        1.42358         42.6497         10.6886         50.1168 
        1.43591         42.2706         10.4721         49.7082 
        1.44818         41.7532         10.2627          49.117 
        1.46037           41.21         10.0604         48.7306 
        1.47263         40.8805         9.86235         48.3389 
        1.48494         40.0757         9.66893         47.8232 
        1.49724         39.8253         9.48085         47.3856 
        1.50952         39.4066         9.29818         46.9756 
        1.52178         38.7942         9.12058         46.5728 
        1.53409         38.4819         8.94693         46.1581 
        1.54637         37.8474         8.77816          45.707 
        1.55858         37.0669         8.61472          45.289 
        1.57081         37.0879         8.45521         44.9696 
        1.58313          36.656         8.29875         44.5707 
        1.59544         36.0087         8.14635         44.1639 
        1.60767         35.5563         7.99875         43.7563 
        1.61994         35.1158         7.85431         43.4045 
        1.63225         34.8901         7.71314         43.0453 
        1.64452         34.4737         7.57583         42.7058 
        1.65676         34.0314          7.4423         42.3205 
          1.669         33.7196          7.3119         42.0301 
        1.68133         33.3944          7.1838          41.628 
        1.69363         32.8282         7.05914          41.275 
        1.70585         32.6133         6.93824         41.0302 
        1.71809         32.0455         6.81994         40.5916 
        1.73038         31.8693         6.70402         40.3517 
        1.74268         31.3839         6.59073         39.9428 
        1.75493         31.0683         6.48057         39.6611 
        1.76714          30.778         6.37323         39.3756 
        1.77942          30.464         6.26777         39.0554 
        1.79173         30.0505         6.16442         38.7347 
        1.80402         29.7112         6.06363         38.5256 
         1.8163         29.4987         5.96514         38.0797 
         1.8286         29.0042         5.86868         37.8601 
         1.8409         28.7514         5.77444         37.5488 
        1.85315         28.4288         5.68258         37.3105 
        1.86537         28.0603          5.5929         37.0297 
        1.87765         27.9222         5.50483         36.7327 
        1.88995          27.492         5.41844         36.3957 
        1.90221         27.2317         5.33422         36.1372 
        1.91445         26.8352         5.25192         35.8945 
        1.92674         26.5977         5.17107         35.6088 
        1.93902         26.3001         5.09192         35.3715 
        1.95124         25.8562         5.01486         35.1576 
         1.9635         25.6991         4.93919         34.8587 
        1.97583         25.4272         4.86461         34.6325 
        1.98812         25.1947         4.79185         34.3761 
        2.00039         24.8877         4.72072         34.1212 
        2.01264         24.5904         4.65111         33.8998 
        2.02492         24.4109          4.5828         33.6264 
        2.03717         24.0381         4.51597          33.395 
        2.04942         23.8297         4.45057         33.1379 
        2.06171         23.6443         4.38624         32.9284 
        2.07397         23.3853         4.32332         32.6639 
        2.08629         23.1374         4.26138         32.4296 
        2.09857         22.8703          4.2008         32.2219 
        2.11081          22.613         4.14164          31.989 
        2.12309         22.4467         4.08349         31.7619 
        2.13538         22.0956         4.02636          31.567 
        2.14763         21.9717         3.97053         31.3365 
        2.15986         21.7013         3.91588         31.1137 
        2.17214         21.4884         3.86203         30.9202 
        2.18443          21.274         3.80915         30.6755 
        2.19671         21.0077         3.75733          30.469 
        2.20898         20.8208         3.70653         30.2506 
        2.22126         20.7001         3.65661         30.0573 
        2.23354         20.4918         3.60763          29.874 
         2.2458         20.3018         3.55964         29.6791 
        2.25807         19.9982         3.51247         29.4411 
        2.27035         19.8055         3.46612          29.267 
        2.28263         19.6554         3.42063         29.0764 
         2.2949         19.4767         3.37598         28.8866 
        2.30718         19.2886         3.33211         28.6834 
        2.31946         19.1556           3.289           28.49 
        2.33169         18.9164         3.24684         28.3033 
        2.34393         18.7383         3.20535         28.1314 
        2.35622          18.554         3.16446         27.9505 
        2.36847         18.3432         3.12439         27.7452 
        2.38076         18.1923          3.0849         27.5936 
        2.39305           18.03          3.0461         27.4162 
        2.40534         17.8445         3.00797         27.1986 
        2.41762          17.661          2.9705         27.0708 
        2.42989          17.547         2.93372         26.8541 
        2.44216         17.3097         2.89756         26.7041 
         2.4544         17.2963          2.8621         26.5176 
        2.46667         17.0635         2.82715         26.3577 
        2.47897         16.8528         2.79271         26.1777 
        2.49124         16.7843         2.75893         26.0129 
        2.50349         16.5563         2.72576         25.8393 
        2.51578         16.4548         2.69303         25.7011 
        2.52805         16.2896          2.6609          25.528 
        2.54029         16.1592         2.62937         25.3663 
        2.55257         16.0514         2.59826         25.2006 
        2.56487         15.8566          2.5676         25.0527 
        2.57716          15.753         2.53747         24.8745 
        2.58942         15.6599          2.5079         24.7439 
        2.60167         15.4323         2.47882         24.5846 
        2.61395         15.3667         2.45016         24.4305 
        2.62624         15.2768         2.42191         24.2705 
        2.63849         15.1032          2.3942          24.145 
        2.65073         14.9705         2.36696         23.9805 
        2.66302         14.8738         2.34004         23.8465 
         2.6753         14.8105         2.31355         23.6909 
        2.68756         14.6628         2.28753         23.5565 
        2.69983         14.5297         2.26189         23.3977 
        2.71213         14.4003         2.23659         23.2447 
        2.72441         14.3128         2.21172         23.1109 
        2.73665         14.2041          2.1873          22.973 
         2.7489         14.1591         2.16325         22.8324 
        2.76118         14.0099         2.13949          22.697 
        2.77349         13.9274         2.11603         22.5629 
        2.78576         13.8235         2.09302         22.4365 
        2.79802         13.7561         2.07036         22.2893 
        2.81031         13.6602         2.04798          22.151 
        2.82259         13.5228         2.02594         22.0339 
        2.83483         13.5193         2.00431         21.9019 
         2.8471         13.4414         1.98296         21.7576 
         2.8594         13.3267         1.96185         21.6222 
         2.8717         13.2728         1.94105         21.5037 
        2.88396         13.1895         1.92064         21.3738 
        2.89619         13.1594         1.90055         21.2451 
        2.90847         13.0591         1.88067          21.135 
        2.92072         13.0183         1.86112         20.9866 
        2.93299         12.9145         1.84183           20.88 
        2.94526          12.869          1.8228         20.7664 
        2.95753         12.8424         1.80404          20.634 
        2.96982         12.7698         1.78552         20.5149 
        2.98209         12.7325         1.76729         20.3987 
        2.99436         12.6837          1.7493         20.2721 
        3.00666         12.6646         1.73153         20.1524 
        3.01894         12.6087         1.71404         20.0507 
        3.03119         12.5929         1.69682         19.9323 
        3.04345         12.5155         1.67984         19.8058 
        3.05573         12.5143         1.66305         19.6947 
          3.068         12.4659         1.64651         19.5884 
        3.08026          12.463         1.63021         19.4627 
        3.09254         12.4062         1.61411         19.3582 
        3.10483         12.4252         1.59821         19.2577 
         3.1171         12.4555         1.58256         19.1443 
        3.12933         12.4146         1.56715         19.0336 
        3.14159          12.368         1.55192         18.9186 
