# k  (h/Mpc)    P(k)  (Mpc/h)^3    P_linear(k)  (Mpc/h)^3     P_NL(k)  ShotnoiseSubtracted = false
      0.0156606           23991         24138.5         23938.8 
      0.0273761         20504.9         20833.6         20585.8 
      0.0384619           15478         15680.7         15457.8 
      0.0498308         11933.8         12326.4         12101.2 
      0.0625568         10082.3         10471.3         10272.5 
      0.0751274         8993.44         8893.98         8615.94 
      0.0867833         6956.32          7159.3         7072.24 
      0.0984825         5901.78          5664.9         5738.66 
       0.111151         5060.68         4729.56         4824.47 
       0.123864         4531.94         4261.93         4338.36 
       0.135742         4140.23          3832.3         3908.57 
        0.14762         3612.12         3276.65         3477.19 
       0.160083         3085.38         2731.16         2980.54 
       0.172465          2751.8          2383.7         2701.71 
       0.184281         2486.91         2197.43         2514.65 
       0.196406         2360.96         2029.28         2319.96 
       0.209011         2217.15          1805.5         2105.73 
       0.221538         1993.87         1577.81         1972.32 
       0.233611         1921.48         1411.71         1853.31 
       0.245665         1739.25         1302.94          1714.2 
       0.258103         1733.51         1212.91         1620.34 
       0.270422          1546.8         1114.51         1525.14 
       0.282519         1467.72         1011.47         1449.23 
       0.294636         1435.41         921.557         1375.39 
       0.306978         1319.03          852.59         1320.54 
       0.319417         1299.14         797.118         1245.94 
        0.33169         1219.73          744.02         1182.38 
       0.343948         1175.22         689.374         1147.39 
       0.356249         1118.47         638.127         1106.68 
       0.368458         1069.88         595.203         1060.99 
        0.38068         1058.42          559.31         1022.64 
       0.392856         1008.03         526.542         989.065 
       0.405069         953.752           494.5         955.982 
       0.417459          917.85         463.478         926.157 
       0.429752         919.557          435.63         894.335 
       0.441978         887.541         411.187         872.793 
       0.454294         850.858         388.992         838.604 
        0.46658         827.477         368.166         822.252 
       0.478753         813.995         348.519          798.65 
       0.490964         784.329         330.064         775.016 
       0.503334         752.294         313.032          759.11 
       0.515665         748.927           297.5         741.681 
       0.527909         717.344         283.162         727.738 
       0.540159          702.04         269.596         710.653 
        0.55248         687.563         256.724          692.87 
       0.564743         681.274         244.806          681.23 
        0.57686         661.555         233.852          663.98 
       0.589077         653.518         223.512         650.076 
       0.601441         635.418          213.68         638.129 
        0.61382         617.145         204.409         626.775 
       0.626067         611.948         195.758         616.004 
       0.638306         590.246         187.612         603.436 
       0.650632         584.895         179.894         590.407 
       0.662899          580.47         172.661         582.907 
       0.675076           564.3         165.883         575.777 
       0.687267         547.733          159.46         562.658 
       0.699615         548.293         153.297         553.767 
       0.711937         534.779         147.471          543.21 
       0.724148         518.776         141.997         536.579 
       0.736433         507.395         136.774         527.457 
       0.748747         501.289         131.806         518.473 
       0.761037         492.912         127.096         512.578 
       0.773197         484.223         122.666         503.718 
       0.785376         479.894         118.441         496.712 
       0.797761         465.865         114.351         490.132 
       0.810096         458.639         110.469         483.664 
       0.822371         448.785         106.787         476.048 
       0.834626         443.715         103.279         470.893 
       0.846916         438.676         99.9207         463.584 
       0.859215          431.77         96.7105         456.732 
       0.871383         423.088          93.674         450.895 
        0.88363         416.892         90.7505         446.396 
       0.895928         412.363         87.9412         439.642 
       0.908253         402.716         85.2462         432.316 
       0.920535         392.965         82.6738         428.175 
       0.932774         388.379          80.217         421.508 
        0.94508         382.721         77.8481          417.54 
       0.957324         377.184          75.587         411.996 
        0.96953         372.625         73.4229         407.004 
       0.981769         364.424         71.3386         402.467 
       0.994071         363.322         69.3256         397.697 
         1.0064         356.965         67.3872         391.956 
        1.01868         352.519          65.529         387.123 
        1.03092         342.811         63.7494         383.778 
         1.0432          339.55         62.0298         379.156 
        1.05553         336.451         60.3672         373.906 
        1.06777         331.325         58.7779         369.548 
           1.08          324.14         57.2476         365.514 
        1.09227         324.081         55.7672         361.191 
         1.1046         317.085         54.3337         357.944 
         1.1169         311.418         52.9534         353.275 
        1.12915         306.453         51.6281          349.47 
        1.14142         300.606         50.3455         345.521 
        1.15365         297.138         49.1105         341.922 
        1.16585         292.892         47.9203         338.164 
        1.17807         290.019         46.7683         334.255 
        1.19037         283.973         45.6467         331.407 
        1.20276          281.63         44.5544         327.149 
        1.21504         276.177         43.5067         323.456 
        1.22728         272.115         42.4971         320.335 
        1.23954         270.366         41.5172         316.701 
        1.25184          264.34         40.5664         313.437 
        1.26414         259.699         39.6451         310.484 
        1.27632         256.603         38.7608         307.554 
         1.2886         253.786         37.8973         304.162 
        1.30093         248.915         37.0572         300.197 
        1.31316         244.017         36.2487         297.607 
        1.32541         242.824         35.4642         294.178 
        1.33772         238.181         34.6987         291.652 
        1.35005         235.396         33.9553         288.341 
        1.36225         231.267         33.2413         285.661 
        1.37447         227.464         32.5465         282.327 
        1.38676         225.347         31.8685         280.298 
        1.39907         222.107         31.2087         276.833 
        1.41133         218.068         30.5705         273.906 
        1.42358         215.227         29.9508         271.356 
        1.43591         212.263          29.344         268.991 
        1.44818         208.314         28.7574         266.048 
        1.46037         206.686         28.1904         263.226 
        1.47263         203.032         27.6356         260.549 
        1.48494         201.604         27.0935         257.529 
        1.49724         197.576         26.5665         255.977 
        1.50952         194.605         26.0547          252.78 
        1.52178         191.702          25.557         250.583 
        1.53409         188.915         25.0704         248.104 
        1.54637         185.805         24.5975         246.069 
        1.55858         183.786         24.1395          243.53 
        1.57081          180.76         23.6926         241.004 
        1.58313         178.745         23.2541         238.587 
        1.59544         175.349         22.8271         236.478 
        1.60767         174.029         22.4135         234.402 
        1.61994         170.905         22.0088         231.943 
        1.63225         168.192         21.6132         229.607 
        1.64452         165.526         21.2284         227.583 
        1.65676         163.613         20.8543         225.681 
          1.669         161.698         20.4888         223.312 
        1.68133         158.513         20.1299          221.27 
        1.69363         155.947         19.7806         219.501 
        1.70585         153.673         19.4418         217.363 
        1.71809         151.638         19.1103         215.086 
        1.73038         149.361         18.7855         213.227 
        1.74268         148.132          18.468          211.16 
        1.75493         145.349         18.1594         209.478 
        1.76714         144.235         17.8586         207.603 
        1.77942         141.571         17.5631         205.777 
        1.79173         139.776         17.2735         203.713 
        1.80402         137.582          16.991         201.914 
         1.8163         135.431         16.7151         200.327 
         1.8286         133.387         16.4448          198.37 
         1.8409         131.649         16.1807         196.532 
        1.85315         129.377         15.9233         194.898 
        1.86537         127.919          15.672         193.226 
        1.87765         126.362         15.4252         191.565 
        1.88995         124.366         15.1831         189.745 
        1.90221          122.79         14.9471         188.264 
        1.91445         120.871         14.7165         186.512 
        1.92674         118.861           14.49         184.806 
        1.93902         117.546         14.2682         183.143 
        1.95124         115.858         14.0522         181.622 
         1.9635         114.113         13.8402         180.047 
        1.97583         112.465         13.6312         178.409 
        1.98812         110.803         13.4273         177.202 
        2.00039         109.654          13.228         175.471 
        2.01264          108.25          13.033         174.017 
        2.02492         106.382         12.8416         172.423 
        2.03717         105.039         12.6543         171.083 
        2.04942         103.676          12.471         169.575 
        2.06171         102.043         12.2908         168.037 
        2.07397         100.575         12.1145         166.799 
        2.08629         99.1406         11.9409         165.358 
        2.09857         97.9879         11.7711         164.036 
        2.11081         96.5051         11.6054         162.531 
        2.12309          95.243         11.4424         161.253 
        2.13538         93.7838         11.2824         159.887 
        2.14763         92.3401         11.1259         158.559 
        2.15986         91.4867         10.9728         157.141 
        2.17214         90.1531         10.8219         156.003 
        2.18443         89.2129         10.6737          154.81 
        2.19671         88.0545         10.5285         153.453 
        2.20898         86.6915         10.3861         152.078 
        2.22126         85.6031         10.2463         150.963 
        2.23354         84.4583          10.109         149.806 
         2.2458         82.7866         9.97453         148.489 
        2.25807         82.2597         9.84237         147.322 
        2.27035         81.0744         9.71249         146.157 
        2.28263         80.0491         9.58502         145.039 
         2.2949         78.7879          9.4599         143.893 
        2.30718         77.5433         9.33698         142.706 
        2.31946         76.7082         9.21618         141.487 
        2.33169         75.5856         9.09804         140.432 
        2.34393         74.6838         8.98179         139.466 
        2.35622         73.6866          8.8672         138.244 
        2.36847         72.7287         8.75493         137.266 
        2.38076         71.5141         8.64427         136.124 
        2.39305         70.9234         8.53555         135.141 
        2.40534         69.7591          8.4287         134.022 
        2.41762           69.18         8.32369         132.981 
        2.42989         67.9775         8.22062         131.987 
        2.44216         67.3699         8.11932         130.908 
         2.4544         66.6206         8.01996         129.977 
        2.46667         65.4294         7.92203          128.99 
        2.47897          64.997          7.8255           127.9 
        2.49124         64.0993         7.73084         126.941 
        2.50349         62.9673          7.6379         126.018 
        2.51578         62.5326         7.54619         125.131 
        2.52805         61.5068         7.45616         124.126 
        2.54029         60.9543         7.36782         123.199 
        2.55257         60.2028         7.28065         122.322 
        2.56487         59.6686         7.19472         121.417 
        2.57716         58.9794          7.1103           120.5 
        2.58942         58.1616         7.02742         119.625 
        2.60167         57.4103         6.94595         118.773 
        2.61395         56.9265         6.86564         117.862 
        2.62624         56.1804          6.7865         116.942 
        2.63849         55.5012         6.70885         116.147 
        2.65073         54.7234          6.6325         115.259 
        2.66302         54.2536         6.55706         114.464 
         2.6753         53.5133         6.48285         113.642 
        2.68756         53.0896         6.40993         112.791 
        2.69983         52.5392         6.33809         111.978 
        2.71213         51.9672          6.2672         111.179 
        2.72441         51.4249         6.19752         110.362 
        2.73665           50.82         6.12906         109.601 
         2.7489         50.3517         6.06168         108.835 
        2.76118         49.8879         5.99511          108.03 
        2.77349         49.4056         5.92937         107.284 
        2.78576         48.8984         5.86488         106.512 
        2.79802         48.4646         5.80139         105.814 
        2.81031         47.9478         5.73868          105.06 
        2.82259          47.467         5.67693         104.271 
        2.83483         46.9647         5.61632         103.588 
         2.8471         46.4767         5.55648         102.846 
         2.8594         46.0687         5.49733         102.131 
         2.8717         45.7145         5.43906         101.464 
        2.88396         45.2125         5.38185         100.763 
        2.89619         44.9945         5.32556         100.038 
        2.90847         44.5382         5.26987         99.3054 
        2.92072         44.1225         5.21507         98.6985 
        2.93299         43.8698         5.16103         98.0352 
        2.94526         43.5329          5.1077         97.3335 
        2.95753         43.2602         5.05513         96.6777 
        2.96982         42.7591         5.00322         96.0495 
        2.98209         42.4979         4.95215         95.3866 
        2.99436         42.3456         4.90174         94.7211 
        3.00666         42.0775         4.85195         94.0863 
        3.01894         41.7999         4.80295         93.4629 
        3.03119         41.5313          4.7547          92.869 
        3.04345         41.2838          4.7071         92.2661 
        3.05573         41.2507         4.66006         91.6435 
          3.068         40.8939         4.61372         91.0439 
        3.08026         40.6534         4.56805         90.4412 
        3.09254         40.7088         4.52291         89.8528 
        3.10483         40.4546         4.47838         89.2665 
         3.1171         40.3366         4.43451         88.6718 
        3.12933         40.1973         4.39134         88.0858 
        3.14159         40.0824         4.34866           87.51 
