# k  (h/Mpc)    P(k)  (Mpc/h)^3    P_linear(k)  (Mpc/h)^3     P_NL(k)  ShotnoiseSubtracted = false
      0.0156606         15589.1         15766.6         15657.3 
      0.0273761         13385.8         13610.9         13497.1 
      0.0384619         10134.5         10245.9           10151 
      0.0498308         7849.91         8055.04         7961.64 
      0.0625568         6626.51         6843.36         6758.32 
      0.0751274         5870.27         5812.85          5691.5 
      0.0867833         4566.36         4679.31         4644.03 
      0.0984825         3821.23         3702.68         3741.42 
       0.111151          3250.1         3091.41          3135.9 
       0.123864         2915.37         2785.81         2822.42 
       0.135742         2646.16         2505.02         2542.25 
        0.14762         2289.76         2141.84         2239.88 
       0.160083         1924.53         1785.29         1903.14 
       0.172465         1716.36         1558.18         1707.11 
       0.184281         1568.77         1436.43         1588.23 
       0.196406         1458.81         1326.52         1458.34 
       0.209011         1353.21         1180.24         1318.53 
       0.221538         1220.88         1031.41         1220.22 
       0.233611         1152.87         922.834         1135.25 
       0.245665         1054.31         851.733         1045.74 
       0.258103         1020.73         792.885         985.245 
       0.270422         917.665         728.564         921.589 
       0.282519         855.592         661.208         864.975 
       0.294636          847.01         602.431          815.39 
       0.306978         762.879         557.347          777.94 
       0.319417         739.948         521.086         732.423 
        0.33169         697.346         486.376         690.957 
       0.343948         665.283         450.653          666.86 
       0.356249         626.131         417.153         639.734 
       0.368458         606.888         389.093         606.881 
        0.38068         587.589          365.63         581.435 
       0.392856         554.385         344.209         558.896 
       0.405069         530.461         323.263          541.53 
       0.417459         508.945         302.984         516.991 
       0.429752         496.898          284.78          498.38 
       0.441978         480.476         268.801         484.257 
       0.454294         455.051         254.292         463.306 
        0.46658         446.189         240.678         452.198 
       0.478753           432.9         227.835         437.136 
       0.490964         417.142          215.77         422.814 
       0.503334         394.776         204.636         411.781 
       0.515665         393.537         194.483         402.826 
       0.527909         379.351         185.109         391.615 
       0.540159         369.811         176.241         380.627 
        0.55248         362.614         167.826         370.206 
       0.564743         357.353         160.036         363.265 
        0.57686         343.538         152.875         352.729 
       0.589077         331.966         146.115         344.934 
       0.601441         328.375         139.687         337.149 
        0.61382         322.425         133.627         330.605 
       0.626067         317.059         127.972           323.4 
       0.638306          303.27         122.647         317.231 
       0.650632         298.193         117.601         308.088 
       0.662899         295.969         112.873         304.173 
       0.675076         284.609         108.442         298.357 
       0.687267         277.577         104.243         291.458 
       0.699615         273.434         100.214         286.417 
       0.711937         269.036         96.4055         281.261 
       0.724148         261.071          92.827         277.025 
       0.736433         255.465         89.4125         271.356 
       0.748747          251.27         86.1648          266.19 
       0.761037         246.854         83.0861         261.913 
       0.773197         243.503         80.1897          258.43 
       0.785376         240.138         77.4282         253.706 
       0.797761         234.375         74.7539         249.998 
       0.810096         231.426         72.2165         246.338 
       0.822371         222.711         69.8093          242.25 
       0.834626         222.125         67.5163         238.598 
       0.846916         217.601         65.3208         235.119 
       0.859215         217.409         63.2222         231.699 
       0.871383         211.596         61.2371         228.094 
        0.88363         209.891         59.3259         225.723 
       0.895928         205.056         57.4895         222.208 
       0.908253         199.472         55.7277         218.512 
       0.920535         198.811          54.046         215.573 
       0.932774          192.33         52.4399         212.565 
        0.94508         190.614         50.8914         210.333 
       0.957324         190.187         49.4132         207.171 
        0.96953         187.611         47.9985          204.16 
       0.981769         181.803         46.6359         202.285 
       0.994071         180.988           45.32         199.627 
         1.0064         176.833         44.0528         196.593 
        1.01868         174.481          42.838         194.375 
        1.03092         171.453         41.6747         192.296 
         1.0432         168.131         40.5505           189.9 
        1.05553         165.552         39.4637         187.612 
        1.06777         165.393         38.4247         185.713 
           1.08         161.337         37.4243         183.291 
        1.09227         159.471         36.4565         181.412 
         1.1046         156.988         35.5194         179.385 
         1.1169         154.631         34.6171         176.938 
        1.12915         152.276         33.7507         175.256 
        1.14142         149.874         32.9122         172.968 
        1.15365         147.936         32.1049         171.154 
        1.16585          145.88         31.3268         168.922 
        1.17807         143.874         30.5737         167.704 
        1.19037         142.957         29.8405         165.963 
        1.20276         140.302         29.1265         163.924 
        1.21504         138.246         28.4415         162.162 
        1.22728         135.552         27.7815         160.158 
        1.23954         134.936         27.1409         158.907 
        1.25184         132.286         26.5194         157.101 
        1.26414         130.371         25.9171         155.452 
        1.27632         129.862          25.339         154.599 
         1.2886         127.545         24.7745         152.398 
        1.30093         124.177         24.2253         150.772 
        1.31316         123.711         23.6967         149.143 
        1.32541         121.928         23.1839         148.026 
        1.33772         120.744         22.6835         146.423 
        1.35005         119.115         22.1975         144.791 
        1.36225         117.679         21.7307         143.502 
        1.37447         115.547         21.2766         141.896 
        1.38676         114.613         20.8333          140.47 
        1.39907         112.171          20.402         139.183 
        1.41133         110.704         19.9848         138.034 
        1.42358         109.153         19.5796         136.701 
        1.43591         108.338          19.183         135.163 
        1.44818         107.298         18.7995         134.054 
        1.46037           105.2         18.4288         132.688 
        1.47263         104.026         18.0661         131.689 
        1.48494         102.812         17.7118         130.226 
        1.49724         101.286         17.3673         128.924 
        1.50952         99.5317         17.0326         127.793 
        1.52178         98.8928         16.7073         126.577 
        1.53409         97.4795         16.3892         125.494 
        1.54637         95.8377         16.0801         124.376 
        1.55858         94.5333         15.7807         123.153 
        1.57081          93.212         15.4885         122.093 
        1.58313         92.1655         15.2019         120.947 
        1.59544         91.1685         14.9227         119.885 
        1.60767         89.8094         14.6523          118.73 
        1.61994         88.4992         14.3877         117.956 
        1.63225         87.2701         14.1291         116.524 
        1.64452         85.9626         13.8776         115.565 
        1.65676          84.825          13.633         114.611 
          1.669           84.24         13.3941         113.686 
        1.68133          82.972         13.1595         112.606 
        1.69363         82.0408         12.9311         111.692 
        1.70585         80.8151         12.7097         110.654 
        1.71809         79.6074         12.4929         109.731 
        1.73038         78.8744         12.2806         108.721 
        1.74268         77.6048         12.0731         107.795 
        1.75493         76.8935         11.8713         106.824 
        1.76714         75.6192         11.6746         105.957 
        1.77942         75.0401         11.4815         104.982 
        1.79173         73.7563         11.2922         104.132 
        1.80402          73.058         11.1075          103.31 
         1.8163         72.0157         10.9271         102.261 
         1.8286         70.9919         10.7504         101.502 
         1.8409         70.1886         10.5778         100.621 
        1.85315          69.096         10.4095         99.8544 
        1.86537         68.3913         10.2452           98.98 
        1.87765         67.6842         10.0839         98.0451 
        1.88995         66.6401         9.92565         97.3343 
        1.90221         65.8455         9.77135         96.4938 
        1.91445         64.6322          9.6206         95.7004 
        1.92674         64.0255          9.4725         94.9304 
        1.93902         63.2161         9.32752         94.0763 
        1.95124         62.7534         9.18635         93.4167 
         1.9635         61.6347         9.04773         92.4824 
        1.97583         60.9903         8.91111         91.8742 
        1.98812         60.2613         8.77783         91.0597 
        2.00039         59.2762         8.64754         90.3218 
        2.01264         58.7655         8.52002         89.5655 
        2.02492         57.9012         8.39489         88.8661 
        2.03717         57.0821         8.27248         88.0771 
        2.04942         56.5139         8.15267         87.4676 
        2.06171         55.6003         8.03483         86.7058 
        2.07397         55.0139         7.91957         86.0683 
        2.08629         54.5015          7.8061         85.3162 
        2.09857         53.7647         7.69513         84.6647 
        2.11081         52.6608         7.58677         83.9136 
        2.12309         52.4022         7.48023         83.3317 
        2.13538         51.6313         7.37559          82.643 
        2.14763          51.067         7.27331         81.9969 
        2.15986         50.1737          7.1732         81.3364 
        2.17214         49.6655         7.07457         80.7143 
        2.18443          49.231          6.9777         80.1186 
        2.19671         48.3367         6.88276          79.436 
        2.20898         48.1105         6.78971         78.8218 
        2.22126         47.3562         6.69827         78.1738 
        2.23354         46.7212         6.60855         77.6137 
         2.2458         46.2321         6.52063         77.0397 
        2.25807         45.7857         6.43423         76.3826 
        2.27035         45.1757         6.34933         75.7964 
        2.28263         44.4657         6.26599         75.1968 
         2.2949         44.0434          6.1842         74.6358 
        2.30718         43.4373         6.10384          74.093 
        2.31946         42.8553         6.02487         73.5473 
        2.33169         42.3653         5.94764         72.9702 
        2.34393         41.6685         5.87165         72.4151 
        2.35622         41.4375         5.79674         71.8564 
        2.36847         40.9095         5.72334         71.3484 
        2.38076          40.445           5.651         70.7762 
        2.39305         39.9162         5.57993         70.2684 
        2.40534         39.5328         5.51008         69.6892 
        2.41762         39.1245         5.44143         69.1462 
        2.42989         38.4851         5.37405         68.6921 
        2.44216         38.2273         5.30783         68.1599 
         2.4544         37.7807         5.24287         67.6501 
        2.46667         37.3277         5.17885          67.115 
        2.47897         36.8982         5.11575           66.64 
        2.49124         36.4064         5.05387         66.1554 
        2.50349          35.915         4.99311         65.6576 
        2.51578         35.5277         4.93316         65.2171 
        2.52805         35.4191          4.8743          64.715 
        2.54029         34.8807         4.81655         64.2249 
        2.55257         34.3834         4.75957         63.7765 
        2.56487         34.1074         4.70339          63.333 
        2.57716         33.6959          4.6482         62.8989 
        2.58942         33.3024         4.59403         62.4165 
        2.60167         32.8315         4.54076         61.9497 
        2.61395         32.5911         4.48826         61.5169 
        2.62624         32.3334         4.43652         61.0686 
        2.63849         32.0125         4.38576         60.6449 
        2.65073         31.6669         4.33585           60.18 
        2.66302         31.3243         4.28654         59.7625 
         2.6753         30.9394         4.23802         59.3465 
        2.68756         30.5108         4.19035         58.8987 
        2.69983         30.3104         4.14339         58.5133 
        2.71213         30.0153         4.09704         58.1186 
        2.72441         29.8107         4.05149         57.6867 
        2.73665         29.5125         4.00674          57.275 
         2.7489         29.2986         3.96269          56.881 
        2.76118         28.8904         3.91917         56.4864 
        2.77349         28.7455          3.8762         56.1007 
        2.78576         28.5454         3.83404         55.6911 
        2.79802         28.1585         3.79253         55.3251 
        2.81031          27.916         3.75154          54.948 
        2.82259         27.6971         3.71117         54.5466 
        2.83483         27.4254         3.67155         54.1731 
         2.8471         27.1119         3.63243         53.8119 
         2.8594         26.9852         3.59376         53.4571 
         2.8717         26.6849         3.55567         53.0849 
        2.88396         26.5152         3.51827         52.7002 
        2.89619         26.2804         3.48147         52.3427 
        2.90847         26.1015         3.44507         52.0019 
        2.92072         25.9598         3.40924         51.6401 
        2.93299         25.8197         3.37391         51.2837 
        2.94526         25.5465         3.33905         50.9576 
        2.95753         25.4102         3.30469         50.6254 
        2.96982         25.3578         3.27075         50.2814 
        2.98209         25.1139         3.23736         49.9497 
        2.99436         24.8987         3.20441         49.6052 
        3.00666         24.8927         3.17186         49.2793 
        3.01894         24.6914         3.13983         48.9318 
        3.03119         24.5733         3.10828         48.6145 
        3.04345         24.4687         3.07717          48.314 
        3.05573         24.4097         3.04642         47.9968 
          3.068         24.2938         3.01612         47.6779 
        3.08026         24.1496         2.98626         47.3603 
        3.09254         24.0819         2.95676         47.0541 
        3.10483         24.0792         2.92765         46.7535 
         3.1171         24.0222         2.89897         46.4494 
        3.12933         23.9679         2.87075         46.1455 
        3.14159         23.8389         2.84284         45.8439 
