# k  (h/Mpc)    P(k)  (Mpc/h)^3    P_linear(k)  (Mpc/h)^3     P_NL(k)  ShotnoiseSubtracted = false
      0.0156606         248.073         245.162         244.037 
      0.0273761         216.373         212.128         211.709 
      0.0384619         164.231         159.873         159.878 
      0.0498308         129.415         125.776         125.871 
      0.0625568         109.264         106.907         106.867 
      0.0751274         93.2178         90.8362         90.7016 
      0.0867833         74.8522         73.1367         73.1254 
      0.0984825         59.7761         57.8803         57.9763 
       0.111151         49.9233         48.3302         48.4144 
       0.123864         44.8106          43.556         43.5846 
       0.135742         40.1994         39.1682         39.1815 
        0.14762         34.2729         33.4911         33.5741 
       0.160083          28.576          27.917         28.0303 
       0.172465         24.9763         24.3664          24.497 
       0.184281          23.061          22.463         22.5917 
       0.196406           21.16         20.7446         20.8332 
       0.209011         18.8925         18.4575         18.5654 
       0.221538         16.5982         16.1301         16.2916 
       0.233611         14.8472         14.4323         14.6119 
       0.245665         13.7901         13.3205         13.4766 
       0.258103         12.6307         12.4003         12.5527 
       0.270422          11.712         11.3944         11.5399 
       0.282519         10.6342         10.3411         10.5022 
       0.294636         9.79572         9.42191         9.59259 
       0.306978         8.90181         8.71687         8.89203 
       0.319417         8.39298         8.14977         8.31914 
        0.33169         7.81783         7.60694          7.7695 
       0.343948         7.29202         7.04828         7.20978 
       0.356249         6.69933         6.52435         6.71108 
       0.368458          6.2877         6.08551         6.24982 
        0.38068         5.87604         5.71857         5.88205 
       0.392856         5.53822         5.38355         5.54854 
       0.405069         5.22616         5.05596         5.21136 
       0.417459          4.8302          4.7388         4.90313 
       0.429752         4.57379         4.45409         4.61548 
       0.441978         4.33644         4.20418         4.37552 
       0.454294         4.07836         3.97725         4.13886 
        0.46658         3.89865         3.76433         3.92193 
       0.478753         3.67645         3.56346         3.71986 
       0.490964         3.50655         3.37477         3.54114 
       0.503334         3.33714         3.20064         3.35578 
       0.515665         3.14427         3.04183         3.20546 
       0.527909         3.01521         2.89523          3.0459 
       0.540159         2.85376         2.75652         2.90451 
        0.55248         2.70521         2.62492         2.76621 
       0.564743         2.61607         2.50306         2.65532 
        0.57686         2.49508         2.39107           2.537 
       0.589077         2.35939         2.28534         2.43659 
       0.601441         2.26992         2.18481         2.33242 
        0.61382         2.17263         2.09003         2.23203 
       0.626067         2.07283         2.00158         2.14207 
       0.638306         1.99571         1.91829         2.05582 
       0.650632          1.9274         1.83937         1.97905 
       0.662899         1.85053         1.76542         1.90004 
       0.675076         1.75905         1.69611         1.83042 
       0.687267         1.68858         1.63044         1.75788 
       0.699615         1.64417         1.56743         1.69353 
       0.711937         1.57475         1.50786         1.63713 
       0.724148         1.52691         1.45189         1.57812 
       0.736433          1.4608         1.39848         1.51948 
       0.748747            1.41         1.34769         1.47322 
       0.761037         1.35574         1.29953         1.42088 
       0.773197         1.30727         1.25423         1.37719 
       0.785376         1.26153         1.21104         1.33052 
       0.797761         1.21951         1.16921         1.28434 
       0.810096         1.19067         1.12953         1.24857 
       0.822371          1.1521         1.09188         1.20546 
       0.834626         1.11604         1.05601         1.16726 
       0.846916         1.07922         1.02167         1.13603 
       0.859215         1.03607         0.98885         1.10288 
       0.871383         1.00529        0.957802         1.06861 
        0.88363         0.97554         0.92791         1.03783 
       0.895928        0.949644        0.899186         1.00663 
       0.908253        0.922234         0.87163        0.978439 
       0.920535        0.894903        0.845328        0.949251 
       0.932774         0.86626        0.820207        0.921038 
        0.94508        0.843518        0.795986        0.896705 
       0.957324        0.821454        0.772866        0.874868 
        0.96953        0.793427        0.750739        0.850742 
       0.981769        0.770708        0.729427        0.825725 
       0.994071        0.750939        0.708845        0.807529 
         1.0064        0.729434        0.689026        0.785125 
        1.01868        0.710798        0.670025        0.765244 
        1.03092        0.695344         0.65183        0.744183 
         1.0432          0.6774        0.634247        0.726223 
        1.05553        0.656278        0.617248        0.709493 
        1.06777        0.638672        0.600997        0.692318 
           1.08        0.626681        0.585351        0.674753 
        1.09227         0.60662        0.570213        0.658053 
         1.1046        0.592167        0.555557        0.643547 
         1.1169        0.577661        0.541443        0.628194 
        1.12915        0.562328        0.527892        0.613594 
        1.14142        0.552198        0.514778         0.59939 
        1.15365        0.538765         0.50215        0.586258 
        1.16585        0.524863        0.489981        0.572485 
        1.17807        0.515656        0.478202        0.560622 
        1.19037        0.498131        0.466734         0.54733 
        1.20276        0.489457        0.455565        0.534351 
        1.21504        0.479714        0.444852        0.525272 
        1.22728        0.470499        0.434529        0.511936 
        1.23954        0.458494         0.42451        0.503029 
        1.25184        0.450562        0.414789        0.491027 
        1.26414        0.440113        0.405369        0.480637 
        1.27632        0.427211        0.396326        0.471104 
         1.2886        0.416855        0.387497        0.460586 
        1.30093        0.408244        0.378907        0.452949 
        1.31316        0.397933         0.37064        0.443189 
        1.32541        0.390667        0.362619         0.43498 
        1.33772        0.383327        0.354791        0.426361 
        1.35005        0.377591         0.34719        0.418269 
        1.36225        0.369236         0.33989        0.409564 
        1.37447        0.362259        0.332786        0.402575 
        1.38676        0.355594        0.325853        0.394093 
        1.39907        0.348073        0.319107        0.387244 
        1.41133        0.339768        0.312581        0.379957 
        1.42358        0.335111        0.306245        0.372035 
        1.43591        0.328524        0.300041        0.366733 
        1.44818        0.321862        0.294043        0.360092 
        1.46037        0.315634        0.288245        0.352673 
        1.47263        0.309427        0.282572        0.346945 
        1.48494        0.303707         0.27703        0.341073 
        1.49724        0.298072        0.271641        0.335137 
        1.50952        0.292011        0.266407         0.32811 
        1.52178        0.287382        0.261319        0.322902 
        1.53409        0.282744        0.256344         0.31748 
        1.54637        0.276416        0.251508         0.31173 
        1.55858        0.272374        0.246825        0.306599 
        1.57081        0.267596        0.242255        0.301179 
        1.58313        0.263578        0.237772        0.296813 
        1.59544         0.25923        0.233406        0.291489 
        1.60767        0.254714        0.229177        0.286799 
        1.61994         0.24896        0.225038        0.282544 
        1.63225        0.244412        0.220994        0.278064 
        1.64452        0.241842         0.21706        0.273202 
        1.65676        0.238391        0.213234        0.269051 
          1.669        0.234465        0.209497        0.264527 
        1.68133        0.229748        0.205827        0.260719 
        1.69363        0.225733        0.202256        0.256633 
        1.70585        0.222078        0.198792        0.252677 
        1.71809        0.218532        0.195402        0.248695 
        1.73038        0.215658        0.192081        0.245034 
        1.74268        0.211192        0.188835        0.241015 
        1.75493        0.209957        0.185679        0.237947 
        1.76714        0.205539        0.182603        0.234216 
        1.77942        0.203096        0.179581        0.230805 
        1.79173        0.199999        0.176621        0.227019 
        1.80402        0.196361        0.173733        0.223944 
         1.8163        0.193815        0.170911        0.220195 
         1.8286        0.190747        0.168147        0.217961 
         1.8409         0.18777        0.165447         0.21435 
        1.85315        0.185699        0.162815        0.211264 
        1.86537        0.181672        0.160246        0.208371 
        1.87765        0.179234        0.157722        0.205401 
        1.88995        0.177803        0.155247        0.202766 
        1.90221        0.175481        0.152834        0.199773 
        1.91445        0.171953        0.150476        0.197149 
        1.92674        0.169529         0.14816        0.194465 
        1.93902        0.166984        0.145892        0.191599 
        1.95124        0.164588        0.143684        0.189044 
         1.9635        0.162562        0.141516        0.186439 
        1.97583        0.160774        0.139379        0.183858 
        1.98812        0.158323        0.137294        0.181854 
        2.00039        0.156972        0.135256        0.179139 
        2.01264        0.154481        0.133262        0.176936 
        2.02492        0.153006        0.131305        0.174624 
        2.03717         0.15011         0.12939        0.172379 
        2.04942        0.148577        0.127516         0.17005 
        2.06171        0.146472        0.125673        0.167872 
        2.07397        0.144197         0.12387        0.165846 
        2.08629        0.142724        0.122095        0.163651 
        2.09857         0.14107         0.12036         0.16166 
        2.11081        0.139481        0.118665        0.159394 
        2.12309        0.137196        0.116999        0.157776 
        2.13538         0.13578        0.115362         0.15567 
        2.14763        0.134272        0.113762        0.153856 
        2.15986        0.132407        0.112196        0.152049 
        2.17214        0.130789        0.110654        0.150113 
        2.18443        0.129761        0.109138        0.148231 
        2.19671        0.127813        0.107654        0.146623 
        2.20898        0.126575        0.106198        0.144716 
        2.22126        0.124695        0.104768        0.143131 
        2.23354        0.123253        0.103365        0.141531 
         2.2458        0.122103        0.101989        0.139502 
        2.25807        0.120758        0.100638        0.138173 
        2.27035        0.119268       0.0993101        0.136511 
        2.28263        0.117816       0.0980067        0.135016 
         2.2949        0.116786       0.0967273        0.133329 
        2.30718        0.115178       0.0954705        0.131871 
        2.31946        0.114293       0.0942353        0.130423 
        2.33169        0.112507       0.0930274        0.128887 
        2.34393         0.11195       0.0918387        0.127591 
        2.35622        0.110705        0.090667         0.12601 
        2.36847        0.109578       0.0895191        0.124657 
        2.38076        0.108228       0.0883876        0.123312 
        2.39305        0.107329        0.087276        0.121949 
        2.40534        0.106013       0.0861834         0.12064 
        2.41762         0.10496       0.0851097        0.119304 
        2.42989        0.103929       0.0840559        0.117959 
        2.44216        0.102974         0.08302        0.116754 
         2.4544        0.101841        0.082004        0.115555 
        2.46667         0.10078       0.0810027        0.114214 
        2.47897       0.0994275       0.0800157        0.113025 
        2.49124       0.0988888       0.0790479        0.111846 
        2.50349       0.0977856       0.0780975        0.110631 
        2.51578       0.0967011       0.0771598        0.109472 
        2.52805       0.0963092       0.0762393        0.108372 
        2.54029        0.095222        0.075336        0.107284 
        2.55257       0.0944983       0.0744447        0.106214 
        2.56487        0.093575       0.0735661        0.105106 
        2.57716       0.0928914       0.0727029        0.104017 
        2.58942        0.091788       0.0718554        0.102919 
        2.60167       0.0908883       0.0710223        0.101894 
        2.61395       0.0901641       0.0702012        0.100915 
        2.62624       0.0898283        0.069392       0.0999159 
        2.63849       0.0886774        0.068598       0.0989188 
        2.65073       0.0879388       0.0678173       0.0979096 
        2.66302       0.0874011        0.067046       0.0969285 
         2.6753       0.0866518       0.0662872       0.0959955 
        2.68756       0.0862034       0.0655416       0.0950789 
        2.69983       0.0851807       0.0648071       0.0940342 
        2.71213       0.0845417       0.0640822       0.0932112 
        2.72441       0.0838899       0.0633697       0.0923753 
        2.73665        0.083119       0.0626698       0.0914629 
         2.7489       0.0828868       0.0619808       0.0905818 
        2.76118       0.0821548          0.0613       0.0897273 
        2.77349       0.0814557       0.0606279       0.0889148 
        2.78576       0.0811073       0.0599685       0.0881149 
        2.79802        0.080339       0.0593193       0.0871411 
        2.81031        0.079684       0.0586781        0.086422 
        2.82259       0.0792004       0.0580467        0.085574 
        2.83483       0.0787628        0.057427       0.0847501 
         2.8471        0.078189       0.0568151       0.0840872 
         2.8594       0.0780966       0.0562103       0.0833238 
         2.8717       0.0772779       0.0556145       0.0825113 
        2.88396       0.0769725       0.0550295       0.0818029 
        2.89619       0.0763735        0.054454       0.0810889 
        2.90847       0.0759587       0.0538846       0.0803512 
        2.92072       0.0753786       0.0533243       0.0795753 
        2.93299       0.0751056       0.0527716       0.0788631 
        2.94526       0.0747782       0.0522263       0.0782066 
        2.95753       0.0742433       0.0516889       0.0775193 
        2.96982       0.0739908       0.0511581       0.0767891 
        2.98209       0.0733321       0.0506359       0.0760996 
        2.99436       0.0732406       0.0501205       0.0754373 
        3.00666        0.072948       0.0496114       0.0747733 
        3.01894        0.072665       0.0491103       0.0741719 
        3.03119       0.0724375       0.0486169       0.0735301 
        3.04345       0.0719561       0.0481303       0.0729028 
        3.05573       0.0720472       0.0476493       0.0723001 
          3.068        0.071686       0.0471754       0.0716409 
        3.08026       0.0713726       0.0467084       0.0710564 
        3.09254       0.0712795        0.046247       0.0704675 
        3.10483       0.0710187       0.0457916       0.0698805 
         3.1171       0.0709527        0.045343       0.0692674 
        3.12933       0.0706047       0.0449016       0.0686344 
        3.14159       0.0703383       0.0444652       0.0681276 
