# k  (h/Mpc)    Pcb(k)  (Mpc/h)^3    Pcb_linear(k) (Mpc/h)^3    Pcb_NL(k) (Mpc/h)^3   ShotnoiseSubtracted = false
      0.0156606         10517.2         10546.1         10481.5 
      0.0273761          9075.1         9120.82         9064.98 
      0.0384619         6887.49         6872.39         6830.56 
      0.0498308         5356.88         5405.98         5366.59 
      0.0625568         4521.74         4594.62         4557.28 
      0.0751274         3981.45         3903.73         3848.89 
      0.0867833         3113.85         3142.99         3128.87 
      0.0984825         2579.91          2487.3         2508.77 
       0.111151         2182.23         2076.87          2099.9 
       0.123864         1959.49         1871.69            1891 
       0.135742         1771.81         1683.12         1702.96 
        0.14762         1522.48         1439.16         1489.31 
       0.160083         1269.87         1199.62         1258.22 
       0.172465         1130.64         1047.05         1120.17 
       0.184281         1041.24         965.253         1041.24 
       0.196406         957.345         891.409         954.557 
       0.209011         879.866         793.128         860.832 
       0.221538         792.627          693.12         787.206 
       0.233611         735.772         620.163         725.826 
       0.245665         681.696         572.387         667.717 
       0.258103         641.069         532.843         627.569 
       0.270422         585.846         489.621          584.09 
       0.282519          538.81         444.359         543.554 
       0.294636          533.03         404.861         509.088 
       0.306978         474.237         374.564         482.852 
       0.319417         456.327         350.196         454.011 
        0.33169         428.885          326.87         427.086 
       0.343948         408.867         302.864         408.759 
       0.356249         382.398         280.351         390.225 
       0.368458         370.559         261.494         367.877 
        0.38068         354.094         245.725         350.908 
       0.392856         331.683          231.33          336.21 
       0.405069         318.415         217.254         324.038 
       0.417459         304.137         203.625         307.081 
       0.429752         293.583          191.39         295.394 
       0.441978         283.797         180.652         286.042 
       0.454294         265.636         170.901         272.615 
        0.46658          264.61         161.752         264.639 
       0.478753         252.173         153.121         255.156 
       0.490964          243.97         145.014         245.972 
       0.503334         230.446          137.53         238.608 
       0.515665         227.212         130.707         232.921 
       0.527909         220.365         124.407         224.433 
       0.540159         213.776         118.447         217.959 
        0.55248         209.128         112.792         211.169 
       0.564743         203.374         107.556         206.346 
        0.57686         196.378         102.743         199.768 
       0.589077          188.34         98.2005         195.367 
       0.601441         185.117         93.8807         190.511 
        0.61382         183.114         89.8078         185.537 
       0.626067         177.631         86.0071         181.016 
       0.638306         169.895         82.4281         177.203 
       0.650632         164.903         79.0372         171.386 
       0.662899         164.982         75.8595         168.199 
       0.675076         159.059         72.8815         164.339 
       0.687267         155.001         70.0597         160.716 
       0.699615         151.543         67.3519         157.442 
       0.711937         147.661         64.7922         153.992 
       0.724148         145.386         62.3873         151.769 
       0.736433         141.429         60.0924         148.127 
       0.748747         138.287         57.9097         145.051 
       0.761037         136.058         55.8406         141.928 
       0.773197         133.144          53.894         140.341 
       0.785376         131.253          52.038         137.031 
       0.797761         128.917         50.2408         135.245 
       0.810096         125.271         48.5355         132.474 
       0.822371         121.857         46.9176         130.208 
       0.834626         119.926         45.3765         127.962 
       0.846916         118.727          43.901         125.974 
       0.859215         116.832         42.4905         123.764 
       0.871383         114.797         41.1564         121.685 
        0.88363          112.26          39.872         120.184 
       0.895928         110.146         38.6377         118.444 
       0.908253         107.254         37.4537         116.254 
       0.920535         106.736         36.3235         114.754 
       0.932774         103.934          35.244         112.739 
        0.94508          102.98         34.2033         111.177 
       0.957324         101.301         33.2098         109.669 
        0.96953         101.129          32.259         107.836 
       0.981769         97.8227         31.3433         106.803 
       0.994071         97.0031         30.4589         105.244 
         1.0064         94.7592         29.6072         103.716 
        1.01868         93.9392         28.7908         102.475 
        1.03092          92.146         28.0089          101.15 
         1.0432         90.6073         27.2534         99.7736 
        1.05553         88.3071         26.5229         98.8389 
        1.06777         88.1949         25.8246         97.6196 
           1.08         86.4659         25.1523         96.3187 
        1.09227         85.1359         24.5019         95.0471 
         1.1046         83.6985         23.8721         93.9006 
         1.1169         82.7395         23.2656         92.5858 
        1.12915         81.6799         22.6833         91.6381 
        1.14142         80.1793         22.1198         90.5093 
        1.15365         78.6253         21.5772         89.4785 
        1.16585         77.7011         21.0543         88.3871 
        1.17807          76.515         20.5481         87.5243 
        1.19037         76.4149         20.0554         86.6286 
        1.20276         74.7728         19.5755         85.6145 
        1.21504         74.2748         19.1151         84.5795 
        1.22728         72.6414         18.6715         83.7457 
        1.23954         72.0041          18.241         82.7296 
        1.25184          70.711         17.8233         81.9928 
        1.26414         69.6426         17.4185         81.1056 
        1.27632         68.9952           17.03         80.4529 
         1.2886          68.038         16.6506         79.3681 
        1.30093         67.1536         16.2815         78.4375 
        1.31316          66.296         15.9262         77.9028 
        1.32541         65.7938         15.5816         77.0718 
        1.33772         64.6996         15.2452         76.2719 
        1.35005         64.1056         14.9186         75.5435 
        1.36225          63.052         14.6049         74.7728 
        1.37447         61.6317         14.2997         73.9869 
        1.38676         61.7494         14.0018         73.2116 
        1.39907         60.6759         13.7119         72.6752 
        1.41133         59.5541         13.4315         72.1023 
        1.42358         58.8631         13.1592         71.1957 
        1.43591         58.4603         12.8926         70.6117 
        1.44818         57.6218         12.6349         69.8308 
        1.46037         56.9802         12.3858         69.3325 
        1.47263         56.2364          12.142         68.7676 
        1.48494         55.4084         11.9039         68.0505 
        1.49724         54.7119         11.6723         67.3951 
        1.50952         54.3741         11.4474         66.7495 
        1.52178         53.6126         11.2288         66.2441 
        1.53409         53.1131          11.015         65.6692 
        1.54637         51.9648         10.8072         65.0311 
        1.55858         51.2915          10.606         64.3972 
        1.57081         51.0312         10.4096          63.965 
        1.58313          50.298          10.217         63.4413 
        1.59544         49.5705         10.0293         62.8032 
        1.60767         49.0147         9.84764         62.2843 
        1.61994         48.2672          9.6698         61.8036 
        1.63225         47.8441           9.496         61.1738 
        1.64452         47.3328         9.32696         60.7384 
        1.65676         46.6345         9.16256         60.1607 
          1.669         46.2932         9.00202         59.7389 
        1.68133         45.8622          8.8443         59.1698 
        1.69363          45.085         8.69083         58.7466 
        1.70585         44.8278         8.54199         58.2919 
        1.71809         43.9523         8.39634         57.7643 
        1.73038         43.7092         8.25363         57.3408 
        1.74268         43.0004         8.11415         56.8098 
        1.75493         42.5905         7.97854         56.3652 
        1.76714         42.0448         7.84637         55.9107 
        1.77942          41.797         7.71654         55.4848 
        1.79173         41.1452         7.58931         54.9836 
        1.80402         40.7282         7.46521         54.6426 
         1.8163         40.2568         7.34397         54.1018 
         1.8286         39.7325         7.22521         53.7898 
         1.8409         39.2731         7.10918         53.2609 
        1.85315         38.8806         6.99609         52.9634 
        1.86537         38.3985         6.88568         52.5392 
        1.87765         38.0998         6.77725         52.0747 
        1.88995         37.5158          6.6709         51.6206 
        1.90221          37.242          6.5672         51.2342 
        1.91445         36.6174         6.46588         50.9072 
        1.92674         36.3217         6.36635         50.4644 
        1.93902         35.9491          6.2689         50.0846 
        1.95124         35.4673         6.17402         49.7626 
         1.9635         35.0323         6.08087         49.3461 
        1.97583         34.7182         5.98904         49.0351 
        1.98812         34.2099         5.89946         48.6205 
        2.00039         33.8788          5.8119         48.2449 
        2.01264         33.4236         5.72619         47.9378 
        2.02492         33.1512         5.64209         47.5727 
        2.03717         32.7109         5.55982         47.1859 
        2.04942         32.3684          5.4793          46.835 
        2.06171         32.0308          5.4001         46.4784 
        2.07397         31.6907         5.32264         46.1587 
        2.08629         31.3151         5.24638         45.8096 
        2.09857         31.0114          5.1718         45.5014 
        2.11081         30.6044         5.09897         45.1456 
        2.12309         30.3797         5.02737         44.8046 
        2.13538         29.8433         4.95704         44.5383 
        2.14763         29.6573          4.8883         44.1889 
        2.15986         29.3807         4.82102         43.8443 
        2.17214         28.9881         4.75473         43.5856 
        2.18443         28.6787         4.68962         43.2046 
        2.19671          28.304         4.62582         42.9152 
        2.20898         27.9714         4.56328         42.5923 
        2.22126         27.8817         4.50182          42.281 
        2.23354         27.4986         4.44152         42.0391 
         2.2458         27.1774         4.38243         41.7156 
        2.25807         26.7951         4.32437         41.4028 
        2.27035         26.5161          4.2673          41.136 
        2.28263         26.2757          4.2113         40.8576 
         2.2949         26.0203         4.15632         40.5703 
        2.30718         25.7772         4.10232         40.2591 
        2.31946          25.542         4.04924         39.9856 
        2.33169         25.2312         3.99734         39.7073 
        2.34393         24.9291         3.94626         39.4115 
        2.35622         24.6756         3.89591         39.1913 
        2.36847         24.4052         3.84659         38.8734 
        2.38076         24.2095         3.79797         38.6503 
        2.39305         23.8781          3.7502         38.3919 
        2.40534         23.6976         3.70325         38.0744 
        2.41762         23.3934         3.65712         37.8557 
        2.42989         23.2919         3.61183         37.5685 
        2.44216         22.9554         3.56732         37.3361 
         2.4544         22.7839         3.52367         37.0854 
        2.46667         22.5286         3.48064         36.8293 
        2.47897         22.2699         3.43823         36.5809 
        2.49124         22.1208         3.39664         36.3362 
        2.50349          21.842          3.3558         36.1047 
        2.51578         21.6054         3.31551         35.8677 
        2.52805         21.4293         3.27596         35.6153 
        2.54029         21.2531         3.23714         35.3752 
        2.55257         21.0821         3.19884         35.1339 
        2.56487         20.8088         3.16109         34.9094 
        2.57716         20.6826           3.124         34.6582 
        2.58942          20.465         3.08759         34.4619 
        2.60167         20.2663         3.05179         34.2219 
        2.61395         20.0812         3.01651         33.9929 
        2.62624         19.9779         2.98173         33.7741 
        2.63849         19.7688         2.94762         33.5593 
        2.65073         19.5188         2.91407          33.326 
        2.66302         19.3212         2.88093         33.1252 
         2.6753         19.2533         2.84832         32.9133 
        2.68756         19.1324         2.81628          32.722 
        2.69983         18.9251         2.78472         32.4724 
        2.71213         18.7146         2.75357         32.2692 
        2.72441            18.6         2.72296         32.0488 
        2.73665          18.456         2.69288         31.8406 
         2.7489         18.2601         2.66328         31.6448 
        2.76118         18.1667         2.63403         31.4268 
        2.77349         18.0498         2.60514         31.2412 
        2.78576         17.8434         2.57681         31.0567 
        2.79802         17.7277         2.54891         30.8475 
        2.81031          17.617         2.52136         30.6595 
        2.82259         17.5224         2.49423         30.4712 
        2.83483         17.3516          2.4676         30.2656 
         2.8471         17.3016         2.44131         30.0594 
         2.8594         17.1496         2.41532         29.8736 
         2.8717         17.0526         2.38972          29.683 
        2.88396         16.8983         2.36458         29.4902 
        2.89619         16.8558         2.33985         29.3137 
        2.90847         16.7567         2.31539         29.1346 
        2.92072         16.6252         2.29131         28.9486 
        2.93299          16.555         2.26756         28.7844 
        2.94526         16.5034         2.24413         28.6045 
        2.95753          16.436         2.22104         28.4168 
        2.96982          16.322         2.19823         28.2456 
        2.98209         16.2256         2.17579         28.0762 
        2.99436         16.1894         2.15364         27.9008 
        3.00666          16.096         2.13177         27.7228 
        3.01894         16.0563         2.11024         27.5517 
        3.03119         15.9565         2.08904         27.3829 
        3.04345         15.9645         2.06813         27.2179 
        3.05573         15.9486         2.04746         27.0531 
          3.068          15.831          2.0271         26.8814 
        3.08026         15.8217         2.00703          26.716 
        3.09254         15.7511          1.9872         26.5567 
        3.10483         15.7491         1.96763         26.3994 
         3.1171          15.797         1.94836         26.2445 
        3.12933         15.7288         1.92939         26.0873 
        3.14159          15.642         1.91064         25.9201 
