# k  (h/Mpc)    Pcb(k)  (Mpc/h)^3    Pcb_linear(k) (Mpc/h)^3    Pcb_NL(k) (Mpc/h)^3   ShotnoiseSubtracted = false
      0.0156606         21598.8         21717.4         21546.5 
      0.0273761         18512.3         18775.9         18572.7 
      0.0384619           13998         14145.1           13965 
      0.0498308         10809.5         11125.8         10944.7 
      0.0625568         9131.92         9455.34         9294.13 
      0.0751274         8132.47         8033.23         7806.73 
      0.0867833         6299.23         6467.59         6397.56 
      0.0984825         5322.84         5118.23         5180.81 
       0.111151         4553.03         4273.61         4351.46 
       0.123864         4078.39         3851.37         3914.36 
       0.135742         3718.49         3463.33          3526.5 
        0.14762            3237         2961.31         3128.83 
       0.160083          2749.8         2468.42            2675 
       0.172465         2452.45         2154.45         2417.49 
       0.184281         2222.56         1986.15         2249.96 
       0.196406         2096.53          1834.2         2072.49 
       0.209011         1961.31         1631.97         1878.76 
       0.221538         1765.78         1426.18         1754.51 
       0.233611         1692.76         1276.06         1644.51 
       0.245665         1534.24         1177.76         1518.88 
       0.258103         1518.84         1096.39         1434.29 
       0.270422         1354.57         1007.45         1347.67 
       0.282519         1279.46         914.321         1276.14 
       0.294636         1256.35         833.048         1209.02 
       0.306978         1147.72         770.709          1158.8 
       0.319417         1124.95         720.568         1092.65 
        0.33169         1057.34         672.573         1034.96 
       0.343948         1014.88         623.177         1003.23 
       0.356249         961.901         576.854         966.201 
       0.368458         924.009         538.053         923.462 
        0.38068         909.023         505.605          888.46 
       0.392856         863.087         475.986         857.613 
       0.405069         818.795         447.023         830.029 
       0.417459         787.436          418.98         800.808 
       0.429752         783.252         393.806         772.931 
       0.441978           755.7         371.712         753.444 
       0.454294         722.271         351.648         722.878 
        0.46658         701.888         332.822         708.135 
       0.478753         688.371         315.063          686.78 
       0.490964         661.567         298.381         665.903 
       0.503334         633.118         282.983         651.171 
       0.515665         630.845         268.942         636.604 
       0.527909         604.693         255.981         623.212 
       0.540159         589.756         243.718         607.486 
        0.55248         577.928         232.082         591.791 
       0.564743         573.133         221.307         581.793 
        0.57686         553.776         211.405         566.494 
       0.589077         543.276         202.058         554.052 
       0.601441          531.14         193.169          543.29 
        0.61382         516.473         184.789         533.848 
       0.626067         510.741         176.968         523.893 
       0.638306         491.969         169.604         513.342 
       0.650632         487.288         162.627         501.087 
       0.662899         483.135         156.089          495.09 
       0.675076         467.083         149.961         488.252 
       0.687267         453.838         144.155         476.701 
       0.699615           451.8         138.583         469.205 
       0.711937         442.811         133.317         460.441 
       0.724148         428.239         128.368         454.256 
       0.736433         418.142         123.646         446.183 
       0.748747         412.795         119.155         438.314 
       0.761037         405.296         114.898         432.979 
       0.773197         399.348         110.892         425.955 
       0.785376         393.914         107.073         419.803 
       0.797761         382.211         103.375          413.48 
       0.810096          378.41         99.8666         408.286 
       0.822371         367.775         96.5377         401.652 
       0.834626         364.411         93.3667         396.918 
       0.846916         358.308         90.3306         390.722 
       0.859215         354.746         87.4285         385.054 
       0.871383          346.48         84.6835         379.972 
        0.88363         342.918         82.0406         376.126 
       0.895928         337.568          79.501         370.256 
       0.908253         329.115         77.0646         364.229 
       0.920535         323.306         74.7391         360.195 
       0.932774         317.926         72.5181         354.801 
        0.94508         313.105         70.3766         351.213 
       0.957324         310.354         68.3325         346.521 
        0.96953         306.199         66.3762          342.32 
       0.981769          298.53         64.4919         338.553 
       0.994071          297.37         62.6721         334.417 
         1.0064         291.505         60.9198         329.556 
        1.01868         288.207         59.2399         325.353 
        1.03092         279.506         57.6311         322.496 
         1.0432          276.69         56.0766         318.596 
        1.05553          273.56         54.5736         314.234 
        1.06777         270.315         53.1368         310.746 
           1.08         264.015         51.7534         307.293 
        1.09227         262.927          50.415         303.598 
         1.1046         257.916         49.1191         300.695 
         1.1169         252.099         47.8713         296.686 
        1.12915         248.746         46.6732         293.769 
        1.14142         243.806         45.5137         290.247 
        1.15365         240.976         44.3972         287.194 
        1.16585         236.649         43.3213         283.931 
        1.17807         234.292         42.2798         280.996 
        1.19037         230.558         41.2659         278.593 
        1.20276          227.44         40.2784          274.95 
        1.21504         222.595         39.3312         271.886 
        1.22728         219.264         38.4185         268.774 
        1.23954         218.029         37.5327         266.284 
        1.25184         213.092         36.6732         263.442 
        1.26414         208.769         35.8403         260.928 
        1.27632         207.327         35.0409         258.599 
         1.2886         205.632         34.2602         255.607 
        1.30093         200.542         33.5007         252.431 
        1.31316         196.327         32.7698         249.899 
        1.32541         195.222         32.0606         247.387 
        1.33772         192.069         31.3686         245.071 
        1.35005         189.614         30.6965         242.309 
        1.36225         185.936         30.0511         240.045 
        1.37447         183.096          29.423         237.109 
        1.38676         181.239         28.8101         235.415 
        1.39907         178.556         28.2136          232.59 
        1.41133         175.161         27.6366         230.206 
        1.42358         173.072         27.0764         228.038 
        1.43591         170.864         26.5278         225.933 
        1.44818         167.578         25.9975         223.614 
        1.46037         166.069         25.4849         221.219 
        1.47263         162.852         24.9833         219.222 
        1.48494         161.226         24.4934         216.556 
        1.49724          158.61         24.0169         215.144 
        1.50952         155.667         23.5542         212.753 
        1.52178         154.313         23.1043         210.524 
        1.53409         151.287         22.6644         208.678 
        1.54637         149.101         22.2369         206.955 
        1.55858         147.326         21.8228         204.721 
        1.57081         144.744         21.4188         202.816 
        1.58313         142.818         21.0224          200.75 
        1.59544         140.175         20.6364         198.955 
        1.60767         138.931         20.2625         197.181 
        1.61994          136.49         19.8966         195.277 
        1.63225         134.417          19.539         193.263 
        1.64452         132.194         19.1911         191.544 
        1.65676         130.433         18.8529         189.892 
          1.669         129.018         18.5225         188.078 
        1.68133         126.449          18.198         186.363 
        1.69363         124.265         17.8822         184.767 
        1.70585         122.283          17.576          183.09 
        1.71809         120.703         17.2763         181.112 
        1.73038         119.366         16.9826         179.635 
        1.74268         118.202         16.6957          177.88 
        1.75493         115.214         16.4166         176.423 
        1.76714         114.738         16.1447         174.909 
        1.77942          112.36         15.8775         173.223 
        1.79173         110.565         15.6157         171.664 
        1.80402         109.309         15.3604         170.136 
         1.8163         107.163         15.1109         168.748 
         1.8286         105.808         14.8666         167.114 
         1.8409         104.754         14.6278         165.561 
        1.85315         102.479         14.3951         164.209 
        1.86537         101.654          14.168          162.84 
        1.87765         100.336         13.9449         161.449 
        1.88995         98.4662          13.726         159.919 
        1.90221         97.2725         13.5127         158.661 
        1.91445         95.8837         13.3042         157.127 
        1.92674         94.3642         13.0994         155.765 
        1.93902         93.1319         12.8989         154.363 
        1.95124         91.8776         12.7037         153.061 
         1.9635         90.3651          12.512         151.724 
        1.97583         88.9679          12.323         150.417 
        1.98812         87.7234         12.1387         149.312 
        2.00039         86.7153         11.9586         147.892 
        2.01264         85.6081         11.7822         146.677 
        2.02492         84.5709         11.6092          145.34 
        2.03717         83.1557         11.4399         144.193 
        2.04942         82.2205         11.2742         142.985 
        2.06171         80.6216         11.1112          141.73 
        2.07397         79.7518         10.9519         140.632 
        2.08629         78.5999         10.7949         139.406 
        2.09857         77.5831         10.6415         138.284 
        2.11081         76.2714         10.4916         137.009 
        2.12309         75.2715         10.3443         135.988 
        2.13538         74.1219         10.1996          134.79 
        2.14763         73.1552         10.0582         133.707 
        2.15986         72.2234         9.91971         132.517 
        2.17214         71.2796         9.78332         131.478 
        2.18443          70.323         9.64936         130.564 
        2.19671         69.3788         9.51807         129.432 
        2.20898         68.5741         9.38939         128.274 
        2.22126         67.5211         9.26294          127.32 
        2.23354         66.7286         9.13887           126.3 
         2.2458         65.4316         9.01729         125.259 
        2.25807         64.7461         8.89781         124.244 
        2.27035         63.8068         8.78039         123.231 
        2.28263         62.9965         8.66515         122.289 
         2.2949         61.8604         8.55204         121.324 
        2.30718         61.0234         8.44092         120.346 
        2.31946         60.5094         8.33171         119.314 
        2.33169         59.4924         8.22491         118.416 
        2.34393         59.0409         8.11982         117.576 
        2.35622         57.9122         8.01622         116.588 
        2.36847         57.4327         7.91473         115.792 
        2.38076         56.4139         7.81469          114.75 
        2.39305         55.8322          7.7164         113.972 
        2.40534         55.0292          7.6198         113.024 
        2.41762         54.3932         7.52487         112.113 
        2.42989         53.5457          7.4317          111.31 
        2.44216         53.0404         7.34012         110.377 
         2.4544         52.1765         7.25029         109.573 
        2.46667         51.5151         7.16176         108.736 
        2.47897         50.9754         7.07449         107.846 
        2.49124         50.4575         6.98892         107.055 
        2.50349         49.7187          6.9049          106.25 
        2.51578         49.1895           6.822         105.539 
        2.52805          48.518         6.74061         104.649 
        2.54029         48.0286         6.66074         103.842 
        2.55257         47.3815         6.58194          103.13 
        2.56487         47.1234         6.50426         102.371 
        2.57716         46.4736         6.42794         101.601 
        2.58942         45.7726         6.35301         100.851 
        2.60167         45.2249         6.27935         100.115 
        2.61395         44.8749         6.20676         99.3652 
        2.62624         44.1192         6.13521         98.5763 
        2.63849         43.6646         6.06501         97.8797 
        2.65073         43.1409         5.99599         97.1704 
        2.66302         42.7261         5.92779         96.4375 
         2.6753         42.2466          5.8607          95.769 
        2.68756         41.8694         5.79478         95.0393 
        2.69983         41.3262         5.72983         94.3742 
        2.71213         40.8979         5.66574         93.6992 
        2.72441           40.49         5.60275         93.0109 
        2.73665         40.0332         5.54087          92.373 
         2.7489         39.5906         5.47995         91.7227 
        2.76118         39.2249         5.41976         91.0439 
        2.77349         38.7701         5.36034         90.4078 
        2.78576         38.4161         5.30204         89.7379 
        2.79802         38.0865         5.24464         89.1748 
        2.81031         37.5416         5.18795         88.5208 
        2.82259          37.268         5.13213         87.8642 
        2.83483         36.8123         5.07733         87.2975 
         2.8471         36.5208         5.02323          86.662 
         2.8594         36.1403         4.96976         86.0421 
         2.8717         35.9097         4.91708         85.4877 
        2.88396         35.5931         4.86536         84.8872 
        2.89619         35.3076         4.81448         84.2505 
        2.90847         34.9668         4.76413         83.6405 
        2.92072         34.7385         4.71459         83.1224 
        2.93299         34.6022         4.66573         82.5738 
        2.94526         34.2173         4.61752         81.9927 
        2.95753         33.9936            4.57          81.415 
        2.96982         33.6518         4.52307         80.8735 
        2.98209         33.5284          4.4769         80.3375 
        2.99436         33.2275         4.43133         79.7582 
        3.00666         33.1473         4.38632          79.224 
        3.01894         32.8623         4.34202         78.6969 
        3.03119         32.7203          4.2984         78.1898 
        3.04345         32.5592         4.25537         77.6771 
        3.05573         32.3428         4.21284         77.1483 
          3.068         32.2115         4.17095         76.6374 
        3.08026         32.0267         4.12966          76.123 
        3.09254         31.9451         4.08886         75.6267 
        3.10483         31.9622          4.0486         75.1317 
         3.1171         31.7829         4.00894         74.6296 
        3.12933         31.6073         3.96991         74.1341 
        3.14159         31.5554         3.93133         73.6342 
