# k  (h/Mpc)    Pcb(k)  (Mpc/h)^3    Pcb_linear(k) (Mpc/h)^3    Pcb_NL(k) (Mpc/h)^3   ShotnoiseSubtracted = false
      0.0156606         23276.9         23413.7         23223.1 
      0.0273761         19933.1         20241.8         20008.1 
      0.0384619         15063.4         15249.1         15039.6 
      0.0498308         11622.9           11994         11782.6 
      0.0625568         9821.22         10193.2         10005.9 
      0.0751274            8757         8660.05         8397.84 
      0.0867833         6776.65         6972.22         6890.38 
      0.0984825         5741.35         5517.57         5587.97 
       0.111151          4918.9         4607.04         4696.67 
       0.123864         4404.87         4151.85         4224.12 
       0.135742          4021.4         3733.54         3805.77 
        0.14762         3505.71         3192.35         3382.93 
       0.160083         2988.36            2661          2897.4 
       0.172465         2665.07         2322.54         2623.88 
       0.184281          2410.3          2141.1         2442.21 
       0.196406         2283.09          1977.3         2251.98 
       0.209011         2140.84         1759.29         2043.21 
       0.221538         1925.73         1537.45         1912.04 
       0.233611         1852.52         1375.62          1795.3 
       0.245665         1677.14         1269.64         1659.75 
       0.258103         1667.81         1181.93         1568.37 
       0.270422         1487.24         1086.05         1475.42 
       0.282519         1409.03         985.652         1400.45 
       0.294636         1379.65         898.038         1328.39 
       0.306978         1265.17         830.835         1274.72 
       0.319417         1243.83         776.783         1202.46 
        0.33169            1168         725.043         1140.43 
       0.343948         1123.71         671.794         1106.33 
       0.356249         1067.68         621.856         1066.56 
       0.368458         1022.53         580.029         1021.55 
        0.38068         1009.69          545.05         984.037 
       0.392856         960.429         513.119          951.13 
       0.405069         909.284         481.897         919.726 
       0.417459         874.626         451.666         889.887 
       0.429752         874.123         424.529         859.179 
       0.441978         843.377          400.71          838.19 
       0.454294         807.535         379.081         804.952 
        0.46658         784.852         358.787         789.058 
       0.478753         771.165         339.642         766.037 
       0.490964         741.974         321.659         743.174 
       0.503334         711.255          305.06          727.55 
       0.515665           708.1         289.923         710.983 
       0.527909         678.212         275.951         697.141 
       0.540159         662.644         262.731         680.369 
        0.55248         649.009         250.187          663.14 
       0.564743         643.182         238.572         651.997 
        0.57686         623.371         227.898         635.294 
       0.589077          614.33         217.821         621.743 
       0.601441         598.118         208.239         610.125 
        0.61382         580.924         199.205         599.385 
       0.626067         575.296         190.774         588.808 
       0.638306         554.604         182.836         576.812 
       0.650632         549.444         175.314         563.941 
       0.662899         545.061         168.266         556.929 
       0.675076         528.686          161.66         549.878 
       0.687267         513.115         155.401         537.153 
       0.699615         512.642         149.395          528.69 
       0.711937         500.689         143.717         518.659 
       0.724148         485.024         138.383         512.118 
       0.736433         473.899         133.292         503.303 
       0.748747         467.914         128.451         494.631 
       0.761037         459.825         123.861         488.903 
       0.773197         452.086         119.543         480.607 
       0.785376          447.09         115.427         473.863 
       0.797761         433.709          111.44         467.279 
       0.810096          427.83         107.658         461.231 
       0.822371          417.58         104.069          453.88 
       0.834626         412.993         100.651         448.844 
       0.846916         407.541         97.3776         441.838 
       0.859215          401.62         94.2492         435.335 
       0.871383         393.063         91.2899         429.733 
        0.88363         387.701         88.4408         425.432 
       0.895928         382.883         85.7031         418.923 
       0.908253         373.566         83.0767         411.989 
       0.920535         365.099         80.5698         407.858 
       0.932774         360.319         78.1755         401.567 
        0.94508         354.806          75.867         397.684 
       0.957324          350.26         73.6633         392.411 
        0.96953         345.882         71.5544         387.682 
       0.981769         337.864         69.5231         383.355 
       0.994071         336.588         67.5614         378.767 
         1.0064         330.453         65.6723         373.284 
        1.01868         326.427         63.8614         368.613 
        1.03092         316.933         62.1271         365.425 
         1.0432         313.921         60.4513         361.017 
        1.05553         310.815          58.831         356.025 
        1.06777         306.108         57.2822         351.934 
           1.08         299.225         55.7909         348.087 
        1.09227         298.837         54.3481         343.937 
         1.1046         292.536         52.9511         340.769 
         1.1169         286.714         51.6059         336.294 
        1.12915         282.409         50.3143         332.766 
        1.14142          276.71         49.0644         328.936 
        1.15365         273.538         47.8608         325.503 
        1.16585         269.106         46.7009         321.911 
        1.17807         266.452         45.5782         318.288 
        1.19037         261.229         44.4852         315.603 
        1.20276         258.453         43.4207         311.511 
        1.21504         253.204         42.3996         308.004 
        1.22728         249.452         41.4157         304.848 
        1.23954         247.872         40.4607         301.582 
        1.25184         242.168         39.5342          298.44 
        1.26414         237.505         38.6364         295.635 
        1.27632          235.06         37.7745         292.874 
         1.2886         232.619          36.933         289.603 
        1.30093         227.761         36.1142         285.877 
        1.31316             223         35.3263         283.283 
        1.32541         221.824         34.5618         280.134 
        1.33772         217.631         33.8158         277.671 
        1.35005         215.084         33.0913         274.526 
        1.36225         211.017         32.3955         271.967 
        1.37447         207.588         31.7184         268.725 
        1.38676         205.612         31.0576         266.828 
        1.39907         202.585         30.4146         263.539 
        1.41133         198.671         29.7926         260.759 
        1.42358         196.175         29.1887         258.318 
        1.43591         193.465         28.5974         256.052 
        1.44818         189.752         28.0257         253.295 
        1.46037         188.219         27.4731         250.585 
        1.47263         184.589         26.9324         248.123 
        1.48494         183.187         26.4042         245.198 
        1.49724         179.673         25.8906         243.702 
        1.50952          176.67         25.3917         240.762 
        1.52178         174.331         24.9067         238.512 
        1.53409         171.442         24.4325         236.249 
        1.54637         168.657         23.9717         234.302 
        1.55858         166.845         23.5253         231.847 
        1.57081         163.926         23.0897         229.518 
        1.58313         161.894         22.6625         227.199 
        1.59544          158.86         22.2463         225.185 
        1.60767         157.413         21.8432         223.195 
        1.61994          154.69         21.4488         220.895 
        1.63225         152.162         21.0633         218.673 
        1.64452         149.739         20.6883         216.741 
        1.65676         147.908         20.3237         214.904 
          1.669         146.126         19.9675         212.697 
        1.68133         143.218         19.6177         210.753 
        1.69363         140.784         19.2773         209.042 
        1.70585         138.623         18.9472         207.048 
        1.71809         136.776         18.6241         204.855 
        1.73038         134.854         18.3075         203.114 
        1.74268         133.673         17.9981         201.133 
        1.75493         130.873         17.6973         199.523 
        1.76714         130.034         17.4042         197.755 
        1.77942         127.355         17.1162         195.966 
        1.79173          125.62          16.834         194.057 
        1.80402         123.747         16.5587         192.337 
         1.8163         121.642         16.2898         190.821 
         1.8286         119.899         16.0264         188.944 
         1.8409         118.323          15.769         187.195 
        1.85315         116.157         15.5181         185.652 
        1.86537         114.885         15.2733          184.07 
        1.87765         113.455         15.0327          182.49 
        1.88995         111.482         14.7968         180.746 
        1.90221          110.05         14.5668         179.344 
        1.91445         108.342         14.3421         177.643 
        1.92674         106.532         14.1213         176.046 
        1.93902         105.322         13.9052         174.459 
        1.95124         103.814         13.6947         173.002 
         1.9635         102.123         13.4881           171.5 
        1.97583          100.57         13.2844         169.956 
        1.98812         99.1096         13.0857         168.786 
        2.00039          97.998         12.8915         167.142 
        2.01264         96.7883         12.7014         165.764 
        2.02492           95.23         12.5148          164.24 
        2.03717         93.8857         12.3323         162.962 
        2.04942         92.6444         12.1537         161.542 
        2.06171         91.0887         11.9781         160.091 
        2.07397         89.8986         11.8063         158.896 
        2.08629         88.5267         11.6371          157.51 
        2.09857         87.5064         11.4717         156.257 
        2.11081          86.108         11.3101         154.817 
        2.12309         85.0094         11.1513         153.618 
        2.13538         83.6013         10.9953         152.291 
        2.14763         82.4014         10.8428         151.041 
        2.15986         81.5622         10.6936         149.691 
        2.17214         80.3723         10.5466         148.573 
        2.18443         79.4398         10.4021         147.475 
        2.19671         78.4223         10.2606         146.183 
        2.20898         77.2789         10.1219          144.87 
        2.22126         76.2072         9.98558         143.815 
        2.23354          75.211         9.85183         142.688 
         2.2458         73.7454         9.72076          141.45 
        2.25807         73.1224         9.59196         140.337 
        2.27035         72.0647         9.46538         139.206 
        2.28263         71.1655         9.34115         138.147 
         2.2949         69.8303         9.21922         137.056 
        2.30718         68.8315         9.09942         135.921 
        2.31946         68.1393         8.98169         134.761 
        2.33169           67.08         8.86656         133.755 
        2.34393         66.4307         8.75327         132.827 
        2.35622         65.3896          8.6416         131.675 
        2.36847         64.6101         8.53218         130.753 
        2.38076         63.4776         8.42434         129.633 
        2.39305         62.9104         8.31839         128.719 
        2.40534         61.9112         8.21425         127.646 
        2.41762         61.3416         8.11191         126.643 
        2.42989         60.3059         8.01147         125.709 
        2.44216         59.7867         7.91275         124.667 
         2.4544         58.9103         7.81591         123.778 
        2.46667         57.9771         7.72047         122.833 
        2.47897         57.5166          7.6264         121.806 
        2.49124         56.7533         7.53415         120.893 
        2.50349         55.7427         7.44357         120.007 
        2.51578         55.3838          7.3542         119.177 
        2.52805         54.4387         7.26646         118.199 
        2.54029         53.9211         7.18037         117.309 
        2.55257         53.2552         7.09542         116.487 
        2.56487          52.824         7.01167         115.617 
        2.57716         52.2371          6.9294         114.753 
        2.58942         51.4124         6.84863         113.914 
        2.60167         50.8331         6.76923         113.095 
        2.61395         50.4407         6.69097         112.231 
        2.62624         49.6583         6.61383         111.345 
        2.63849         49.0941         6.53816         110.582 
        2.65073         48.4134         6.46375         109.753 
        2.66302         48.0181         6.39024         108.972 
         2.6753         47.3224         6.31791         108.197 
        2.68756         47.0204         6.24685         107.381 
        2.69983         46.4514         6.17684         106.607 
        2.71213         45.9224         6.10775         105.849 
        2.72441         45.4849         6.03984         105.071 
        2.73665         44.9684         5.97313          104.35 
         2.7489         44.5052         5.90746          103.62 
        2.76118           44.09         5.84258         102.846 
        2.77349         43.6304         5.77852          102.14 
        2.78576         43.1874         5.71567         101.399 
        2.79802         42.8188         5.65379         100.741 
        2.81031         42.3158         5.59268         100.014 
        2.82259          41.859          5.5325         99.2678 
        2.83483         41.4387         5.47343         98.6188 
         2.8471         40.9722         5.41511         97.9058 
         2.8594         40.6114         5.35747         97.2185 
         2.8717          40.334         5.30068         96.5891 
        2.88396         39.9226         5.24492         95.9185 
        2.89619         39.6264         5.19007         95.2159 
        2.90847         39.2392          5.1358         94.5195 
        2.92072         38.9208         5.08239         93.9418 
        2.93299         38.7119         5.02972         93.3135 
        2.94526         38.3637         4.97775         92.6476 
        2.95753         38.1086         4.92652          92.013 
        2.96982         37.6985         4.87593         91.4089 
        2.98209         37.5062         4.82616          90.785 
        2.99436         37.2991         4.77703         90.1439 
        3.00666          37.091         4.72851          89.539 
        3.01894         36.8754         4.68076         88.9477 
        3.03119          36.603         4.63373         88.3806 
        3.04345         36.3533         4.58735         87.8012 
        3.05573         36.3392          4.5415         87.2045 
          3.068         36.0452         4.49634         86.6331 
        3.08026         35.8521         4.45183         86.0556 
        3.09254          35.819         4.40784          85.496 
        3.10483         35.7265         4.36444         84.9384 
         3.1171         35.5739         4.32169         84.3701 
        3.12933         35.3372         4.27962         83.8098 
        3.14159         35.3212         4.23802         83.2564 
