# k  (h/Mpc)    P(k)  (Mpc/h)^3    P_linear(k)  (Mpc/h)^3     P_NL(k)  ShotnoiseSubtracted = false
      0.0156606         15815.8         15766.6         15657.3 
      0.0273761         13578.1         13610.9         13497.1 
      0.0384619         10278.8         10245.9           10151 
      0.0498308         7959.73         8055.04         7961.64 
      0.0625568         6718.75         6843.36         6758.32 
      0.0751274         5952.87         5812.85          5691.5 
      0.0867833         4629.44         4679.31         4644.03 
      0.0984825         3874.98         3702.68         3741.42 
       0.111151          3296.2         3091.41          3135.9 
       0.123864         2956.22         2785.81         2822.42 
       0.135742         2683.55         2505.02         2542.25 
        0.14762         2322.51         2141.84         2239.88 
       0.160083         1952.39         1785.29         1903.14 
       0.172465         1741.16         1558.18         1707.11 
       0.184281         1590.73         1436.43         1588.23 
       0.196406         1479.78         1326.52         1458.34 
       0.209011         1372.88         1180.24         1318.53 
       0.221538         1238.45         1031.41         1220.22 
       0.233611         1170.07         922.834         1135.25 
       0.245665         1069.47         851.733         1045.74 
       0.258103         1036.33         792.885         985.245 
       0.270422         931.004         728.564         921.589 
       0.282519         868.422         661.208         864.975 
       0.294636         859.427         602.431          815.39 
       0.306978         774.387         557.347          777.94 
       0.319417         751.226         521.086         732.423 
        0.33169         707.855         486.376         690.957 
       0.343948         675.329         450.653          666.86 
       0.356249         635.594         417.153         639.734 
       0.368458         615.863         389.093         606.881 
        0.38068         596.525          365.63         581.435 
       0.392856         562.911         344.209         558.896 
       0.405069         538.342         323.263          541.53 
       0.417459         516.476         302.984         516.991 
       0.429752         504.469          284.78          498.38 
       0.441978         487.711         268.801         484.257 
       0.454294         461.993         254.292         463.306 
        0.46658         452.684         240.678         452.198 
       0.478753         439.339         227.835         437.136 
       0.490964         423.177          215.77         422.814 
       0.503334         400.573         204.636         411.781 
       0.515665          399.34         194.483         402.826 
       0.527909         384.731         185.109         391.615 
       0.540159         374.997         176.241         380.627 
        0.55248         367.616         167.826         370.206 
       0.564743         362.374         160.036         363.265 
        0.57686           348.3         152.875         352.729 
       0.589077         336.664         146.115         344.934 
       0.601441         332.864         139.687         337.149 
        0.61382         326.658         133.627         330.605 
       0.626067         321.216         127.972           323.4 
       0.638306         307.303         122.647         317.231 
       0.650632         302.219         117.601         308.088 
       0.662899         299.828         112.873         304.173 
       0.675076         288.264         108.442         298.357 
       0.687267         281.056         104.243         291.458 
       0.699615         276.868         100.214         286.417 
       0.711937         272.405         96.4055         281.261 
       0.724148         264.162          92.827         277.025 
       0.736433          258.41         89.4125         271.356 
       0.748747         254.186         86.1648          266.19 
       0.761037         249.609         83.0861         261.913 
       0.773197         246.215         80.1897          258.43 
       0.785376         242.716         77.4282         253.706 
       0.797761         236.814         74.7539         249.998 
       0.810096         233.857         72.2165         246.338 
       0.822371         225.012         69.8093          242.25 
       0.834626          224.37         67.5163         238.598 
       0.846916         219.689         65.3208         235.119 
       0.859215         219.497         63.2222         231.699 
       0.871383         213.544         61.2371         228.094 
        0.88363         211.823         59.3259         225.723 
       0.895928         206.909         57.4895         222.208 
       0.908253         201.226         55.7277         218.512 
       0.920535         200.479          54.046         215.573 
       0.932774         193.947         52.4399         212.565 
        0.94508         192.126         50.8914         210.333 
       0.957324         191.653         49.4132         207.171 
        0.96953         188.969         47.9985          204.16 
       0.981769         183.078         46.6359         202.285 
       0.994071         182.203           45.32         199.627 
         1.0064         178.011         44.0528         196.593 
        1.01868         175.593          42.838         194.375 
        1.03092          172.41         41.6747         192.296 
         1.0432         169.045         40.5505           189.9 
        1.05553         166.455         39.4637         187.612 
        1.06777         166.247         38.4247         185.713 
           1.08         162.093         37.4243         183.291 
        1.09227         160.181         36.4565         181.412 
         1.1046         157.653         35.5194         179.385 
         1.1169         155.169         34.6171         176.938 
        1.12915         152.791         33.7507         175.256 
        1.14142         150.338         32.9122         172.968 
        1.15365         148.342         32.1049         171.154 
        1.16585         146.239         31.3268         168.922 
        1.17807         144.191         30.5737         167.704 
        1.19037         143.193         29.8405         165.963 
        1.20276          140.56         29.1265         163.924 
        1.21504         138.372         28.4415         162.162 
        1.22728         135.638         27.7815         160.158 
        1.23954         135.018         27.1409         158.907 
        1.25184         132.348         26.5194         157.101 
        1.26414         130.366         25.9171         155.452 
        1.27632         129.846          25.339         154.599 
         1.2886         127.515         24.7745         152.398 
        1.30093         124.073         24.2253         150.772 
        1.31316         123.516         23.6967         149.143 
        1.32541         121.721         23.1839         148.026 
        1.33772         120.532         22.6835         146.423 
        1.35005         118.839         22.1975         144.791 
        1.36225         117.369         21.7307         143.502 
        1.37447         115.247         21.2766         141.896 
        1.38676         114.215         20.8333          140.47 
        1.39907         111.805          20.402         139.183 
        1.41133         110.287         19.9848         138.034 
        1.42358         108.706         19.5796         136.701 
        1.43591         107.822          19.183         135.163 
        1.44818         106.767         18.7995         134.054 
        1.46037         104.666         18.4288         132.688 
        1.47263         103.503         18.0661         131.689 
        1.48494         102.208         17.7118         130.226 
        1.49724         100.688         17.3673         128.924 
        1.50952         98.9018         17.0326         127.793 
        1.52178         98.2681         16.7073         126.577 
        1.53409         96.7514         16.3892         125.494 
        1.54637          95.167         16.0801         124.376 
        1.55858         93.7963         15.7807         123.153 
        1.57081         92.4684         15.4885         122.093 
        1.58313         91.4094         15.2019         120.947 
        1.59544         90.3889         14.9227         119.885 
        1.60767         89.0398         14.6523          118.73 
        1.61994         87.6729         14.3877         117.956 
        1.63225         86.4562         14.1291         116.524 
        1.64452         85.0999         13.8776         115.565 
        1.65676         83.9661          13.633         114.611 
          1.669          83.369         13.3941         113.686 
        1.68133         82.0352         13.1595         112.606 
        1.69363         81.1236         12.9311         111.692 
        1.70585         79.8516         12.7097         110.654 
        1.71809         78.6621         12.4929         109.731 
        1.73038         77.9355         12.2806         108.721 
        1.74268         76.6668         12.0731         107.795 
        1.75493         75.9116         11.8713         106.824 
        1.76714         74.6437         11.6746         105.957 
        1.77942         74.0178         11.4815         104.982 
        1.79173         72.7383         11.2922         104.132 
        1.80402         72.0625         11.1075          103.31 
         1.8163         70.9621         10.9271         102.261 
         1.8286         69.9443         10.7504         101.502 
         1.8409         69.1789         10.5778         100.621 
        1.85315         68.0743         10.4095         99.8544 
        1.86537          67.352         10.2452           98.98 
        1.87765         66.6665         10.0839         98.0451 
        1.88995         65.6017         9.92565         97.3343 
        1.90221         64.7768         9.77135         96.4938 
        1.91445         63.5852          9.6206         95.7004 
        1.92674          62.933          9.4725         94.9304 
        1.93902         62.1223         9.32752         94.0763 
        1.95124          61.648         9.18635         93.4167 
         1.9635         60.5601         9.04773         92.4824 
        1.97583         59.8902         8.91111         91.8742 
        1.98812         59.1495         8.77783         91.0597 
        2.00039         58.1695         8.64754         90.3218 
        2.01264         57.6712         8.52002         89.5655 
        2.02492         56.8045         8.39489         88.8661 
        2.03717         55.9725         8.27248         88.0771 
        2.04942         55.4354         8.15267         87.4676 
        2.06171         54.4897         8.03483         86.7058 
        2.07397         53.9203         7.91957         86.0683 
        2.08629         53.4038          7.8061         85.3162 
        2.09857         52.6413         7.69513         84.6647 
        2.11081         51.5735         7.58677         83.9136 
        2.12309         51.3082         7.48023         83.3317 
        2.13538          50.531         7.37559          82.643 
        2.14763         49.9616         7.27331         81.9969 
        2.15986         49.0491          7.1732         81.3364 
        2.17214         48.5805         7.07457         80.7143 
        2.18443         48.1122          6.9777         80.1186 
        2.19671         47.2409         6.88276          79.436 
        2.20898         47.0256         6.78971         78.8218 
        2.22126         46.2662         6.69827         78.1738 
        2.23354         45.6311         6.60855         77.6137 
         2.2458         45.1312         6.52063         77.0397 
        2.25807         44.6803         6.43423         76.3826 
        2.27035         44.0912         6.34933         75.7964 
        2.28263         43.3812         6.26599         75.1968 
         2.2949         42.9789          6.1842         74.6358 
        2.30718           42.35         6.10384          74.093 
        2.31946         41.7895         6.02487         73.5473 
        2.33169         41.2893         5.94764         72.9702 
        2.34393         40.6061         5.87165         72.4151 
        2.35622         40.3771         5.79674         71.8564 
        2.36847         39.8492         5.72334         71.3484 
        2.38076          39.374           5.651         70.7762 
        2.39305         38.8525         5.57993         70.2684 
        2.40534         38.4717         5.51008         69.6892 
        2.41762         38.0754         5.44143         69.1462 
        2.42989         37.4533         5.37405         68.6921 
        2.44216         37.1842         5.30783         68.1599 
         2.4544         36.7362         5.24287         67.6501 
        2.46667         36.3152         5.17885          67.115 
        2.47897         35.8808         5.11575           66.64 
        2.49124         35.3923         5.05387         66.1554 
        2.50349         34.9079         4.99311         65.6576 
        2.51578         34.5143         4.93316         65.2171 
        2.52805         34.3979          4.8743          64.715 
        2.54029          33.872         4.81655         64.2249 
        2.55257         33.3775         4.75957         63.7765 
        2.56487          33.116         4.70339          63.333 
        2.57716         32.7009          4.6482         62.8989 
        2.58942         32.3121         4.59403         62.4165 
        2.60167         31.8567         4.54076         61.9497 
        2.61395         31.6078         4.48826         61.5169 
        2.62624         31.3547         4.43652         61.0686 
        2.63849         31.0511         4.38576         60.6449 
        2.65073         30.7078         4.33585           60.18 
        2.66302         30.3555         4.28654         59.7625 
         2.6753         29.9845         4.23802         59.3465 
        2.68756         29.5581         4.19035         58.8987 
        2.69983         29.3713         4.14339         58.5133 
        2.71213         29.0851         4.09704         58.1186 
        2.72441         28.8645         4.05149         57.6867 
        2.73665         28.5787         4.00674          57.275 
         2.7489          28.371         3.96269          56.881 
        2.76118         27.9613         3.91917         56.4864 
        2.77349         27.8316          3.8762         56.1007 
        2.78576         27.6282         3.83404         55.6911 
        2.79802         27.2431         3.79253         55.3251 
        2.81031         27.0077         3.75154          54.948 
        2.82259         26.8021         3.71117         54.5466 
        2.83483         26.5265         3.67155         54.1731 
         2.8471         26.2194         3.63243         53.8119 
         2.8594         26.1046         3.59376         53.4571 
         2.8717         25.8124         3.55567         53.0849 
        2.88396          25.635         3.51827         52.7002 
        2.89619         25.3991         3.48147         52.3427 
        2.90847         25.2337         3.44507         52.0019 
        2.92072         25.0811         3.40924         51.6401 
        2.93299         24.9426         3.37391         51.2837 
        2.94526          24.684         3.33905         50.9576 
        2.95753         24.5514         3.30469         50.6254 
        2.96982         24.4903         3.27075         50.2814 
        2.98209          24.252         3.23736         49.9497 
        2.99436         24.0486         3.20441         49.6052 
        3.00666         24.0344         3.17186         49.2793 
        3.01894         23.8308         3.13983         48.9318 
        3.03119           23.73         3.10828         48.6145 
        3.04345         23.6205         3.07717          48.314 
        3.05573          23.567         3.04642         47.9968 
          3.068         23.4439         3.01612         47.6779 
        3.08026         23.2955         2.98626         47.3603 
        3.09254         23.2358         2.95676         47.0541 
        3.10483         23.2295         2.92765         46.7535 
         3.1171         23.1831         2.89897         46.4494 
        3.12933         23.1144         2.87075         46.1455 
        3.14159         22.9933         2.84284         45.8439 
