# k  (h/Mpc)    P(k)  (Mpc/h)^3    P_linear(k)  (Mpc/h)^3     P_NL(k)  ShotnoiseSubtracted = false
      0.0156606         21505.3         21568.4         21398.7 
      0.0273761         18402.8         18616.4         18414.8 
      0.0384619         13902.4         14012.4           13834 
      0.0498308         10729.9         11015.3           10836 
      0.0625568         9060.94         9357.74          9198.2 
      0.0751274         8066.95         7948.27         7724.17 
      0.0867833         6247.55         6398.12         6328.84 
      0.0984825         5278.43         5062.64         5124.54 
       0.111151         4514.59         4226.78         4303.77 
       0.123864         4043.72         3808.88         3871.18 
       0.135742         3686.67         3424.94         3487.41 
        0.14762         3209.18         2928.36         3094.02 
       0.160083         2726.08         2440.86         2645.14 
       0.172465         2431.25         2130.34         2390.43 
       0.184281         2203.34         1963.87         2224.73 
       0.196406         2078.37         1813.59         2049.21 
       0.209011         1944.32          1613.6         1857.62 
       0.221538         1750.49         1410.11         1734.74 
       0.233611          1678.1         1261.67         1625.96 
       0.245665         1520.96         1164.46         1501.73 
       0.258103         1505.68            1084         1418.08 
       0.270422         1342.87         996.064         1332.43 
       0.282519         1268.41         903.976          1261.7 
       0.294636         1245.52         823.617         1195.33 
       0.306978         1137.83          761.98         1145.67 
       0.319417         1115.27         712.403         1080.27 
        0.33169         1048.26         664.949         1023.22 
       0.343948         1006.17         616.111         991.853 
       0.356249         953.665          570.31         955.241 
       0.368458         916.119         531.948         912.983 
        0.38068          901.27          499.87         878.381 
       0.392856         855.735         470.584         847.881 
       0.405069         811.843         441.948         820.604 
       0.417459         780.769         414.222         791.715 
       0.429752         776.631         389.334         764.153 
       0.441978         749.322         367.489         744.885 
       0.454294         716.195         347.653         714.666 
        0.46658         695.993          329.04         700.088 
       0.478753         682.604         311.481         678.973 
       0.490964         656.045         294.988          658.33 
       0.503334         627.841         279.766         643.768 
       0.515665         625.599         265.884         629.366 
       0.527909         599.681          253.07         616.126 
       0.540159         584.883         240.946         600.576 
        0.55248         573.167         229.442         585.059 
       0.564743         568.428         218.791         575.177 
        0.57686         549.235         209.001          560.05 
       0.589077         538.829         199.759          547.75 
       0.601441         526.814         190.972          537.11 
        0.61382         512.278         182.686         527.775 
       0.626067         506.611         174.955         517.932 
       0.638306         487.999         167.674         507.502 
       0.650632         483.367         160.776         495.385 
       0.662899         479.259         154.312         489.456 
       0.675076         463.345         148.255         482.696 
       0.687267         450.222         142.514         471.276 
       0.699615          448.21         137.006         463.865 
       0.711937         439.309         131.799           455.2 
       0.724148         424.861         126.907         449.085 
       0.736433         414.852         122.239         441.105 
       0.748747         409.559         117.799         433.325 
       0.761037         402.129          113.59          428.05 
       0.773197         396.242          109.63         421.106 
       0.785376          390.86         105.855         415.024 
       0.797761         379.258         102.199         408.773 
       0.810096         375.499         98.7296         403.638 
       0.822371         364.954         95.4386          397.08 
       0.834626         361.628         92.3037         392.399 
       0.846916         355.577         89.3022         386.273 
       0.859215         352.056         86.4331          380.67 
       0.871383          343.86         83.7193         375.646 
        0.88363          340.34         81.1064         371.843 
       0.895928         335.035         78.5957          366.04 
       0.908253          326.65         76.1871         360.082 
       0.920535         320.903         73.8881         356.093 
       0.932774         315.568         71.6923         350.761 
        0.94508         310.794         69.5752         347.214 
       0.957324         308.074         67.5543         342.575 
        0.96953         303.957         65.6203         338.421 
       0.981769         296.353         63.7574         334.698 
       0.994071          295.21         61.9584         330.609 
         1.0064         289.396          60.226         325.803 
        1.01868         286.129         58.5652         321.647 
        1.03092         277.502         56.9748         318.823 
         1.0432         274.716         55.4379         314.968 
        1.05553         271.613          53.952         310.655 
        1.06777         268.402         52.5316         307.207 
           1.08         262.154          51.164         303.793 
        1.09227         261.081         49.8408          300.14 
         1.1046         256.113         48.5597          297.27 
         1.1169         250.345         47.3261         293.307 
        1.12915          247.02         46.1416         290.423 
        1.14142         242.121         44.9953         286.941 
        1.15365         239.321         43.8915         283.923 
        1.16585          235.03         42.8278         280.697 
        1.17807         232.695         41.7983         277.796 
        1.19037         228.995         40.7959          275.42 
        1.20276         225.905         39.8197         271.818 
        1.21504         221.098         38.8832         268.789 
        1.22728         217.796         37.9809         265.713 
        1.23954         216.576         37.1052          263.25 
        1.25184         211.677         36.2555         260.441 
        1.26414         207.389         35.4321         257.955 
        1.27632         205.964         34.6417         255.653 
         1.2886         204.286           33.87         252.696 
        1.30093         199.234         33.1191         249.555 
        1.31316         195.053         32.3965         247.052 
        1.32541         193.961         31.6954         244.569 
        1.33772         190.832         31.0112         242.279 
        1.35005           188.4         30.3469         239.549 
        1.36225         184.752         29.7088         237.311 
        1.37447         181.935         29.0878         234.408 
        1.38676         180.095         28.4819         232.733 
        1.39907         177.432         27.8922          229.94 
        1.41133         174.065         27.3218         227.583 
        1.42358         171.992         26.7679          225.44 
        1.43591         169.805         26.2256         223.359 
        1.44818         166.542         25.7014         221.066 
        1.46037         165.048         25.1946         218.699 
        1.47263         161.855         24.6987         216.725 
        1.48494         160.244         24.2143         214.089 
        1.49724         157.649         23.7433         212.693 
        1.50952         154.725         23.2858          210.33 
        1.52178         153.385         22.8411         208.126 
        1.53409         150.381         22.4062         206.301 
        1.54637         148.213         21.9836         204.598 
        1.55858          146.45         21.5742         202.389 
        1.57081         143.891         21.1748         200.506 
        1.58313         141.979         20.7829         198.463 
        1.59544         139.354         20.4013         196.688 
        1.60767         138.121         20.0316         194.935 
        1.61994         135.699         19.6699         193.053 
        1.63225         133.641         19.3164         191.062 
        1.64452         131.435         18.9725         189.362 
        1.65676         129.685         18.6381         187.728 
          1.669         128.283         18.3115         185.936 
        1.68133         125.732         17.9907         184.239 
        1.69363         123.563         17.6785         182.662 
        1.70585         121.596         17.3758         181.004 
        1.71809         120.029         17.0795         179.049 
        1.73038         118.703         16.7892         177.588 
        1.74268         117.548         16.5054         175.854 
        1.75493         114.577         16.2296         174.413 
        1.76714         114.108         15.9608         172.916 
        1.77942         111.747         15.6966          171.25 
        1.79173         109.964         15.4378         169.708 
        1.80402         108.717         15.1854         168.197 
         1.8163         106.584         14.9388         166.826 
         1.8286          105.24         14.6972          165.21 
         1.8409         104.193         14.4612         163.675 
        1.85315         101.934         14.2311         162.338 
        1.86537         101.114         14.0065         160.985 
        1.87765          99.806          13.786         159.609 
        1.88995         97.9475         13.5696         158.097 
        1.90221          96.763         13.3587         156.853 
        1.91445         95.3829         13.1526         155.337 
        1.92674         93.8744         12.9501          153.99 
        1.93902         92.6499         12.7519         152.604 
        1.95124         91.4052         12.5589         151.317 
         1.9635          89.901         12.3694         149.995 
        1.97583         88.5134         12.1826         148.703 
        1.98812         87.2774         12.0004         147.611 
        2.00039         86.2761         11.8223         146.207 
        2.01264         85.1763          11.648         145.006 
        2.02492         84.1464         11.4769         143.685 
        2.03717         82.7399         11.3095          142.55 
        2.04942         81.8119         11.1458         141.356 
        2.06171         80.2217         10.9846         140.115 
        2.07397         79.3577         10.8271          139.03 
        2.08629         78.2135          10.672         137.818 
        2.09857         77.2025         10.5202         136.709 
        2.11081         75.8991         10.3721         135.448 
        2.12309         74.9055         10.2264         134.438 
        2.13538         73.7639         10.0834         133.254 
        2.14763         72.8022         9.94356         132.183 
        2.15986          71.876         9.80669         131.008 
        2.17214         70.9381         9.67185          129.98 
        2.18443         69.9878         9.53942         129.076 
        2.19671         69.0492         9.40963         127.957 
        2.20898          68.249         9.28241         126.812 
        2.22126         67.2023          9.1574          125.87 
        2.23354         66.4153         9.03475         124.861 
         2.2458         65.1248         8.91455         123.832 
        2.25807         64.4443         8.79643         122.829 
        2.27035         63.5095         8.68035         121.827 
        2.28263         62.7045         8.56643         120.896 
         2.2949         61.5744          8.4546         119.942 
        2.30718         60.7423         8.34474         118.975 
        2.31946         60.2322         8.23678         117.955 
        2.33169         59.2203          8.1312         117.067 
        2.34393         58.7724          8.0273         116.236 
        2.35622         57.6491         7.92489          115.26 
        2.36847         57.1729         7.82455         114.472 
        2.38076         56.1592         7.72565         113.443 
        2.39305         55.5817         7.62849         112.673 
        2.40534         54.7828         7.53299         111.736 
        2.41762         54.1491         7.43914         110.835 
        2.42989         53.3072         7.34703         110.041 
        2.44216         52.8036         7.25649         109.119 
         2.4544         51.9454         7.16768         108.325 
        2.46667          51.288         7.08016         107.497 
        2.47897         50.7507         6.99389         106.618 
        2.49124         50.2356         6.90929         105.835 
        2.50349         49.5017         6.82622          105.04 
        2.51578         48.9744         6.74427         104.336 
        2.52805         48.3074          6.6638         103.457 
        2.54029         47.8206         6.58485         102.659 
        2.55257         47.1761         6.50694         101.955 
        2.56487         46.9199         6.43015         101.205 
        2.57716         46.2732          6.3547         100.444 
        2.58942         45.5757         6.28063         99.7017 
        2.60167         45.0309         6.20781         98.9748 
        2.61395         44.6834         6.13604         98.2331 
        2.62624         43.9309          6.0653         97.4531 
        2.63849         43.4787         5.99591         96.7645 
        2.65073          42.958         5.92767         96.0632 
        2.66302         42.5447         5.86025         95.3387 
         2.6753         42.0684         5.79392         94.6778 
        2.68756         41.6928         5.72876         93.9564 
        2.69983         41.1521         5.66455         93.2989 
        2.71213          40.726         5.60119         92.6316 
        2.72441         40.3201         5.53891         91.9511 
        2.73665         39.8654         5.47773         91.3205 
         2.7489         39.4248         5.41751         90.6776 
        2.76118         39.0608         5.35801         90.0065 
        2.77349         38.6087         5.29926         89.3777 
        2.78576         38.2561         5.24163         88.7154 
        2.79802         37.9282         5.18488         88.1588 
        2.81031         37.3856         5.12884         87.5122 
        2.82259         37.1138         5.07365         86.8631 
        2.83483         36.6599         5.01948         86.3029 
         2.8471         36.3705           4.966         85.6746 
         2.8594         35.9912         4.91313         85.0617 
         2.8717         35.7619         4.86105         84.5136 
        2.88396         35.4463         4.80992           83.92 
        2.89619         35.1627         4.75962         83.2906 
        2.90847         34.8233         4.70985         82.6875 
        2.92072         34.5959         4.66087         82.1753 
        2.93299         34.4606         4.61257         81.6329 
        2.94526          34.077         4.56491         81.0585 
        2.95753         33.8547         4.51793         80.4873 
        2.96982         33.5148         4.47154         79.9521 
        2.98209         33.3913         4.42589         79.4221 
        2.99436         33.0919         4.38084         78.8494 
        3.00666         33.0124         4.33634         78.3214 
        3.01894         32.7281         4.29255         77.8002 
        3.03119         32.5877         4.24942         77.2989 
        3.04345         32.4269         4.20688          76.792 
        3.05573         32.2114         4.16484         76.2693 
          3.068         32.0805         4.12342         75.7642 
        3.08026         31.8967         4.08261         75.2557 
        3.09254         31.8155         4.04227          74.765 
        3.10483         31.8323         4.00247         74.2756 
         3.1171         31.6536         3.96326         73.7792 
        3.12933         31.4797         3.92468         73.2894 
        3.14159         31.4279         3.88653         72.7952 
