# k  (h/Mpc)    P(k)  (Mpc/h)^3    P_linear(k)  (Mpc/h)^3     P_NL(k)  ShotnoiseSubtracted = false
      0.0156606         14838.8         14739.2         14639.4 
      0.0273761         12746.9         12724.4         12623.6 
      0.0384619         9652.69         9578.81         9496.08 
      0.0498308         7479.61         7530.69         7449.78 
      0.0625568         6312.98         6397.97         6323.89 
      0.0751274         5587.62         5434.58         5328.42 
      0.0867833         4349.14         4374.83          4344.5 
      0.0984825         3633.89         3461.77         3496.84 
       0.111151            3088         2890.28            2930 
       0.123864         2770.03         2604.57         2637.38 
       0.135742         2512.67         2342.05         2375.49 
        0.14762            2172          2002.5         2090.09 
       0.160083         1822.85         1669.15         1773.88 
       0.172465         1625.39         1456.82          1588.9 
       0.184281         1487.11         1342.99         1478.08 
       0.196406         1380.18         1240.23          1356.6 
       0.209011          1278.4         1103.47         1225.98 
       0.221538         1153.24         964.315         1132.27 
       0.233611         1086.31         862.804         1051.74 
       0.245665         995.042         796.329         968.466 
       0.258103         959.566         741.309         912.051 
       0.270422         864.065         681.172         852.355 
       0.282519         803.937         618.198         798.658 
       0.294636         796.155         563.244         752.049 
       0.306978         715.639         521.093         716.797 
       0.319417         693.031          487.19         674.678 
        0.33169         653.022         454.738         636.086 
       0.343948         622.624          421.34         613.142 
       0.356249         585.335         390.019         587.704 
       0.368458         567.581         363.784         556.812 
        0.38068         548.222         341.847          533.04 
       0.392856          516.66          321.82         512.029 
       0.405069         494.726         302.236         495.911 
       0.417459         474.258         283.276         472.594 
       0.429752         461.907         266.256          455.45 
       0.441978         446.717         251.317          442.27 
       0.454294         422.272         237.751         422.883 
        0.46658         414.895         225.023         412.377 
       0.478753         401.588         213.015         398.429 
       0.490964         387.064         201.735         385.157 
       0.503334         365.834         191.326         374.835 
       0.515665         364.328         181.833          366.62 
       0.527909         351.445         173.069         355.886 
       0.540159         342.468         164.777         345.815 
        0.55248         335.746          156.91         336.178 
       0.564743         330.123         149.626         329.661 
        0.57686         317.386         142.931         319.919 
       0.589077         306.158         136.611         312.909 
       0.601441         302.739         130.601          305.69 
        0.61382         297.764         124.935         299.456 
       0.626067         292.293         119.648         292.785 
       0.638306         279.235         114.669         287.179 
       0.650632         274.055         109.952         278.691 
       0.662899         272.187         105.531         274.928 
       0.675076         261.737         101.388         269.414 
       0.687267         255.178         97.4626         263.285 
       0.699615         251.107         93.6957          258.56 
       0.711937         246.725         90.1348         253.852 
       0.724148         239.823         86.7891         250.025 
       0.736433         234.629         83.5967         244.767 
       0.748747         230.447         80.5602         240.033 
       0.761037         226.508         77.6818         235.938 
       0.773197         223.093         74.9738         232.924 
       0.785376         220.172         72.3918          228.42 
       0.797761         214.884         69.8915         225.236 
       0.810096         211.803         67.5192         221.708 
       0.822371         203.801         65.2686         218.023 
       0.834626         203.056         63.1247         214.601 
       0.846916         199.176          61.072         211.485 
       0.859215         198.637         59.1099         208.352 
       0.871383         193.364          57.254         205.015 
        0.88363         191.457         55.4671         202.854 
       0.895928         187.063         53.7501         199.767 
       0.908253         181.888         52.1029         196.351 
       0.920535         181.293         50.5306         193.729 
       0.932774         175.226          49.029         190.942 
        0.94508         173.709         47.5811           188.9 
       0.957324         173.214         46.1991         186.033 
        0.96953         170.925         44.8764         183.237 
       0.981769         165.593         43.6025         181.591 
       0.994071         164.799         42.3722         179.166 
         1.0064         160.879         41.1874         176.434 
        1.01868         158.778         40.0516         174.492 
        1.03092         156.119          38.964         172.554 
         1.0432         153.071         37.9129         170.376 
        1.05553         150.505         36.8968         168.411 
        1.06777         150.307         35.9254         166.685 
           1.08         146.649         34.9901         164.469 
        1.09227         145.026         34.0852         162.824 
         1.1046         142.631         33.2091          160.92 
         1.1169         140.654         32.3654         158.739 
        1.12915         138.407         31.5554         157.168 
        1.14142         136.216         30.7714         155.127 
        1.15365         134.391         30.0166         153.494 
        1.16585         132.468         29.2892         151.513 
        1.17807         130.536          28.585          150.43 
        1.19037         129.831         27.8995         148.837 
        1.20276         127.214         27.2319         147.023 
        1.21504         125.565         26.5915         145.428 
        1.22728         123.051         25.9744           143.7 
        1.23954         122.351         25.3755         142.466 
        1.25184         119.822         24.7944         140.886 
        1.26414         118.178         24.2313         139.424 
        1.27632          117.58         23.6908         138.697 
         1.2886         115.357         23.1631         136.666 
        1.30093          112.52         22.6496         135.211 
        1.31316         112.163         22.1554         133.834 
        1.32541         110.466         21.6759         132.801 
        1.33772         109.295          21.208         131.376 
        1.35005         107.867         20.7537         129.933 
        1.36225         106.527         20.3173          128.77 
        1.37447         104.444         19.8926         127.361 
        1.38676         103.809         19.4782         126.018 
        1.39907         101.473         19.0749         124.946 
        1.41133         100.113         18.6849         123.932 
        1.42358         98.7684         18.3061         122.678 
        1.43591          98.101         17.9352         121.328 
        1.44818         97.0235         17.5767          120.33 
        1.46037         95.1713         17.2301         119.144 
        1.47263         93.8801          16.891         118.239 
        1.48494         93.0167         16.5597         116.976 
        1.49724         91.5109         16.2376         115.757 
        1.50952         90.0296         15.9248         114.753 
        1.52178         89.2593         15.6206         113.725 
        1.53409         88.1935         15.3232         112.732 
        1.54637          86.429         15.0342         111.703 
        1.55858         85.4138         14.7542         110.638 
        1.57081         84.1803          14.481         109.687 
        1.58313         83.1679         14.2131         108.694 
        1.59544          82.261         13.9521         107.715 
        1.60767         81.0123         13.6993         106.708 
        1.61994         79.9011         13.4519         106.025 
        1.63225         78.7151         13.2101         104.741 
        1.64452         77.6223         12.9749         103.924 
        1.65676         76.5431         12.7463         103.034 
          1.669         75.9898         12.5229         102.203 
        1.68133         74.9558         12.3035         101.239 
        1.69363         74.0082           12.09         100.454 
        1.70585         73.0435          11.883         99.5101 
        1.71809         71.7919         11.6803         98.7578 
        1.73038         71.0423         11.4818         97.8009 
        1.74268         69.9025         11.2878         97.0089 
        1.75493         69.3311         11.0991         96.1328 
        1.76714         68.1474         10.9153         95.3381 
        1.77942           67.69         10.7346         94.5016 
        1.79173         66.5087         10.5577         93.7007 
        1.80402         65.7923          10.385         92.9944 
         1.8163         64.9304         10.2164         92.0572 
         1.8286         63.9829         10.0512          91.423 
         1.8409         63.1104         9.88974         90.6095 
        1.85315         62.1836         9.73241         89.9621 
        1.86537         61.5537         9.57883         89.1549 
        1.87765         60.8377         9.42799         88.3009 
        1.88995         59.9666         9.28004         87.6744 
        1.90221         59.2953         9.13578         86.9301 
        1.91445         58.2026         8.99483          86.248 
        1.92674         57.6836         8.85637          85.549 
        1.93902         56.9545         8.72081          84.786 
        1.95124         56.5162         8.58882         84.2193 
         1.9635         55.4447         8.45923         83.3879 
        1.97583         54.9081         8.33149          82.845 
        1.98812         54.2237         8.20688         82.1026 
        2.00039          53.405         8.08506           81.45 
        2.01264         52.8185         7.96584         80.7875 
        2.02492         52.0827         7.84884         80.1734 
        2.03717         51.3733          7.7344         79.4603 
        2.04942         50.7544         7.62238         78.9181 
        2.06171         50.0416          7.5122          78.225 
        2.07397          49.431         7.40445         77.6727 
        2.08629         48.9218         7.29836         76.9904 
        2.09857         48.3633          7.1946         76.4303 
        2.11081         47.3038         7.09329         75.7581 
        2.12309         47.0415         6.99369         75.2196 
        2.13538         46.4129         6.89585         74.6187 
        2.14763         45.9138         6.80022         74.0466 
        2.15986         45.2158         6.70662         73.4552 
        2.17214         44.6188         6.61441         72.9356 
        2.18443         44.3063         6.52384         72.3528 
        2.19671           43.47         6.43508          71.749 
        2.20898         43.1881         6.34807         71.2015 
        2.22126          42.577         6.26258         70.6303 
        2.23354         41.9955          6.1787         70.1426 
         2.2458          41.579          6.0965         69.6183 
        2.25807         41.1768         6.01572         69.0342 
        2.27035         40.5938         5.93634         68.5163 
        2.28263         40.0165         5.85843         67.9856 
         2.2949         39.5285         5.78195         67.4904 
        2.30718         39.0936         5.70682         67.0004 
        2.31946          38.524         5.63299         66.5162 
        2.33169         38.0971         5.56078         65.9934 
        2.34393         37.4984         5.48973         65.4914 
        2.35622         37.2353         5.41969         65.0003 
        2.36847          36.758         5.35107         64.5275 
        2.38076         36.4155         5.28343         64.0458 
        2.39305         35.9295         5.21698         63.5802 
        2.40534         35.5632         5.15167         63.0496 
        2.41762         35.1587         5.08749         62.5776 
        2.42989         34.5919          5.0245         62.1703 
        2.44216         34.3731         4.96258         61.6929 
         2.4544         34.0056         4.90185         61.2485 
        2.46667         33.4904         4.84199         60.7595 
        2.47897         33.1619         4.78299         60.3378 
        2.49124         32.7199         4.72514          59.899 
        2.50349         32.3053         4.66833         59.4717 
        2.51578           31.97         4.61228         59.0621 
        2.52805          31.853         4.55726         58.6095 
        2.54029         31.4007         4.50326          58.187 
        2.55257         30.9722         4.44998         57.7822 
        2.56487         30.6568         4.39746         57.3757 
        2.57716         30.3348         4.34586         56.9935 
        2.58942         29.9614         4.29521         56.5625 
        2.60167          29.561         4.24541         56.1298 
        2.61395         29.3429         4.19633         55.7518 
        2.62624         29.1118         4.14795         55.3549 
        2.63849         28.8051         4.10049         54.9673 
        2.65073         28.4741         4.05383         54.5519 
        2.66302         28.1942         4.00772         54.1897 
         2.6753         27.8565         3.96236         53.8122 
        2.68756         27.5059         3.91779         53.4177 
        2.69983         27.2928         3.87388         53.0614 
        2.71213          26.968         3.83055         52.7067 
        2.72441         26.8389         3.78796         52.3147 
        2.73665         26.5569         3.74612         51.9505 
         2.7489         26.3602         3.70494         51.5989 
        2.76118         26.0422         3.66425         51.2323 
        2.77349         25.8528         3.62407         50.8969 
        2.78576         25.6682         3.58466         50.5318 
        2.79802         25.3502         3.54585         50.1905 
        2.81031         25.1333         3.50752         49.8591 
        2.82259          24.915         3.46978         49.4995 
        2.83483         24.6793         3.43273         49.1603 
         2.8471         24.4425         3.39616         48.8358 
         2.8594         24.2708            3.36         48.5219 
         2.8717         24.0003         3.32439         48.1836 
        2.88396         23.8902         3.28942         47.8386 
        2.89619         23.6967         3.25502         47.5207 
        2.90847         23.4985         3.22098         47.2052 
        2.92072         23.4066         3.18749         46.8908 
        2.93299         23.2754         3.15445         46.5655 
        2.94526         23.0442         3.12186         46.2699 
        2.95753         22.8926         3.08973         45.9778 
        2.96982         22.8627         3.05801         45.6671 
        2.98209         22.6499         3.02679         45.3654 
        2.99436         22.4615         2.99598         45.0615 
        3.00666         22.4466         2.96555         44.7648 
        3.01894         22.3026          2.9356         44.4531 
        3.03119          22.147          2.9061         44.1623 
        3.04345         22.0574         2.87701         43.8877 
        3.05573         21.9925         2.84826         43.6046 
          3.068         21.9233         2.81994         43.3162 
        3.08026         21.8254         2.79202         43.0307 
        3.09254         21.7238         2.76444         42.7581 
        3.10483         21.7398         2.73722         42.4869 
         3.1171         21.6435          2.7104         42.2111 
        3.12933          21.656         2.68402         41.9389 
        3.14159          21.556         2.65793         41.6656 
