# k  (h/Mpc)    Pcb(k)  (Mpc/h)^3    Pcb_linear(k) (Mpc/h)^3    Pcb_NL(k) (Mpc/h)^3   ShotnoiseSubtracted = false
      0.0156606         21484.8           21602         21432.1 
      0.0273761         18416.6         18676.3         18474.1 
      0.0384619         13927.6           14070         13890.9 
      0.0498308         10757.9         11066.8         10886.6 
      0.0625568            9090          9405.2         9244.84 
      0.0751274         8095.84         7990.63         7765.34 
      0.0867833         6272.08         6433.29         6363.64 
      0.0984825         5300.81          5091.1         5153.34 
       0.111151         4534.82         4250.95         4328.39 
       0.123864         4063.27         3830.95         3893.61 
       0.135742         3704.86         3444.97         3507.81 
        0.14762         3225.57         2945.61         3112.24 
       0.160083         2740.81         2455.33         2660.82 
       0.172465         2444.75         2143.03         2404.67 
       0.184281         2216.46         1975.62         2238.03 
       0.196406         2090.97         1824.47          2061.5 
       0.209011         1956.75         1623.32          1868.8 
       0.221538         1762.27         1418.62         1745.21 
       0.233611         1689.55          1269.3         1635.79 
       0.245665         1531.74         1171.51         1510.82 
       0.258103         1516.51         1090.58         1426.68 
       0.270422         1353.28         1002.11         1340.52 
       0.282519         1278.32         909.474         1269.37 
       0.294636         1255.82         828.632         1202.61 
       0.306978         1147.37         766.623         1152.66 
       0.319417         1124.97         716.748         1086.86 
        0.33169         1057.82         669.007         1029.47 
       0.343948         1015.49         619.874         997.911 
       0.356249         962.861         573.796         961.079 
       0.368458         925.409         535.201         918.567 
        0.38068         910.566         502.925          883.75 
       0.392856         864.765         473.462         853.067 
       0.405069         820.865         444.654         825.628 
       0.417459         789.822         416.759         796.563 
       0.429752         785.803         391.718         768.833 
       0.441978         758.395         369.741         749.449 
       0.454294         725.222         349.784         719.046 
        0.46658         704.963         331.058         704.381 
       0.478753         691.667         313.392         683.139 
       0.490964         665.154         296.799         662.373 
       0.503334         636.704         281.483         647.719 
       0.515665         634.649         267.516         633.229 
       0.527909         608.664         254.624         619.908 
       0.540159          593.94         242.426         604.265 
        0.55248         582.314         230.851         588.654 
       0.564743         577.832         220.134         578.709 
        0.57686         558.414         210.284         563.491 
       0.589077         547.953         200.986         551.115 
       0.601441         536.171         192.145          540.41 
        0.61382         521.586         183.809         531.018 
       0.626067         516.176          176.03         521.115 
       0.638306         497.347         168.705         510.621 
       0.650632         492.835         161.765         498.431 
       0.662899         488.889         155.261         492.465 
       0.675076         472.831         149.166         485.664 
       0.687267         459.717         143.391         474.174 
       0.699615         457.856         137.849         466.717 
       0.711937         449.098          132.61             458 
       0.724148         434.484         127.688         451.848 
       0.736433          424.41         122.991         443.818 
       0.748747         419.205         118.523         435.991 
       0.761037         411.806         114.289         430.684 
       0.773197         406.067         110.305         423.697 
       0.785376         400.728         106.506         417.578 
       0.797761         389.018         102.827         411.288 
       0.810096         385.414         99.3372         406.122 
       0.822371         374.737         96.0259         399.523 
       0.834626         371.562         92.8718         394.814 
       0.846916         365.426         89.8518         388.651 
       0.859215         362.081         86.9651         383.013 
       0.871383         353.793         84.2346         377.958 
        0.88363         350.467         81.6057         374.132 
       0.895928         345.091         79.0795         368.293 
       0.908253         336.556         76.6561         362.298 
       0.920535          330.97         74.3429         358.285 
       0.932774         325.578         72.1337          352.92 
        0.94508         320.849         70.0035         349.351 
       0.957324         318.267         67.9702         344.684 
        0.96953          314.15         66.0243         340.505 
       0.981769         306.461           64.15         336.759 
       0.994071         305.436         62.3399         332.645 
         1.0064         299.591         60.5968         327.809 
        1.01868         296.355         58.9258         323.628 
        1.03092         287.623         57.3256         320.786 
         1.0432         284.921         55.7793         316.907 
        1.05553         281.809         54.2843         312.568 
        1.06777         278.669         52.8551         309.099 
           1.08         272.351          51.479         305.664 
        1.09227         271.358         50.1477         301.989 
         1.1046         266.369         48.8588         299.101 
         1.1169         260.506         47.6175         295.114 
        1.12915         257.157         46.4257         292.211 
        1.14142         252.167         45.2724         288.708 
        1.15365         249.464         44.1619         285.672 
        1.16585         245.114         43.0916         282.426 
        1.17807         242.791         42.0557         279.507 
        1.19037         239.124         41.0471         277.116 
        1.20276         236.017         40.0649         273.492 
        1.21504         231.097         39.1227         270.445 
        1.22728         227.775         38.2149         267.349 
        1.23954         226.627         37.3337         264.872 
        1.25184         221.596         36.4788         262.046 
        1.26414         217.241         35.6503         259.544 
        1.27632         215.884         34.8551         257.228 
         1.2886         214.246         34.0786         254.252 
        1.30093         209.041         33.3231         251.093 
        1.31316         204.781         32.5961         248.574 
        1.32541         203.748         31.8907         246.076 
        1.33772         200.531         31.2023         243.771 
        1.35005         198.121         30.5338         241.025 
        1.36225         194.421         29.8918         238.773 
        1.37447         191.555          29.267         235.852 
        1.38676         189.713         28.6573         234.167 
        1.39907         186.974          28.064         231.357 
        1.41133         183.558         27.4901         228.985 
        1.42358         181.435         26.9328         226.829 
        1.43591         179.256         26.3872         224.736 
        1.44818         175.884         25.8597         222.428 
        1.46037         174.411         25.3498         220.046 
        1.47263         171.118         24.8509          218.06 
        1.48494         169.518         24.3635         215.408 
        1.49724         166.862         23.8896         214.003 
        1.50952         163.805         23.4293         211.626 
        1.52178         162.502         22.9818         209.408 
        1.53409         159.392         22.5443         207.572 
        1.54637         157.189          22.119         205.858 
        1.55858         155.374         21.7072         203.636 
        1.57081         152.793         21.3052         201.741 
        1.58313         150.815          20.911         199.685 
        1.59544         148.087          20.527           197.9 
        1.60767         146.854         20.1551         196.136 
        1.61994          144.37         19.7911         194.242 
        1.63225         142.252         19.4354         192.239 
        1.64452         139.969         19.0894         190.528 
        1.65676         138.143         18.7529         188.885 
          1.669         136.721         18.4243         187.081 
        1.68133         134.088         18.1016         185.375 
        1.69363         131.818         17.7874         183.788 
        1.70585         129.789         17.4828         182.119 
        1.71809         128.208         17.1847         180.152 
        1.73038         126.869         16.8926         178.683 
        1.74268         125.696         16.6072         176.937 
        1.75493         122.523         16.3296         175.488 
        1.76714         122.104         16.0591         173.982 
        1.77942         119.659         15.7934         172.305 
        1.79173         117.795          15.533         170.754 
        1.80402         116.517          15.279         169.234 
         1.8163          114.26         15.0308         167.854 
         1.8286         112.879         14.7878         166.228 
         1.8409         111.805         14.5503         164.684 
        1.85315         109.462         14.3188         163.338 
        1.86537         108.595         14.0929         161.977 
        1.87765         107.247         13.8709         160.593 
        1.88995         105.279         13.6533         159.071 
        1.90221         104.069          13.441         157.819 
        1.91445         102.614         13.2337         156.294 
        1.92674         101.056         13.0299         154.939 
        1.93902         99.7688         12.8305         153.544 
        1.95124          98.492         12.6363          152.25 
         1.9635          96.882         12.4456         150.919 
        1.97583         95.4364         12.2577          149.62 
        1.98812         94.1523         12.0744         148.521 
        2.00039         93.1047         11.8952         147.108 
        2.01264         91.9556         11.7197           145.9 
        2.02492         90.8878         11.5476          144.57 
        2.03717         89.4023         11.3792         143.428 
        2.04942         88.4524         11.2144         142.227 
        2.06171         86.7522         11.0523         140.978 
        2.07397         85.8501         10.8938         139.886 
        2.08629         84.6546         10.7377         138.667 
        2.09857         83.5774         10.5851         137.551 
        2.11081         82.2055          10.436         136.283 
        2.12309         81.1578         10.2895         135.267 
        2.13538         79.9744         10.1455         134.075 
        2.14763         78.9393         10.0048         132.998 
        2.15986         77.9603         9.86713         131.815 
        2.17214         76.9732         9.73146         130.781 
        2.18443         75.9779         9.59821         129.872 
        2.19671         74.9829         9.46762         128.746 
        2.20898         74.1304         9.33961         127.594 
        2.22126         73.0191         9.21384         126.645 
        2.23354         72.2013         9.09042          125.63 
         2.2458         70.8088         8.96949         124.595 
        2.25807         70.1056         8.85064         123.586 
        2.27035         69.0949         8.73385         122.578 
        2.28263          68.249         8.61922         121.641 
         2.2949         67.0384         8.50671         120.681 
        2.30718          66.156         8.39617         119.708 
        2.31946         65.6335         8.28754         118.682 
        2.33169         64.5399         8.18131         117.788 
        2.34393         64.0858         8.07677         116.952 
        2.35622         62.8686         7.97373          115.97 
        2.36847         62.3731         7.87277         115.178 
        2.38076         61.2748         7.77326         114.142 
        2.39305         60.6788          7.6755         113.368 
        2.40534         59.8209         7.57941         112.425 
        2.41762          59.119         7.48498         111.518 
        2.42989         58.2369         7.39231          110.72 
        2.44216         57.6792         7.30121         109.792 
         2.4544         56.7769         7.21186         108.992 
        2.46667         56.0878         7.12379         108.159 
        2.47897         55.4985         7.03699         107.275 
        2.49124         54.9466         6.95187         106.487 
        2.50349         54.1812         6.86829         105.687 
        2.51578         53.5949         6.78583         104.979 
        2.52805         52.9003         6.70487         104.095 
        2.54029         52.3768         6.62543         103.292 
        2.55257         51.6674         6.54704         102.583 
        2.56487         51.4041         6.46978         101.829 
        2.57716         50.7054         6.39386         101.063 
        2.58942         49.9484         6.31933         100.316 
        2.60167         49.3653         6.24607         99.5848 
        2.61395         49.0053         6.17385         98.8385 
        2.62624         48.1842         6.10268         98.0537 
        2.63849         47.6957         6.03286         97.3608 
        2.65073         47.1432          5.9642         96.6552 
        2.66302         46.6863         5.89637         95.9262 
         2.6753         46.1871         5.82963         95.2613 
        2.68756         45.7757         5.76406         94.5355 
        2.69983         45.1873         5.69946         93.8739 
        2.71213         44.7301         5.63571         93.2025 
        2.72441         44.2927         5.57305         92.5178 
        2.73665         43.7968         5.51149         91.8834 
         2.7489         43.3157          5.4509         91.2365 
        2.76118         42.9188         5.39103         90.5612 
        2.77349          42.442         5.33192         89.9285 
        2.78576         42.0547         5.27393         89.2622 
        2.79802         41.7008         5.21683         88.7021 
        2.81031         41.1062         5.16045         88.0516 
        2.82259         40.8227         5.10492         87.3985 
        2.83483         40.3226         5.05042         86.8348 
         2.8471         40.0262          4.9966         86.2026 
         2.8594         39.6031         4.94341         85.5859 
         2.8717         39.3582         4.89101         85.0345 
        2.88396         39.0045         4.83957         84.4372 
        2.89619         38.7077         4.78896         83.8039 
        2.90847         38.3355         4.73888         83.1972 
        2.92072         38.0853          4.6896         82.6818 
        2.93299         37.9466           4.641         82.1361 
        2.94526         37.5218         4.59304          81.558 
        2.95753         37.2867         4.54578         80.9834 
        2.96982         36.9209          4.4991         80.4448 
        2.98209          36.772         4.45317         79.9116 
        2.99436         36.4502         4.40784         79.3353 
        3.00666         36.3719         4.36307         78.8041 
        3.01894         36.0522           4.319         78.2797 
        3.03119         35.9183         4.27561         77.7753 
        3.04345         35.7349         4.23281         77.2653 
        3.05573         35.4961         4.19051         76.7393 
          3.068         35.3534         4.14884         76.2311 
        3.08026         35.1567         4.10777         75.7195 
        3.09254         35.0673         4.06718         75.2258 
        3.10483          35.082         4.02714         74.7334 
         3.1171          34.885         3.98768         74.2339 
        3.12933         34.7099         3.94887         73.7411 
        3.14159         34.6517         3.91049         73.2438 
