# k  (h/Mpc)    P(k)  (Mpc/h)^3    P_linear(k)  (Mpc/h)^3     P_NL(k)  ShotnoiseSubtracted = false
      0.0156606         20465.2         20657.8         20498.3 
      0.0273761           17524         17830.8         17644.5 
      0.0384619         13245.1         13421.3         13257.6 
      0.0498308         10230.4         10550.7         10386.6 
      0.0625568         8639.97         8963.17         8816.66 
      0.0751274          7687.5         7613.18            7407 
      0.0867833         5958.31         6128.41         6065.07 
      0.0984825         5027.65         4849.24         4907.19 
       0.111151         4296.97         4048.62         4119.82 
       0.123864         3850.68         3648.35         3706.08 
       0.135742         3508.35         3280.59         3338.61 
        0.14762         3051.82         2804.95            2959 
       0.160083          2588.4            2338         2527.31 
       0.172465         2308.84         2040.56         2281.42 
       0.184281         2095.85         1881.11          2123.2 
       0.196406         1972.63         1737.17         1954.63 
       0.209011         1843.64         1545.61         1771.13 
       0.221538         1661.16         1350.69            1652 
       0.233611         1589.32          1208.5         1546.87 
       0.245665         1442.19         1115.39            1428 
       0.258103         1423.84         1038.32         1347.99 
       0.270422         1271.23         954.091         1265.75 
       0.282519         1198.65         865.884         1196.99 
       0.294636         1179.39         788.911         1133.26 
       0.306978         1075.23         729.872         1085.49 
       0.319417         1052.49         682.384         1023.28 
        0.33169           990.2          636.93         968.597 
       0.343948         949.458         590.149         938.459 
       0.356249         899.168         546.279         903.326 
       0.368458          865.63         509.533         862.367 
        0.38068         849.838         478.807         829.151 
       0.392856         806.303         450.755         799.809 
       0.405069         766.368         423.325         774.403 
       0.417459         737.291         396.769         745.955 
       0.429752         731.476         372.929         719.867 
       0.441978         706.068         352.005         701.396 
       0.454294         674.433         333.004         672.636 
        0.46658         655.878         315.176         658.636 
       0.478753          642.77         298.357         638.434 
       0.490964         618.086         282.558         618.827 
       0.503334         590.799         267.978         604.766 
       0.515665         589.217         254.681         591.357 
       0.527909         565.439         242.407         578.376 
       0.540159         551.457         230.793         563.444 
        0.55248         540.775         219.774         548.764 
       0.564743         536.653         209.572         539.431 
        0.57686          517.85         200.194          525.04 
       0.589077         506.855         191.342         513.391 
       0.601441         497.217         182.925         503.191 
        0.61382         484.159         174.989         494.445 
       0.626067         478.817         167.583         484.961 
       0.638306         461.046         160.609         475.289 
       0.650632         456.659         154.002         463.547 
       0.662899         452.871          147.81         458.076 
       0.675076         437.334         142.008         451.419 
       0.687267          425.57         136.509         440.672 
       0.699615         422.969         131.233         433.724 
       0.711937         415.582         126.246         425.704 
       0.724148          401.86          121.56         419.817 
       0.736433         392.559         117.088         412.209 
       0.748747         387.712         112.835         404.854 
       0.761037         380.716         108.804          399.76 
       0.773197         375.789         105.011         393.445 
       0.785376         370.502         101.394         387.634 
       0.797761          359.94         97.8924         381.628 
       0.810096         357.024         94.5696         376.861 
       0.822371         346.363         91.4173         370.694 
       0.834626         343.876         88.4145         366.163 
       0.846916         337.561         85.5394         360.485 
       0.859215         335.475         82.7912         355.294 
       0.871383          327.43         80.1917         350.516 
        0.88363          324.94          77.689         346.944 
       0.895928         319.342         75.2841         341.484 
       0.908253         311.415          72.977         335.971 
       0.920535         307.152         70.7748         332.057 
       0.932774         301.331         68.6716         327.182 
        0.94508         297.206         66.6437         323.822 
       0.957324          295.33         64.7079         319.447 
        0.96953         291.321         62.8554         315.518 
       0.981769         283.868          61.071         312.108 
       0.994071         282.949         59.3478         308.253 
         1.0064         277.275         57.6884         303.759 
        1.01868         274.295         56.0976         299.881 
        1.03092         266.367         54.5741         297.203 
         1.0432         263.531          53.102         293.604 
        1.05553         260.499         51.6787          289.62 
        1.06777         258.301         50.3182          286.47 
           1.08         252.323         49.0082         283.233 
        1.09227         250.836         47.7408         279.838 
         1.1046         246.545         46.5136         277.126 
         1.1169         241.002          45.332         273.398 
        1.12915         237.984         44.1974         270.797 
        1.14142         233.619         43.0994          267.48 
        1.15365         230.934         42.0421         264.659 
        1.16585         226.959         41.0233         261.574 
        1.17807         224.699         40.0371         259.023 
        1.19037         221.709         39.0769         256.753 
        1.20276         218.695         38.1418         253.405 
        1.21504         214.086         37.2449         250.605 
        1.22728         210.876         36.3806           247.6 
        1.23954         209.917         35.5417         245.488 
        1.25184         205.458         34.7278         242.827 
        1.26414         201.522         33.9391          240.47 
        1.27632          200.52         33.1821         238.412 
         1.2886         199.062         32.4429         235.578 
        1.30093         193.842         31.7236         232.727 
        1.31316         190.115         31.0315         230.282 
        1.32541          189.05         30.3599         228.111 
        1.33772         186.482         29.7046         225.893 
        1.35005         183.985         29.0682         223.355 
        1.36225         180.685          28.457         221.275 
        1.37447         178.157         27.8622         218.559 
        1.38676         176.323         27.2818         216.941 
        1.39907         173.691         26.7169         214.406 
        1.41133         170.691         26.1706          212.27 
        1.42358         168.733           25.64         210.269 
        1.43591         166.784         25.1206         208.249 
        1.44818         163.792         24.6185         206.178 
        1.46037         162.216          24.133         203.984 
        1.47263         159.461         23.6581         202.226 
        1.48494         157.637         23.1941         199.745 
        1.49724         155.368         22.7429         198.369 
        1.50952         152.517         22.3047         196.255 
        1.52178         151.599         21.8787         194.134 
        1.53409         148.519         21.4621         192.483 
        1.54637         146.673         21.0573         190.894 
        1.55858         144.694         20.6652         188.813 
        1.57081          142.43         20.2826         187.121 
        1.58313         140.558         19.9073         185.212 
        1.59544         138.089         19.5417         183.562 
        1.60767          137.04         19.1876         181.907 
        1.61994         134.618         18.8411          180.24 
        1.63225         132.826         18.5025          178.33 
        1.64452         130.589         18.1731         176.737 
        1.65676         128.813         17.8528         175.216 
          1.669         127.687           17.54         173.615 
        1.68133          125.15         17.2327         172.031 
        1.69363         123.162         16.9336         170.518 
        1.70585         121.195         16.6436             169 
        1.71809         119.749         16.3598         167.175 
        1.73038         118.735         16.0818         165.833 
        1.74268         117.582           15.81         164.226 
        1.75493         114.503         15.5458         162.856 
        1.76714         114.042         15.2882         161.487 
        1.77942         111.926         15.0353         159.885 
        1.79173         110.194         14.7874         158.513 
        1.80402         109.201         14.5456         157.106 
         1.8163         106.941         14.3093         155.775 
         1.8286         105.666         14.0779         154.307 
         1.8409         104.867         13.8519         152.871 
        1.85315         102.677         13.6315         151.632 
        1.86537          101.87         13.4164         150.375 
        1.87765         100.643         13.2051         149.091 
        1.88995         98.8705         12.9979         147.707 
        1.90221         97.6445         12.7958         146.519 
        1.91445         96.4145         12.5984         145.112 
        1.92674         94.9118         12.4045         143.874 
        1.93902         93.6492         12.2146         142.582 
        1.95124         92.5563         12.0298         141.382 
         1.9635         91.0341         11.8482         140.135 
        1.97583         89.6901         11.6693         138.968 
        1.98812         88.5643         11.4948         137.906 
        2.00039          87.545         11.3242          136.62 
        2.01264         86.4593         11.1572         135.498 
        2.02492         85.5572         10.9933         134.279 
        2.03717         84.0857          10.833         133.199 
        2.04942         83.4063         10.6761          132.12 
        2.06171         81.6173         10.5218          130.97 
        2.07397         80.8139         10.3709         129.936 
        2.08629         79.7998         10.2223         128.806 
        2.09857         78.7026          10.077         127.768 
        2.11081         77.3793         9.93507         126.589 
        2.12309         76.3392         9.79556         125.671 
        2.13538         75.3654         9.65853         124.563 
        2.14763         74.4236         9.52458         123.569 
        2.15986         73.3744         9.39349         122.478 
        2.17214         72.5713         9.26433         121.499 
        2.18443         71.6156         9.13748         120.671 
        2.19671         70.5452         9.01316         119.632 
        2.20898         69.8492          8.8913         118.572 
        2.22126         68.8208         8.77156          117.67 
        2.23354         68.0651         8.65407         116.734 
         2.2458         66.7995         8.53893         115.795 
        2.25807         66.0903         8.42579         114.844 
        2.27035         65.1781         8.31461         113.906 
        2.28263         64.3364         8.20548         113.026 
         2.2949         63.3576         8.09837         112.138 
        2.30718         62.4395         7.99314         111.256 
        2.31946         62.0198         7.88972         110.302 
        2.33169         60.9167         7.78859         109.467 
        2.34393         60.4653         7.68907         108.676 
        2.35622          59.322         7.59097         107.789 
        2.36847         58.9056         7.49486         107.053 
        2.38076         57.9134         7.40013         106.079 
        2.39305          57.305         7.30706         105.364 
        2.40534         56.5479         7.21558         104.493 
        2.41762         55.8908         7.12569         103.643 
        2.42989         55.0356         7.03746         102.908 
        2.44216         54.4887         6.95074          102.05 
         2.4544         53.6522         6.86567           101.3 
        2.46667         53.0615         6.78184         100.519 
        2.47897         52.4797          6.6992         99.7124 
        2.49124         51.9334         6.61817         98.9925 
        2.50349         51.4169          6.5386          98.234 
        2.51578         50.6214          6.4601         97.5837 
        2.52805         50.0507         6.38302         96.7608 
        2.54029         49.5506          6.3074         96.0026 
        2.55257         48.9036         6.23277         95.3459 
        2.56487         48.6226         6.15921         94.6619 
        2.57716         47.8634         6.08694         93.9463 
        2.58942         47.2101         6.01599         93.2449 
        2.60167         46.6797         5.94624         92.5648 
        2.61395         46.2056          5.8775         91.8812 
        2.62624         45.5764         5.80974         91.1479 
        2.63849         45.0772         5.74327         90.4995 
        2.65073          44.648         5.67791         89.8412 
        2.66302         44.1174         5.61333         89.1588 
         2.6753         43.6902          5.5498         88.5443 
        2.68756         43.2424         5.48738         87.8735 
        2.69983         42.6832         5.42587         87.2685 
        2.71213         42.2812         5.36518         86.6419 
        2.72441         41.8465         5.30553         86.0054 
        2.73665         41.3331         5.24693         85.4102 
         2.7489         40.9176         5.18925         84.8063 
        2.76118         40.5425         5.13225         84.1875 
        2.77349         40.0888         5.07598         83.5928 
        2.78576         39.7207         5.02077         82.9675 
        2.79802         39.3833         4.96641         82.4576 
        2.81031         38.8414         4.91274         81.8522 
        2.82259         38.6593         4.85987         81.2443 
        2.83483         38.1547         4.80799         80.7236 
         2.8471         37.8482         4.75676         80.1374 
         2.8594         37.4942         4.70612         79.5581 
         2.8717         37.3162         4.65623          79.041 
        2.88396          36.886         4.60726         78.4831 
        2.89619         36.6739         4.55908         77.8932 
        2.90847         36.2715          4.5114         77.3344 
        2.92072         36.0626         4.46449          76.853 
        2.93299         35.9069         4.41822          76.344 
        2.94526         35.4942         4.37256         75.8111 
        2.95753         35.2725         4.32757         75.2762 
        2.96982         34.9586         4.28313         74.7727 
        2.98209         34.7485         4.23941         74.2797 
        2.99436         34.4729         4.19625         73.7401 
        3.00666          34.435         4.15363         73.2473 
        3.01894         34.0621         4.11168         72.7528 
        3.03119         34.0288         4.07037         72.2843 
        3.04345           33.86         4.02963         71.8161 
        3.05573          33.522         3.98936         71.3277 
          3.068         33.4548         3.94968         70.8526 
        3.08026         33.2791         3.91059         70.3751 
        3.09254         33.2108         3.87195         69.9177 
        3.10483         33.1713         3.83382         69.4626 
         3.1171         32.9957         3.79627         68.9984 
        3.12933         32.8613         3.75931          68.537 
        3.14159         32.7369         3.72277         68.0715 
