# k  (h/Mpc)    Pcb(k)  (Mpc/h)^3    Pcb_linear(k) (Mpc/h)^3    Pcb_NL(k) (Mpc/h)^3   ShotnoiseSubtracted = false
      0.0156606         9737.08         9761.88         9703.63 
      0.0273761         8406.52         8442.81         8394.83 
      0.0384619         6381.27         6361.61         6326.87 
      0.0498308         4966.07         5004.22         4972.01 
      0.0625568         4191.45         4253.18         4222.22 
      0.0751274         3686.16         3613.64         3567.76 
      0.0867833         2885.69         2909.43         2898.05 
      0.0984825         2386.62         2302.47         2321.36 
       0.111151         2016.83         1922.54         1942.55 
       0.123864         1811.13         1732.61         1749.42 
       0.135742         1636.68         1558.05         1575.35 
        0.14762         1404.64         1332.22         1375.44 
       0.160083         1170.41         1110.48         1160.67 
       0.172465          1041.6         969.243         1031.67 
       0.184281         960.191         893.528          958.67 
       0.196406         881.488         825.172         878.804 
       0.209011         808.811         734.193         792.013 
       0.221538         728.143         641.617         722.155 
       0.233611         673.923         574.081         664.465 
       0.245665         625.759         529.855         611.212 
       0.258103         585.497          493.25         574.129 
       0.270422         536.722         453.239         533.746 
       0.282519         492.633         411.341         495.853 
       0.294636         486.698         374.777         463.664 
       0.306978         432.299         346.732         439.115 
       0.319417         415.523         324.174          412.78 
        0.33169         390.145         302.582         388.101 
       0.343948         372.035          280.36         370.577 
       0.356249         347.509         259.519         353.373 
       0.368458          336.46         242.064         332.705 
        0.38068         320.952         227.466          317.05 
       0.392856         300.334          214.14         303.567 
       0.405069         288.136         201.111         291.976 
       0.417459          275.01         188.494          276.48 
       0.429752         265.188         177.169         265.745 
       0.441978         256.164         167.229          257.11 
       0.454294          239.37         158.202         244.797 
        0.46658         238.894         149.733         237.292 
       0.478753         226.882         141.743         228.674 
       0.490964         219.622         134.238         220.274 
       0.503334         207.678         127.311         213.449 
       0.515665         204.191         120.994         208.203 
       0.527909         198.069         115.163         200.146 
       0.540159         191.906         109.646         194.344 
        0.55248         187.382         104.411         188.078 
       0.564743         181.988         99.5639          183.57 
        0.57686         175.884          95.109         177.631 
       0.589077         168.521         90.9036         173.618 
       0.601441         165.377         86.9049           169.2 
        0.61382         163.453         83.1346         164.506 
       0.626067         158.099         79.6163         160.411 
       0.638306         151.517         76.3032         156.871 
       0.650632         146.732         73.1642         151.573 
       0.662899         146.839         70.2227         148.539 
       0.675076         141.591          67.466         145.056 
       0.687267         138.033         64.8538         141.795 
       0.699615         134.647         62.3473         138.882 
       0.711937         131.026         59.9778         135.568 
       0.724148         129.258         57.7515         133.643 
       0.736433         125.349         55.6272         130.302 
       0.748747         122.597         53.6067         127.548 
       0.761037         120.463         51.6913          124.67 
       0.773197         117.832         49.8894          123.28 
       0.785376         115.878         48.1713         120.268 
       0.797761         114.095         46.5076         118.623 
       0.810096         110.508          44.929         116.078 
       0.822371         107.842         43.4314         114.032 
       0.834626         105.854         42.0048         112.067 
       0.846916         104.757         40.6389         110.251 
       0.859215         102.888         39.3333         108.199 
       0.871383         101.262         38.0983         106.385 
        0.88363         98.7797         36.9093         105.011 
       0.895928         96.9293         35.7667         103.419 
       0.908253         94.4044         34.6706         101.532 
       0.920535          93.947         33.6244         100.155 
       0.932774         91.6556         32.6252         98.3726 
        0.94508         90.6926         31.6618         96.8785 
       0.957324           88.91         30.7421         95.6114 
        0.96953         88.9173          29.862          93.971 
       0.981769         85.9644         29.0143         93.0103 
       0.994071         85.1274         28.1956         91.6404 
         1.0064         83.2112         27.4072         90.3056 
        1.01868         82.4223         26.6515         89.1732 
        1.03092         80.8232         25.9277         87.9639 
         1.0432         79.4612         25.2283          86.717 
        1.05553         77.3906         24.5521         85.9483 
        1.06777         77.2405         23.9057         84.8116 
           1.08         75.6654         23.2834         83.6683 
        1.09227          74.497         22.6812          82.477 
         1.1046         73.2794         22.0982         81.4894 
         1.1169         72.4358         21.5368         80.3208 
        1.12915         71.4941         20.9978         79.5127 
        1.14142          70.114         20.4762         78.5386 
        1.15365         68.8061         19.9739         77.6398 
        1.16585         67.9413         19.4898         76.6425 
        1.17807         66.9028         19.0213          75.821 
        1.19037         66.8038         18.5651         75.0685 
        1.20276         65.4047         18.1209          74.197 
        1.21504         64.9247         17.6948          73.301 
        1.22728         63.5145         17.2841         72.5619 
        1.23954         62.8751         16.8856         71.6359 
        1.25184         61.8044         16.4989         71.0178 
        1.26414          60.809         16.1242         70.1909 
        1.27632         60.2683         15.7646         69.5651 
         1.2886          59.541         15.4134         68.6994 
        1.30093         58.7353         15.0717         67.8508 
        1.31316         57.8883         14.7428         67.4026 
        1.32541         57.5083         14.4238         66.6434 
        1.33772         56.5109         14.1124         65.9483 
        1.35005         55.9622         13.8101         65.3286 
        1.36225         54.9991         13.5197         64.6593 
        1.37447         53.7311         13.2371         63.9853 
        1.38676         53.8769         12.9614         63.3468 
        1.39907         52.9907          12.693         62.8526 
        1.41133         51.9619         12.4335         62.3292 
        1.42358         51.3516         12.1814         61.5714 
        1.43591         50.9684         11.9346         61.0814 
        1.44818         50.2645         11.6961         60.3646 
        1.46037         49.6788         11.4654         59.9325 
        1.47263         49.1312         11.2398         59.4464 
        1.48494         48.2812         11.0193         58.8133 
        1.49724         47.8011          10.805         58.2699 
        1.50952          47.448         10.5968         57.7294 
        1.52178         46.7358         10.3944         57.2768 
        1.53409         46.3137         10.1965         56.7707 
        1.54637         45.4193         10.0042          56.223 
        1.55858         44.6598         9.81789         55.6816 
        1.57081          44.536         9.63611          55.311 
        1.58313         43.9747          9.4578         54.8488 
        1.59544         43.2686         9.28411         54.3115 
        1.60767         42.7323          9.1159         53.8442 
        1.61994         42.1217         8.95128         53.4112 
        1.63225         41.8231         8.79039         52.9174 
        1.64452         41.3608         8.63391         52.5241 
        1.65676          40.763         8.48173         52.0383 
          1.669         40.4436         8.33312         51.6862 
        1.68133         40.0754         8.18712         51.1833 
        1.69363         39.3874         8.04506         50.7941 
        1.70585         39.1477         7.90727         50.4494 
        1.71809         38.4242         7.77245         49.9364 
        1.73038         38.2129         7.64034         49.6236 
        1.74268         37.5764         7.51122         49.1315 
        1.75493         37.2204         7.38569         48.7714 
        1.76714          36.773         7.26334         48.4027 
        1.77942         36.4982         7.14315         48.0242 
        1.79173         35.9932         7.02538         47.6098 
        1.80402         35.5862         6.91051         47.3332 
         1.8163          35.239         6.79827         46.8271 
         1.8286         34.7368         6.68833          46.556 
         1.8409         34.3692         6.58093         46.1281 
        1.85315         34.0151         6.47624         45.8601 
        1.86537         33.5778         6.37404         45.5096 
        1.87765         33.3593         6.27366         45.1281 
        1.88995         32.8354         6.17521         44.7154 
        1.90221         32.5845         6.07922         44.3918 
        1.91445         32.0478         5.98543          44.107 
        1.92674         31.7864         5.89329         43.7347 
        1.93902          31.445         5.80309          43.427 
        1.95124         30.9488         5.71526         43.1506 
         1.9635          30.667         5.62902         42.7944 
        1.97583         30.3564         5.54402         42.5243 
        1.98812         29.9973          5.4611         42.1839 
        2.00039         29.6402         5.38004         41.8652 
        2.01264         29.2765         5.30071         41.5987 
        2.02492          29.033         5.22286         41.2755 
        2.03717         28.6555          5.1467         40.9624 
        2.04942         28.3762         5.07216         40.6497 
        2.06171         28.0778         4.99885         40.3756 
        2.07397         27.8022         4.92714         40.0705 
        2.08629         27.4706         4.85655         39.7806 
        2.09857         27.1758          4.7875          39.514 
        2.11081         26.8502         4.72009         39.2198 
        2.12309         26.6409         4.65381         38.9305 
        2.13538         26.1693         4.58871          38.703 
        2.14763         26.0501         4.52507         38.4042 
        2.15986         25.7407         4.46279         38.1121 
        2.17214         25.4563         4.40143         37.8827 
        2.18443         25.1722         4.34116         37.5674 
        2.19671         24.8493         4.28209         37.3214 
        2.20898         24.5992          4.2242         37.0427 
        2.22126         24.4951         4.16731         36.7859 
        2.23354         24.1726         4.11149         36.5766 
         2.2458         23.9321         4.05679         36.3095 
        2.25807          23.585         4.00304         36.0335 
        2.27035         23.3386         3.95022         35.8123 
        2.28263         23.1585         3.89837         35.5751 
         2.2949         22.9143         3.84748         35.3298 
        2.30718         22.7117         3.79749         35.0637 
        2.31946         22.5212         3.74836         34.8313 
        2.33169         22.2371         3.70031          34.598 
        2.34393         21.9905         3.65303         34.3621 
        2.35622         21.7879         3.60643         34.1592 
        2.36847         21.5451         3.56076         33.8924 
        2.38076         21.3857         3.51576          33.704 
        2.39305         21.0923         3.47154         33.4867 
        2.40534         20.9307         3.42808         33.2134 
        2.41762         20.6913         3.38537         33.0433 
        2.42989         20.5954         3.34345         32.7767 
        2.44216         20.2692         3.30225          32.591 
         2.4544         20.1821         3.26184         32.3675 
        2.46667         19.9564         3.22201          32.159 
        2.47897         19.7077         3.18275         31.9372 
        2.49124         19.6073         3.14425         31.7325 
        2.50349         19.3403         3.10645         31.5248 
        2.51578         19.1859         3.06915         31.3331 
        2.52805         18.9925         3.03254         31.1194 
        2.54029          18.839         2.99661         30.9155 
        2.55257         18.7097         2.96115         30.7072 
        2.56487          18.454          2.9262          30.522 
        2.57716         18.3715         2.89187         30.3028 
        2.58942         18.2019         2.85816         30.1365 
        2.60167         17.9879         2.82502         29.9362 
        2.61395         17.8433         2.79236         29.7408 
        2.62624         17.7656         2.76017         29.5457 
        2.63849         17.5562         2.72859         29.3773 
        2.65073         17.3601         2.69754         29.1756 
        2.66302         17.2149         2.66686         29.0049 
         2.6753         17.1431         2.63667         28.8182 
        2.68756         17.0178         2.60702         28.6547 
        2.69983         16.8328          2.5778         28.4425 
        2.71213         16.6607         2.54897         28.2637 
        2.72441         16.5431         2.52063         28.0836 
        2.73665         16.4353         2.49279         27.9074 
         2.7489         16.3041         2.46538         27.7396 
        2.76118         16.2008          2.4383         27.5616 
        2.77349         16.0807         2.41157         27.3989 
        2.78576         15.9428         2.38534         27.2421 
        2.79802         15.8378         2.35951          27.059 
        2.81031         15.7354         2.33401         26.8908 
        2.82259         15.6121          2.3089         26.7407 
        2.83483         15.5493         2.28424         26.5692 
         2.8471         15.4633         2.25991         26.3881 
         2.8594         15.3116         2.23585         26.2231 
         2.8717         15.2549         2.21215          26.069 
        2.88396         15.1448         2.18888         25.9056 
        2.89619         15.0924         2.16599           25.75 
        2.90847         14.9808         2.14334         25.6061 
        2.92072          14.895         2.12105         25.4301 
        2.93299         14.8191         2.09907         25.2972 
        2.94526         14.7668         2.07738         25.1506 
        2.95753         14.7297           2.056         24.9849 
        2.96982         14.6166         2.03489         24.8374 
        2.98209         14.5355         2.01412         24.6941 
        2.99436         14.5141         1.99361         24.5394 
        3.00666         14.4634         1.97336         24.3862 
        3.01894         14.4004         1.95344         24.2509 
        3.03119         14.3611         1.93381         24.1064 
        3.04345         14.3041         1.91445         23.9574 
        3.05573         14.3078         1.89532         23.8175 
          3.068         14.2124         1.87647         23.6764 
        3.08026         14.2037          1.8579         23.5263 
        3.09254          14.118         1.83954         23.3914 
        3.10483         14.1462         1.82143         23.2612 
         3.1171         14.1999         1.80358         23.1261 
        3.12933         14.1389         1.78603         22.9904 
        3.14159         14.0615         1.76867          22.845 
