# k  (h/Mpc)    P(k)  (Mpc/h)^3    P_linear(k)  (Mpc/h)^3     P_NL(k)  ShotnoiseSubtracted = false
      0.0156606         19699.6           19722         19572.7 
      0.0273761         16874.3         17023.4         16852.4 
      0.0384619         12756.4         12813.9         12664.7 
      0.0498308         9855.24         10073.3         9924.09 
      0.0625568         8321.17         8557.65         8424.05 
      0.0751274         7398.25         7268.78         7080.36 
      0.0867833         5736.39          5851.2         5793.76 
      0.0984825         4832.98         4629.91         4683.94 
       0.111151         4126.69         3865.52         3931.05 
       0.123864         3697.83         3483.35         3536.62 
       0.135742         3366.73         3132.24         3185.88 
        0.14762          2925.9          2678.1         2820.62 
       0.160083         2476.89         2232.27         2406.75 
       0.172465          2209.2         1948.29         2170.07 
       0.184281         2007.05         1796.05         2019.48 
       0.196406         1884.86         1658.62         1858.14 
       0.209011         1758.95         1475.72         1682.97 
       0.221538         1585.01         1289.62         1567.73 
       0.233611         1513.28         1153.86         1466.36 
       0.245665         1374.21         1064.96         1353.04 
       0.258103         1352.79         991.376         1276.77 
       0.270422         1207.95         910.952         1198.05 
       0.282519         1136.94         826.733         1131.41 
       0.294636         1119.75         753.241         1070.39 
       0.306978         1018.66         696.871         1024.57 
       0.319417         995.232         651.531         965.623 
        0.33169         936.433         608.131         913.395 
       0.343948         896.828         563.466         884.491 
       0.356249         848.066          521.58         850.885 
       0.368458         817.302         486.495         811.321 
        0.38068         800.462         457.158         779.555 
       0.392856         758.632         430.375          751.44 
       0.405069         721.547         404.185         727.842 
       0.417459         693.706         378.829         699.926 
       0.429752         686.194         356.068         675.328 
       0.441978         662.331         336.089         657.677 
       0.454294         631.638         317.948         630.431 
        0.46658         614.528         300.926         617.003 
       0.478753         601.242         284.867         597.755 
       0.490964         577.911         269.783         579.196 
       0.503334         551.391         255.862         565.669 
       0.515665         549.986         243.167         553.231 
       0.527909         527.847         231.447         540.532 
       0.540159         514.423         220.358         526.275 
        0.55248          504.28         209.837         512.456 
       0.564743          500.03         200.096          503.65 
        0.57686         481.843         191.143         490.006 
       0.589077          470.39         182.691         479.065 
       0.601441         462.088         174.655          469.31 
        0.61382         450.282         167.077         461.105 
       0.626067         444.711         160.006         452.011 
       0.638306         427.784         153.348         443.099 
       0.650632         423.212         147.039         431.775 
       0.662899         419.435         141.128         426.721 
       0.675076         404.359         135.587         420.173 
       0.687267         393.568         130.337         410.146 
       0.699615         390.249           125.3         403.637 
       0.711937         383.681         120.538          396.25 
       0.724148         370.758         116.064         390.625 
       0.736433         362.111         111.794         383.392 
       0.748747         357.408         107.734         376.468 
       0.761037         350.656         103.884         371.545 
       0.773197         346.144         100.263         365.846 
       0.785376         340.916         96.8101         360.283 
       0.797761         331.357         93.4664         354.604 
       0.810096         328.608         90.2939         350.155 
       0.822371          318.02         87.2841         344.395 
       0.834626          315.93         84.4171         340.017 
       0.846916         309.607          81.672         334.801 
       0.859215         308.252         79.0481         330.006 
       0.871383          300.44         76.5661         325.465 
        0.88363         298.288         74.1765         322.129 
       0.895928         292.571         71.8803         317.026 
       0.908253         285.168         69.6775          311.94 
       0.920535         281.745         67.5749          308.13 
       0.932774         275.541         65.5668         303.702 
        0.94508         271.861         63.6306         300.553 
       0.957324         270.307         61.7823         296.425 
        0.96953         266.388         60.0135         292.694 
       0.981769         259.122         58.3099         289.611 
       0.994071         258.129         56.6645         285.991 
         1.0064         252.647         55.0802         281.802 
        1.01868         249.724         53.5613         278.235 
        1.03092         242.674         52.1067         275.686 
         1.0432         239.536         50.7012          272.34 
        1.05553         236.618         49.3422         268.691 
        1.06777         235.055         48.0432         265.831 
           1.08         229.328         46.7924         262.758 
        1.09227         227.398         45.5823         259.646 
         1.1046         223.639         44.4106         257.095 
         1.1169         218.536         43.2824         253.603 
        1.12915         215.683         42.1991         251.261 
        1.14142         211.904         41.1508         248.117 
        1.15365         209.101         40.1413           245.5 
        1.16585         205.551         39.1685         242.548 
        1.17807         203.245         38.2269         240.333 
        1.19037         200.689         37.3102         238.159 
        1.20276         197.834         36.4174         235.076 
        1.21504          193.55          35.561         232.504 
        1.22728         190.367         34.7357         229.614 
        1.23954         189.531         33.9348         227.804 
        1.25184         185.594         33.1577          225.29 
        1.26414         182.089         32.4047         223.059 
        1.27632         181.226         31.6819          221.26 
         1.2886         179.668         30.9761         218.544 
        1.30093         174.637         30.2894         215.978 
        1.31316         171.469         29.6285          213.62 
        1.32541         170.272         28.9873         211.741 
        1.33772         168.233         28.3616         209.605 
        1.35005         165.651          27.754         207.254 
        1.36225         162.747         27.1704         205.338 
        1.37447          160.47         26.6025         202.828 
        1.38676         158.613         26.0483         201.246 
        1.39907         156.113          25.509         198.975 
        1.41133         153.429         24.9874         197.067 
        1.42358         151.595         24.4808         195.211 
        1.43591         149.762         23.9849         193.249 
        1.44818         147.256         23.5054         191.399 
        1.46037         145.505         23.0419         189.379 
        1.47263         143.288         22.5884         187.818 
        1.48494         141.311         22.1454         185.514 
        1.49724         139.296         21.7147         184.142 
        1.50952         136.731         21.2963         182.259 
        1.52178         135.988         20.8895          180.27 
        1.53409         133.049         20.4918         178.771 
        1.54637         131.443         20.1052         177.286 
        1.55858         129.343         19.7309         175.355 
        1.57081         127.381         19.3655         173.834 
        1.58313         125.674         19.0072         172.061 
        1.59544         123.546         18.6581         170.545 
        1.60767         122.558         18.3201         168.976 
        1.61994         120.268         17.9893         167.526 
        1.63225         118.737         17.6659          165.69 
        1.64452          116.58         17.3515         164.206 
        1.65676          114.92         17.0456         162.813 
          1.669         114.023         16.7469         161.386 
        1.68133         111.592         16.4535          159.91 
        1.69363         109.979          16.168         158.481 
        1.70585         108.067         15.8911         157.081 
        1.71809         106.762         15.6202         155.408 
        1.73038         105.953         15.3547         154.167 
        1.74268         104.787         15.0952         152.691 
        1.75493         102.119         14.8429         151.392 
        1.76714         101.439          14.597         150.146 
        1.77942         99.6686         14.3555         148.629 
        1.79173         98.1703         14.1188         147.412 
        1.80402         97.3226         13.8879         146.111 
         1.8163         95.2415         13.6624         144.818 
         1.8286         94.0122         13.4414         143.495 
         1.8409         93.3489         13.2256         142.172 
        1.85315         91.4876         13.0152         141.032 
        1.86537         90.5912         12.8098         139.862 
        1.87765         89.5844         12.6081         138.661 
        1.88995          88.013         12.4102         137.417 
        1.90221         86.8076         12.2173         136.282 
        1.91445         85.7372         12.0288         134.991 
        1.92674         84.2971         11.8437         133.858 
        1.93902         83.1728         11.6624         132.659 
        1.95124         82.2202         11.4859         131.554 
         1.9635          80.863         11.3126         130.374 
        1.97583         79.6313         11.1417         129.335 
        1.98812         78.6281         10.9751         128.302 
        2.00039         77.6855         10.8122         127.139 
        2.01264         76.7157         10.6527          126.09 
        2.02492         75.8701         10.4963         124.979 
        2.03717         74.5482         10.3432         123.944 
        2.04942         74.0503         10.1934         122.986 
        2.06171         72.3566         10.0461         121.917 
        2.07397         71.5938           9.902         120.945 
        2.08629          70.741         9.76013         119.894 
        2.09857         69.6874         9.62137         118.932 
        2.11081         68.5146         9.48588         117.832 
        2.12309         67.5806         9.35268         117.006 
        2.13538         66.7504         9.22185         115.978 
        2.14763         65.8969         9.09396         115.054 
        2.15986         64.8544         8.96879          114.05 
        2.17214         64.2008         8.84547         113.121 
        2.18443         63.3767         8.72436         112.363 
        2.19671         62.2438         8.60565           111.4 
        2.20898           61.75          8.4893         110.432 
        2.22126         60.8274         8.37498         109.565 
        2.23354         60.1367          8.2628         108.711 
         2.2458          59.076         8.15287         107.853 
        2.25807         58.3492         8.04485         106.956 
        2.27035         57.5992         7.93869         106.082 
        2.28263          56.823          7.8345         105.254 
         2.2949         56.0612         7.73223         104.431 
        2.30718         55.1452         7.63175         103.629 
        2.31946         54.7986         7.53302         102.751 
        2.33169         53.7904         7.43645         101.969 
        2.34393         53.3122         7.34143          101.22 
        2.35622         52.3862         7.24777         100.411 
        2.36847         51.9983         7.15601          99.726 
        2.38076         51.0955         7.06556         98.8173 
        2.39305         50.5185         6.97669         98.1488 
        2.40534         49.9053         6.88935         97.3403 
        2.41762         49.3277         6.80352         96.5459 
        2.42989         48.5842         6.71928         95.8727 
        2.44216          48.074         6.63648         95.0813 
         2.4544         47.3635         6.55526          94.374 
        2.46667         46.8271         6.47522         93.6377 
        2.47897         46.3114         6.39632          92.903 
        2.49124         45.7613         6.31895         92.2403 
        2.50349          45.413         6.24298         91.5204 
        2.51578         44.6278         6.16802         90.9212 
        2.52805          44.127         6.09444         90.1602 
        2.54029         43.6924         6.02223         89.4414 
        2.55257         43.0919         5.95098         88.8312 
        2.56487         42.7769         5.88074         88.2085 
        2.57716         42.1052         5.81174         87.5476 
        2.58942         41.5309           5.744         86.8801 
        2.60167         41.1536          5.6774         86.2505 
        2.61395         40.5998         5.61176         85.6216 
        2.62624         40.2062         5.54707         84.9331 
        2.63849         39.6988         5.48361         84.3326 
        2.65073         39.3521          5.4212         83.7135 
        2.66302         38.8482         5.35954         83.0835 
         2.6753         38.4395         5.29888         82.5076 
        2.68756          38.028         5.23928         81.8862 
        2.69983         37.5735         5.18056         81.3308 
        2.71213         37.2145         5.12261         80.7502 
        2.72441         36.8372         5.06566         80.1552 
        2.73665         36.3262         5.00971         79.5908 
         2.7489         36.0527         4.95463         79.0273 
        2.76118         35.6565         4.90021          78.464 
        2.77349         35.2783         4.84649         77.9048 
        2.78576         34.9809         4.79378          77.317 
        2.79802         34.6364         4.74187         76.8494 
        2.81031         34.1979         4.69062         76.2835 
        2.82259         34.0877         4.64015         75.7178 
        2.83483         33.6164         4.59061         75.2329 
         2.8471         33.3179          4.5417         74.6919 
         2.8594         33.0307         4.49335         74.1485 
         2.8717         32.8795         4.44572         73.6601 
        2.88396         32.4724         4.39896         73.1398 
        2.89619         32.3243         4.35295          72.594 
        2.90847         31.9333         4.30743         72.0814 
        2.92072         31.7618         4.26264         71.6266 
        2.93299         31.5933         4.21846         71.1459 
        2.94526         31.2442         4.17487         70.6564 
        2.95753         31.0448         4.13191         70.1616 
        2.96982          30.817         4.08948         69.6881 
        2.98209         30.5822         4.04773         69.2295 
        2.99436         30.3537         4.00653         68.7252 
        3.00666         30.3226         3.96584         68.2708 
        3.01894         29.9981         3.92579         67.8032 
        3.03119         29.9552         3.88634         67.3658 
        3.04345          29.831         3.84744         66.9362 
        3.05573         29.4858         3.80899         66.4833 
          3.068         29.4893         3.77111         66.0382 
        3.08026         29.3123         3.73378         65.5936 
        3.09254         29.2472         3.69689          65.167 
        3.10483          29.211         3.66049         64.7438 
         3.1171         29.0148         3.62463          64.313 
        3.12933         28.9351         3.58935          63.881 
        3.14159         28.8183         3.55446         63.4448 
