# k  (h/Mpc)    P(k)  (Mpc/h)^3    P_linear(k)  (Mpc/h)^3     P_NL(k)  ShotnoiseSubtracted = false
      0.0156606         4085.01         4178.14         4156.61 
      0.0273761         3538.63         3609.59         3597.39 
      0.0384619          2687.1         2718.42         2712.63 
      0.0498308         2101.76         2137.77         2133.58 
      0.0625568         1772.89          1816.6         1811.41 
      0.0751274         1540.85         1543.27         1534.59 
      0.0867833         1217.79         1242.44         1241.01 
      0.0984825         991.982         983.199         988.232 
       0.111151         832.436         820.931         825.928 
       0.123864         747.841         739.809         743.849 
       0.135742         672.763         665.263         669.367 
        0.14762         572.471         568.827         578.472 
       0.160083         475.237         474.145         485.086 
       0.172465           420.1         413.835         427.104 
       0.184281         389.364         381.505         395.602 
       0.196406         355.098         352.317          363.34 
       0.209011         321.391         313.471         325.817 
       0.221538         286.639         273.943           291.2 
       0.233611         259.652         245.107         264.336 
       0.245665         243.933         226.224         243.365 
       0.258103         220.731         210.595         227.671 
       0.270422         206.791         193.512         210.217 
       0.282519         187.842         175.622         193.322 
       0.294636         181.114         160.011         178.686 
       0.306978         159.852         148.037          167.39 
       0.319417         152.823         138.406         157.071 
        0.33169         142.262         129.187         147.224 
       0.343948         135.515         119.699         138.264 
       0.356249         124.892         110.801         130.753 
       0.368458         119.664         103.348         122.064 
        0.38068         112.685         97.1165         115.639 
       0.392856         105.123         91.4268         110.072 
       0.405069           99.73         85.8634         104.237 
       0.417459         94.1031         80.4772         98.6662 
       0.429752         90.2976         75.6419         93.9369 
       0.441978         86.2262         71.3978         90.2356 
       0.454294          80.199         67.5439         85.4611 
        0.46658         79.9995         63.9279         81.8851 
       0.478753         74.4571         60.5166         78.5146 
       0.490964         72.1002         57.3122         75.3622 
       0.503334         69.0871         54.3549         72.1449 
       0.515665         66.1207          51.658         69.9456 
       0.527909         63.4373         49.1682         66.3445 
       0.540159         61.0742         46.8126         64.0767 
        0.55248         57.4934         44.5776         61.5519 
       0.564743         56.5257         42.5082         59.6099 
        0.57686         54.7484         40.6062         57.4966 
       0.589077         51.7904         38.8107         55.7711 
       0.601441         50.2462         37.1035         53.9179 
        0.61382         48.6753         35.4938         51.9292 
       0.626067         46.6748         33.9917         50.4796 
       0.638306         45.2604         32.5772         48.7815 
       0.650632         43.8574          31.237         47.1611 
       0.662899         42.5504         29.9811         45.7049 
       0.675076         40.7198         28.8041         44.3847 
       0.687267         40.2078         27.6889         43.0788 
       0.699615         38.7639         26.6187         42.0536 
       0.711937         37.0461         25.6071         40.6273 
       0.724148         36.8751         24.6566         39.8152 
       0.736433         34.7947         23.7496         38.6178 
       0.748747         34.3304          22.887         37.5986 
       0.761037          33.386         22.0692          36.706 
       0.773197         32.5076         21.2999          35.891 
       0.785376         31.2813         20.5664         34.9636 
       0.797761         30.8062         19.8561         34.1859 
       0.810096         30.0932         19.1821         33.3411 
       0.822371         29.3238         18.5427         32.4736 
       0.834626         28.4599         17.9336         31.8876 
       0.846916         27.7092         17.3505         31.1119 
       0.859215         26.7863          16.793         30.4199 
       0.871383          26.392         16.2658         29.8425 
        0.88363         25.7224         15.7581         29.2476 
       0.895928         25.1647         15.2703         28.5311 
       0.908253         24.6292         14.8024         28.0531 
       0.920535         24.0593         14.3557         27.4432 
       0.932774         23.6669         13.9291         26.8691 
        0.94508         23.0606         13.5177         26.3314 
       0.957324         22.6149         13.1251         25.8612 
        0.96953         21.9892         12.7493         25.3334 
       0.981769         21.7134         12.3874          24.928 
       0.994071         21.1399         12.0379         24.4334 
         1.0064         20.6314         11.7013         24.0141 
        1.01868         20.2156         11.3786         23.6136 
        1.03092         20.0379         11.0696         23.1666 
         1.0432          19.403          10.771         22.7194 
        1.05553         19.0767         10.4823         22.4677 
        1.06777         18.5409         10.2064         21.9753 
           1.08         18.1918         9.94064         21.6355 
        1.09227         17.8953         9.68357         21.3361 
         1.1046         17.6321         9.43466         20.9334 
         1.1169         17.2451         9.19498         20.6026 
        1.12915         17.1175         8.96485          20.317 
        1.14142         16.5201         8.74214         19.9749 
        1.15365         16.4027         8.52769          19.677 
        1.16585         16.2001         8.32103         19.4177 
        1.17807         15.7467         8.12099          19.052 
        1.19037         15.5782         7.92624          18.857 
        1.20276         15.3005         7.73657         18.5478 
        1.21504         15.0473         7.55464         18.3199 
        1.22728         14.6995         7.37932         18.0342 
        1.23954         14.5048         7.20917         17.7811 
        1.25184         14.2389         7.04409         17.5506 
        1.26414         14.0461         6.88411         17.2821 
        1.27632         13.7797         6.73055         17.0496 
         1.2886          13.633         6.58061         16.8433 
        1.30093         13.3223         6.43473         16.6724 
        1.31316         13.1501         6.29433         16.4069 
        1.32541         12.9649         6.15812         16.2465 
        1.33772         12.7224         6.02519         16.0156 
        1.35005         12.5725         5.89611         15.8352 
        1.36225          12.369         5.77213         15.6177 
        1.37447          12.144         5.65149         15.4289 
        1.38676          11.974         5.53375         15.2598 
        1.39907         11.7745         5.41918         15.0696 
        1.41133          11.612         5.30836         14.8958 
        1.42358         11.4275         5.20075         14.7045 
        1.43591          11.283         5.09539         14.5731 
        1.44818         11.0811         4.99353         14.4067 
        1.46037         10.9969         4.89507         14.2139 
        1.47263         10.7933         4.79873         14.0923 
        1.48494          10.708         4.70461          13.894 
        1.49724         10.5046          4.6131         13.7773 
        1.50952         10.4261         4.52422          13.633 
        1.52178         10.2433         4.43781         13.4673 
        1.53409         10.0532         4.35331         13.3258 
        1.54637         10.0067          4.2712         13.1586 
        1.55858         9.87994         4.19167         13.0434 
        1.57081         9.66018         4.11405         12.9242 
        1.58313         9.60139         4.03793         12.7901 
        1.59544         9.41865         3.96377         12.6703 
        1.60767         9.32428         3.89196         12.5285 
        1.61994          9.1753         3.82167         12.4197 
        1.63225         9.09267         3.75298         12.3045 
        1.64452         8.96797         3.68618         12.1899 
        1.65676         8.84385         3.62121         12.0618 
          1.669         8.77782         3.55775         11.9396 
        1.68133         8.59595         3.49542         11.8247 
        1.69363         8.50237         3.43477         11.7125 
        1.70585         8.39758         3.37594         11.6205 
        1.71809         8.30529         3.31838         11.5111 
        1.73038         8.23007         3.26198         11.4163 
        1.74268         8.12309         3.20685         11.3071 
        1.75493          7.9919         3.15326         11.1883 
        1.76714         7.98238         3.10102         11.1078 
        1.77942         7.86439         3.04971         10.9916 
        1.79173         7.73173         2.99943         10.9058 
        1.80402         7.68708         2.95038         10.8139 
         1.8163         7.58737         2.90246         10.7276 
         1.8286         7.46771         2.85553         10.6365 
         1.8409          7.3968         2.80967         10.5519 
        1.85315         7.30931         2.76498         10.4514 
        1.86537          7.2534         2.72134         10.3704 
        1.87765         7.17355         2.67849         10.2844 
        1.88995         7.04263         2.63646          10.206 
        1.90221         7.01412         2.59547         10.1061 
        1.91445         6.91792         2.55543         10.0476 
        1.92674         6.84739         2.51609          9.9514 
        1.93902         6.79507         2.47758          9.8857 
        1.95124         6.70273         2.44008         9.79298 
         1.9635         6.64288         2.40327         9.72729 
        1.97583          6.5872         2.36698         9.64031 
        1.98812         6.51502         2.33157         9.55446 
        2.00039         6.43843         2.29696          9.5041 
        2.01264         6.38274         2.26309         9.43153 
        2.02492         6.32389         2.22986         9.35099 
        2.03717         6.24408         2.19734         9.28308 
        2.04942         6.15976         2.16552          9.2201 
        2.06171         6.13616         2.13422         9.15228 
        2.07397         6.06324          2.1036         9.08546 
        2.08629         6.00038         2.07346         9.02283 
        2.09857         5.93877         2.04399         8.95252 
        2.11081         5.89725          2.0152         8.90053 
        2.12309         5.82316         1.98691         8.81717 
        2.13538         5.77371         1.95911         8.76673 
        2.14763         5.70888         1.93194         8.70445 
        2.15986         5.67391         1.90535         8.64428 
        2.17214         5.62016         1.87915         8.57305 
        2.18443         5.56167         1.85342         8.52186 
        2.19671         5.51314         1.82821         8.46518 
        2.20898         5.44795         1.80349         8.40796 
        2.22126         5.40638          1.7792         8.34614 
        2.23354         5.36439         1.75537         8.28391 
         2.2458          5.3067         1.73202          8.2316 
        2.25807         5.26959         1.70907         8.17726 
        2.27035         5.22086         1.68651         8.12633 
        2.28263         5.18232         1.66438         8.06965 
         2.2949         5.13123         1.64265         8.02225 
        2.30718          5.0873         1.62131         7.98028 
        2.31946          5.0561         1.60033         7.92539 
        2.33169         5.00077         1.57982         7.87026 
        2.34393         4.97794         1.55963         7.81855 
        2.35622         4.93867         1.53973         7.76853 
        2.36847         4.89349         1.52024         7.71919 
        2.38076         4.85744         1.50102         7.67076 
        2.39305         4.80064         1.48215         7.61525 
        2.40534         4.77457         1.46359         7.56757 
        2.41762         4.72337         1.44536         7.53076 
        2.42989         4.70681         1.42746         7.48684 
        2.44216         4.67756         1.40987         7.43743 
         2.4544         4.62347         1.39262         7.38917 
        2.46667         4.61111         1.37561         7.34543 
        2.47897         4.56518         1.35885         7.29657 
        2.49124         4.52142         1.34241         7.25296 
        2.50349         4.50448         1.32627          7.2187 
        2.51578         4.45068         1.31035         7.17493 
        2.52805         4.43226         1.29472         7.13135 
        2.54029          4.3999         1.27938         7.08981 
        2.55257         4.38846         1.26424           7.051 
        2.56487         4.34311         1.24932         7.00166 
        2.57716         4.32068         1.23466          6.9641 
        2.58942         4.28534         1.22027         6.92463 
        2.60167         4.26171         1.20612         6.88254 
        2.61395         4.21493         1.19218         6.84607 
        2.62624         4.22128         1.17843         6.80864 
        2.63849         4.18882         1.16495         6.76711 
        2.65073         4.15594         1.15169         6.72574 
        2.66302         4.14009         1.13859         6.68762 
         2.6753         4.10814         1.12571         6.65134 
        2.68756         4.08269         1.11305         6.61876 
        2.69983         4.06465         1.10057          6.5762 
        2.71213         4.04126         1.08826         6.53979 
        2.72441          4.0185         1.07616         6.50563 
        2.73665         4.00351         1.06428           6.467 
         2.7489         3.97449         1.05257         6.43508 
        2.76118         3.95001         1.04101         6.40732 
        2.77349         3.94485          1.0296          6.3651 
        2.78576         3.92507          1.0184         6.33107 
        2.79802         3.91157         1.00738         6.29931 
        2.81031         3.88402        0.996488         6.26688 
        2.82259         3.87018        0.985766         6.23336 
        2.83483         3.86611        0.975241         6.19952 
         2.8471         3.84693         0.96485         6.16792 
         2.8594         3.83565        0.954578         6.13703 
         2.8717          3.8107         0.94446         6.10053 
        2.88396         3.80762        0.934526         6.06911 
        2.89619         3.77547        0.924753         6.04155 
        2.90847         3.77347        0.915083         6.00526 
        2.92072          3.7756        0.905567         5.97504 
        2.93299          3.7686        0.896182         5.94647 
        2.94526         3.76156        0.886921          5.9143 
        2.95753         3.74347        0.877795         5.88355 
        2.96982         3.72207        0.868781         5.85504 
        2.98209         3.72611        0.859912         5.82368 
        2.99436         3.71901        0.851159         5.79431 
        3.00666         3.72674        0.842513          5.7672 
        3.01894         3.71686        0.834005         5.73302 
        3.03119          3.7173        0.825626         5.70621 
        3.04345         3.70668        0.817361         5.67984 
        3.05573         3.71003        0.809193         5.64898 
          3.068         3.69754        0.801145          5.6241 
        3.08026          3.7134        0.793215         5.59735 
        3.09254         3.71467        0.785378         5.56821 
        3.10483         3.71752        0.777645         5.54262 
         3.1171         3.72327        0.770027         5.51711 
        3.12933         3.73413        0.762531         5.48713 
        3.14159          3.7261         0.75512         5.45886 
