# k  (h/Mpc)    P(k)  (Mpc/h)^3    P_linear(k)  (Mpc/h)^3     P_NL(k)  ShotnoiseSubtracted = false
      0.0156606         8650.82         8597.39         8547.39 
      0.0273761         7463.04         7424.35         7385.34 
      0.0384619         5662.06         5590.03         5562.94 
      0.0498308         4408.27         4395.34          4370.7 
      0.0625568         3719.21         3734.58          3710.5 
      0.0751274         3264.66         3172.44         3136.35 
      0.0867833         2559.05         2553.92         2545.36 
      0.0984825         2111.22         2020.96         2036.62 
       0.111151         1781.83         1687.38         1703.77 
       0.123864         1600.28          1520.6         1534.39 
       0.135742         1444.95         1367.36         1381.55 
        0.14762         1238.06         1169.14         1204.17 
       0.160083         1030.45         974.523         1014.97 
       0.172465         916.352         850.559         900.693 
       0.184281         845.841         784.106         836.624 
       0.196406         775.116         724.113         766.954 
       0.209011          709.64         644.269         690.726 
       0.221538         638.214         563.026          627.85 
       0.233611         588.369         503.759         576.447 
       0.245665         547.896         464.948         530.234 
       0.258103         509.185         432.825         497.758 
       0.270422         468.828         397.714         462.209 
       0.282519         429.241         360.946         428.661 
       0.294636         423.078         328.861         400.143 
       0.306978         375.035         304.251         378.352 
       0.319417         360.046         284.456         355.566 
        0.33169         337.567         265.509          334.14 
       0.343948          322.04         246.009          318.24 
       0.356249         300.284         227.721         303.109 
       0.368458         290.335         212.404         284.995 
        0.38068         276.369         199.596          271.32 
       0.392856         258.296         187.902         259.592 
       0.405069         247.506         176.468         249.098 
       0.417459         236.004         165.398         235.761 
       0.429752         227.338         155.461         226.377 
       0.441978           219.3         146.738         218.813 
       0.454294         204.561         138.817          208.12 
        0.46658         204.558         131.386         201.418 
       0.478753         193.397         124.375         194.003 
       0.490964         187.346         117.789         186.735 
       0.503334         177.539         111.711         180.713 
       0.515665          173.84         106.168         176.126 
       0.527909         168.584         101.051         168.883 
       0.540159         163.113         96.2098         163.948 
        0.55248         158.672         91.6164         158.478 
       0.564743         154.011         87.3634         154.481 
        0.57686         149.011         83.4543         149.424 
       0.589077         142.581         79.7642         145.922 
       0.601441         139.678         76.2554         142.097 
        0.61382         137.743         72.9471         137.927 
       0.626067         132.758           69.86         134.429 
       0.638306         127.671         66.9529         131.286 
       0.650632         123.335         64.1985         126.742 
       0.662899         123.309         61.6174         124.025 
       0.675076         118.908         59.1985         121.056 
       0.687267         116.055         56.9064         118.243 
       0.699615         112.845          54.707         115.816 
       0.711937         109.645         52.6279         112.785 
       0.724148         108.425         50.6744         111.202 
       0.736433         104.617         48.8104         108.301 
       0.748747         102.462         47.0375         105.964 
       0.761037         100.451         45.3568          103.49 
       0.773197         98.2495         43.7757         102.298 
       0.785376         96.2699         42.2681         99.7274 
       0.797761         95.0992         40.8083         98.2684 
       0.810096         91.8434         39.4231         96.0854 
       0.822371         89.9427          38.109         94.3088 
       0.834626         88.0455         36.8573         92.6993 
       0.846916         86.9863         35.6587         91.1154 
       0.859215         85.2494         34.5131         89.3242 
       0.871383         84.0374         33.4295          87.827 
        0.88363         81.7904         32.3862         86.6414 
       0.895928         80.2172         31.3836          85.225 
       0.908253         78.1783         30.4219          83.713 
       0.920535         77.8123         29.5038          82.483 
       0.932774           76.09         28.6271         81.0313 
        0.94508         75.1587         27.7817         79.6825 
       0.957324         73.4079         26.9748          78.654 
        0.96953          73.481         26.2025         77.2665 
       0.981769         71.0106         25.4586         76.4136 
       0.994071           70.25         24.7403         75.2849 
         1.0064         68.7016         24.0485          74.161 
        1.01868         67.8885         23.3854         73.1903 
        1.03092         66.6531         22.7503         72.1483 
         1.0432         65.5191         22.1366         71.0611 
        1.05553         63.8287         21.5433         70.4673 
        1.06777         63.5491         20.9761          69.457 
           1.08         62.1602           20.43         68.4926 
        1.09227         61.2829         19.9017         67.4986 
         1.1046         60.3331         19.3901         66.6596 
         1.1169         59.6478         18.8976         65.6938 
        1.12915         58.7667         18.4246         65.0245 
        1.14142         57.6327         17.9669         64.2231 
        1.15365          56.666         17.5261         63.4884 
        1.16585         55.8664         17.1014         62.6174 
        1.17807          54.996         16.6903         61.8841 
        1.19037         54.8839           16.29         61.2959 
        1.20276         53.8199         15.9002         60.5713 
        1.21504         53.3112         15.5263          59.861 
        1.22728         52.1931          15.166         59.2141 
        1.23954          51.617         14.8163         58.4242 
        1.25184          50.772          14.477         57.9155 
        1.26414         49.9707         14.1482         57.1956 
        1.27632         49.5633         13.8326          56.647 
         1.2886         49.0367         13.5245         55.9979 
        1.30093         48.3064         13.2247         55.2783 
        1.31316          47.553         12.9361         54.8883 
        1.32541         47.2677         12.6562         54.2573 
        1.33772         46.3936          12.383         53.6905 
        1.35005         45.9126         12.1177          53.179 
        1.36225         45.1222         11.8629         52.6483 
        1.37447           44.06         11.6149         52.0884 
        1.38676         44.2343          11.373         51.6011 
        1.39907         43.5299         11.1375         51.1639 
        1.41133         42.6319         10.9098         50.6896 
        1.42358         42.1611         10.6886         50.1168 
        1.43591         41.7818         10.4721         49.7082 
        1.44818         41.2765         10.2627          49.117 
        1.46037         40.7372         10.0604         48.7306 
        1.47263         40.4186         9.86235         48.3389 
        1.48494         39.6193         9.66893         47.8232 
        1.49724         39.3826         9.48085         47.3856 
        1.50952         38.9595         9.29818         46.9756 
        1.52178         38.3545         9.12058         46.5728 
        1.53409         38.0488         8.94693         46.1581 
        1.54637          37.429         8.77816          45.707 
        1.55858         36.6504         8.61472          45.289 
        1.57081         36.6804         8.45521         44.9696 
        1.58313         36.2529         8.29875         44.5707 
        1.59544         35.6102         8.14635         44.1639 
        1.60767          35.165         7.99875         43.7563 
        1.61994         34.7333         7.85431         43.4045 
        1.63225         34.5119         7.71314         43.0453 
        1.64452         34.0971         7.57583         42.7058 
        1.65676         33.6646          7.4423         42.3205 
          1.669         33.3534          7.3119         42.0301 
        1.68133         33.0292          7.1838          41.628 
        1.69363         32.4722         7.05914          41.275 
        1.70585         32.2594         6.93824         41.0302 
        1.71809         31.6995         6.81994         40.5916 
        1.73038         31.5269         6.70402         40.3517 
        1.74268         31.0521         6.59073         39.9428 
        1.75493         30.7373         6.48057         39.6611 
        1.76714         30.4575         6.37323         39.3756 
        1.77942         30.1432         6.26777         39.0554 
        1.79173         29.7301         6.16442         38.7347 
        1.80402         29.3974         6.06363         38.5256 
         1.8163          29.193         5.96514         38.0797 
         1.8286         28.6995         5.86868         37.8601 
         1.8409         28.4527         5.77444         37.5488 
        1.85315         28.1336         5.68258         37.3105 
        1.86537         27.7689          5.5929         37.0297 
        1.87765         27.6335         5.50483         36.7327 
        1.88995         27.2107         5.41844         36.3957 
        1.90221         26.9499         5.33422         36.1372 
        1.91445         26.5624         5.25192         35.8945 
        1.92674          26.327         5.17107         35.6088 
        1.93902         26.0324         5.09192         35.3715 
        1.95124         25.5942         5.01486         35.1576 
         1.9635         25.4426         4.93919         34.8587 
        1.97583         25.1738         4.86461         34.6325 
        1.98812         24.9472         4.79185         34.3761 
        2.00039         24.6452         4.72072         34.1212 
        2.01264         24.3508         4.65111         33.8998 
        2.02492         24.1745          4.5828         33.6264 
        2.03717         23.8017         4.51597          33.395 
        2.04942         23.5983         4.45057         33.1379 
        2.06171         23.4191         4.38624         32.9284 
        2.07397         23.1617         4.32332         32.6639 
        2.08629         22.9184         4.26138         32.4296 
        2.09857         22.6552          4.2008         32.2219 
        2.11081         22.4001         4.14164          31.989 
        2.12309         22.2375         4.08349         31.7619 
        2.13538         21.8939         4.02636          31.567 
        2.14763         21.7678         3.97053         31.3365 
        2.15986         21.5029         3.91588         31.1137 
        2.17214          21.292         3.86203         30.9202 
        2.18443         21.0825         3.80915         30.6755 
        2.19671         20.8193         3.75733          30.469 
        2.20898         20.6346         3.70653         30.2506 
        2.22126         20.5136         3.65661         30.0573 
        2.23354         20.3139         3.60763          29.874 
         2.2458         20.1228         3.55964         29.6791 
        2.25807         19.8242         3.51247         29.4411 
        2.27035         19.6344         3.46612          29.267 
        2.28263         19.4845         3.42063         29.0764 
         2.2949         19.3113         3.37598         28.8866 
        2.30718         19.1246         3.33211         28.6834 
        2.31946         18.9942           3.289           28.49 
        2.33169         18.7581         3.24684         28.3033 
        2.34393         18.5832         3.20535         28.1314 
        2.35622         18.3978         3.16446         27.9505 
        2.36847         18.1916         3.12439         27.7452 
        2.38076         18.0401          3.0849         27.5936 
        2.39305         17.8854          3.0461         27.4162 
        2.40534         17.6985         3.00797         27.1986 
        2.41762         17.5173          2.9705         27.0708 
        2.42989          17.402         2.93372         26.8541 
        2.44216          17.172         2.89756         26.7041 
         2.4544         17.1604          2.8621         26.5176 
        2.46667         16.9284         2.82715         26.3577 
        2.47897         16.7196         2.79271         26.1777 
        2.49124         16.6521         2.75893         26.0129 
        2.50349         16.4271         2.72576         25.8393 
        2.51578         16.3279         2.69303         25.7011 
        2.52805         16.1658          2.6609          25.528 
        2.54029         16.0366         2.62937         25.3663 
        2.55257         15.9284         2.59826         25.2006 
        2.56487         15.7372          2.5676         25.0527 
        2.57716         15.6323         2.53747         24.8745 
        2.58942         15.5428          2.5079         24.7439 
        2.60167         15.3149         2.47882         24.5846 
        2.61395         15.2555         2.45016         24.4305 
        2.62624         15.1644         2.42191         24.2705 
        2.63849         14.9926          2.3942          24.145 
        2.65073         14.8634         2.36696         23.9805 
        2.66302         14.7691         2.34004         23.8465 
         2.6753         14.7065         2.31355         23.6909 
        2.68756         14.5587         2.28753         23.5565 
        2.69983         14.4283         2.26189         23.3977 
        2.71213         14.3003         2.23659         23.2447 
        2.72441         14.2173         2.21172         23.1109 
        2.73665         14.1072          2.1873          22.973 
         2.7489         14.0658         2.16325         22.8324 
        2.76118         13.9141         2.13949          22.697 
        2.77349         13.8341         2.11603         22.5629 
        2.78576           13.73         2.09302         22.4365 
        2.79802          13.666         2.07036         22.2893 
        2.81031         13.5701         2.04798          22.151 
        2.82259         13.4351         2.02594         22.0339 
        2.83483         13.4312         2.00431         21.9019 
         2.8471         13.3548         1.98296         21.7576 
         2.8594         13.2443         1.96185         21.6222 
         2.8717         13.1889         1.94105         21.5037 
        2.88396         13.1062         1.92064         21.3738 
        2.89619         13.0768         1.90055         21.2451 
        2.90847         12.9805         1.88067          21.135 
        2.92072         12.9392         1.86112         20.9866 
        2.93299         12.8344         1.84183           20.88 
        2.94526         12.7908          1.8228         20.7664 
        2.95753         12.7624         1.80404          20.634 
        2.96982         12.6926         1.78552         20.5149 
        2.98209         12.6592         1.76729         20.3987 
        2.99436         12.6086          1.7493         20.2721 
        3.00666           12.59         1.73153         20.1524 
        3.01894         12.5361         1.71404         20.0507 
        3.03119         12.5192         1.69682         19.9323 
        3.04345         12.4428         1.67984         19.8058 
        3.05573         12.4413         1.66305         19.6947 
          3.068         12.3954         1.64651         19.5884 
        3.08026         12.3921         1.63021         19.4627 
        3.09254         12.3399         1.61411         19.3582 
        3.10483         12.3563         1.59821         19.2577 
         3.1171         12.3862         1.58256         19.1443 
        3.12933         12.3454         1.56715         19.0336 
        3.14159         12.3003         1.55192         18.9186 
