# k  (h/Mpc)    Pcb(k)  (Mpc/h)^3    Pcb_linear(k) (Mpc/h)^3    Pcb_NL(k) (Mpc/h)^3   ShotnoiseSubtracted = false
      0.0156606           15646         15709.3         15600.4 
      0.0273761           13456         13583.8         13470.2 
      0.0384619         10196.7         10234.3         10139.4 
      0.0498308         7902.15          8050.1         7956.76 
      0.0625568         6673.17         6841.67         6756.65 
      0.0751274         5913.06         5812.78         5691.42 
      0.0867833         4600.34         4679.94         4644.66 
      0.0984825          3850.1         3703.58         3742.33 
       0.111151         3274.93         3092.43         3136.93 
       0.123864         2937.85         2786.91         2823.53 
       0.135742         2666.67         2506.13         2543.37 
        0.14762         2307.59         2142.86         2240.94 
       0.160083         1939.56          1786.2          1904.1 
       0.172465          1729.8         1559.01         1708.02 
       0.184281         1581.12         1437.22          1589.1 
       0.196406         1470.29         1327.27         1459.17 
       0.209011         1363.87         1180.93          1319.3 
       0.221538         1230.52         1032.02         1220.95 
       0.233611         1161.96         923.394         1135.94 
       0.245665         1062.65         852.257         1046.38 
       0.258103         1028.77         793.378         985.858 
       0.270422         924.929         729.023         922.169 
       0.282519         862.349         661.629         865.526 
       0.294636         853.716         602.817         815.913 
       0.306978         768.905         557.707         778.443 
       0.319417         745.789         521.424         732.899 
        0.33169         702.858         486.693         691.409 
       0.343948         670.541          450.95         667.298 
       0.356249         631.081         417.429         640.156 
       0.368458         611.696         389.352         607.283 
        0.38068         592.231         365.871         581.819 
       0.392856         558.761         344.438         559.266 
       0.405069         534.662          323.48         541.893 
       0.417459         512.978         303.187         517.336 
       0.429752         500.824          284.97         498.713 
       0.441978         484.277         268.982         484.582 
       0.454294         458.646         254.463         463.618 
        0.46658         449.729         240.841         452.504 
       0.478753         436.328         227.989         437.432 
       0.490964         420.454         215.918         423.103 
       0.503334         397.906         204.775         412.061 
       0.515665         396.655         194.615         403.099 
       0.527909         382.368         185.235         391.881 
       0.540159         372.755         176.362         380.888 
        0.55248         365.504         167.942          370.46 
       0.564743         360.197         160.145         363.513 
        0.57686         346.275         152.979          352.97 
       0.589077         334.606         146.215         345.171 
       0.601441         330.994         139.783          337.38 
        0.61382         325.005         133.719         330.832 
       0.626067         319.596          128.06         323.622 
       0.638306         305.694         122.731         317.449 
       0.650632         300.572         117.682           308.3 
       0.662899         298.338         112.951         304.383 
       0.675076          286.89         108.517         298.563 
       0.687267         279.806         104.315         291.659 
       0.699615         275.629         100.283         286.615 
       0.711937         271.195         96.4721         281.455 
       0.724148         263.176         92.8912         277.216 
       0.736433         257.528         89.4743         271.544 
       0.748747         253.299         86.2244         266.374 
       0.761037         248.852         83.1436         262.094 
       0.773197         245.474         80.2452         258.609 
       0.785376         242.087         77.4818         253.882 
       0.797761         236.281         74.8057         250.171 
       0.810096         233.306         72.2666         246.508 
       0.822371         224.522         69.8577         242.418 
       0.834626         223.934         67.5631         238.763 
       0.846916         219.379         65.3661         235.283 
       0.859215         219.184         63.2661         231.859 
       0.871383         213.328         61.2797         228.252 
        0.88363         211.609         59.3672          225.88 
       0.895928         206.737         57.5294         222.362 
       0.908253         201.109         55.7664         218.664 
       0.920535         200.446         54.0836         215.723 
       0.932774         193.912         52.4764         212.713 
        0.94508         192.187         50.9268          210.48 
       0.957324         191.757         49.4476         207.315 
        0.96953         189.165         48.0319         204.303 
       0.981769         183.311         46.6684         202.426 
       0.994071         182.492         45.3516         199.766 
         1.0064         178.303         44.0835          196.73 
        1.01868         175.933         42.8679          194.51 
        1.03092         172.887         41.7037          192.43 
         1.0432         169.539         40.5788         190.032 
        1.05553         166.938         39.4912         187.742 
        1.06777          166.78         38.4515         185.843 
           1.08         162.693         37.4504         183.419 
        1.09227         160.813         36.4819         181.538 
         1.1046         158.311         35.5442         179.511 
         1.1169          155.94         34.6412         177.062 
        1.12915         153.566         33.7742         175.378 
        1.14142         151.146         32.9352         173.089 
        1.15365         149.193         32.1272         171.273 
        1.16585         147.123         31.3487          169.04 
        1.17807         145.101          30.595         167.821 
        1.19037         144.181         29.8613         166.078 
        1.20276         141.501         29.1468         164.038 
        1.21504         139.434         28.4613         162.275 
        1.22728         136.718         27.8009          160.27 
        1.23954         136.098         27.1599         159.018 
        1.25184         133.425         26.5379         157.211 
        1.26414         131.497         25.9352         155.561 
        1.27632         130.985         25.3567         154.707 
         1.2886         128.648         24.7918         152.505 
        1.30093         125.255         24.2422         150.877 
        1.31316          124.79         23.7133         149.247 
        1.32541         122.991         23.2001          148.13 
        1.33772         121.797         22.6993         146.525 
        1.35005         120.157          22.213         144.893 
        1.36225          118.71         21.7459         143.603 
        1.37447          116.56         21.2914         141.995 
        1.38676         115.623         20.8479         140.569 
        1.39907         113.158         20.4162          139.28 
        1.41133         111.681         19.9987          138.13 
        1.42358         110.118         19.5933         136.796 
        1.43591           109.3         19.1964         135.257 
        1.44818         108.252         18.8127         134.147 
        1.46037         106.135         18.4417         132.781 
        1.47263         104.951         18.0787         131.781 
        1.48494          103.73         17.7242         130.317 
        1.49724          102.19         17.3794         129.014 
        1.50952         100.423         17.0446         127.882 
        1.52178         99.7782          16.719         126.666 
        1.53409         98.3578         16.4007         125.582 
        1.54637         96.6989         16.0913         124.463 
        1.55858         95.3867         15.7917          123.24 
        1.57081         94.0542         15.4993         122.178 
        1.58313         92.9993         15.2125         121.032 
        1.59544         91.9947         14.9331         119.968 
        1.60767         90.6236         14.6626         118.813 
        1.61994          89.305         14.3978         118.039 
        1.63225         88.0646          14.139         116.606 
        1.64452         86.7484         13.8873         115.645 
        1.65676         85.6008         13.6425         114.691 
          1.669         85.0113         13.4035         113.765 
        1.68133         83.7357         13.1687         112.685 
        1.69363         82.7953         12.9402          111.77 
        1.70585         81.5617         12.7185         110.732 
        1.71809         80.3423         12.5017         109.808 
        1.73038         79.6027         12.2892         108.797 
        1.74268         78.3222         12.0815         107.871 
        1.75493         77.6069         11.8796         106.899 
        1.76714         76.3213         11.6828         106.031 
        1.77942         75.7396         11.4895         105.055 
        1.79173         74.4446         11.3001         104.205 
        1.80402          73.739         11.1153         103.382 
         1.8163         72.6908         10.9348         102.332 
         1.8286         71.6578         10.7579         101.573 
         1.8409         70.8455         10.5852         100.691 
        1.85315         69.7442         10.4168         99.9243 
        1.86537         69.0343         10.2524         99.0493 
        1.87765           68.32         10.0909         98.1138 
        1.88995          67.268         9.93259         97.4024 
        1.90221         66.4682         9.77819         96.5613 
        1.91445         65.2435         9.62733         95.7674 
        1.92674         64.6338         9.47913         94.9969 
        1.93902         63.8174         9.33405         94.1422 
        1.95124         63.3513         9.19278         93.4821 
         1.9635         62.2212         9.05407         92.5471 
        1.97583         61.5727         8.91735         91.9386 
        1.98812          60.838         8.78397         91.1235 
        2.00039         59.8443         8.65359          90.385 
        2.01264         59.3284         8.52598         89.6282 
        2.02492         58.4569         8.40076         88.9283 
        2.03717         57.6313         8.27827         88.1388 
        2.04942         57.0567         8.15838         87.5289 
        2.06171         56.1368         8.04045         86.7665 
        2.07397         55.5444         7.92512         86.1286 
        2.08629         55.0277         7.81157          85.376 
        2.09857         54.2861         7.70052         84.7239 
        2.11081         53.1708         7.59208         83.9724 
        2.12309         52.9102         7.48547           83.39 
        2.13538          52.133         7.38076         82.7008 
        2.14763         51.5642          7.2784         82.0544 
        2.15986         50.6645         7.17822         81.3934 
        2.17214         50.1496         7.07952         80.7708 
        2.18443         49.7131         6.98259         80.1748 
        2.19671           48.81         6.88758         79.4916 
        2.20898         48.5812         6.79446          78.877 
        2.22126         47.8207         6.70296         78.2285 
        2.23354         47.1804         6.61318          77.668 
         2.2458         46.6876          6.5252         77.0936 
        2.25807         46.2375         6.43874         76.4361 
        2.27035         45.6211         6.35377         75.8495 
        2.28263         44.9052         6.27038         75.2495 
         2.2949         44.4781         6.18853         74.6881 
        2.30718          43.868         6.10812         74.1449 
        2.31946           43.28         6.02909         73.5988 
        2.33169         42.7863         5.95181         73.0213 
        2.34393         42.0828         5.87576         72.4659 
        2.35622         41.8496          5.8008         71.9068 
        2.36847         41.3171         5.72735         71.3984 
        2.38076         40.8492         5.65496         70.8258 
        2.39305         40.3155         5.58384         70.3177 
        2.40534         39.9286         5.51394          69.738 
        2.41762         39.5161         5.44524         69.1947 
        2.42989         38.8704         5.37782         68.7403 
        2.44216          38.611         5.31155         68.2076 
         2.4544         38.1607         5.24654         67.6975 
        2.46667         37.7019         5.18248          67.162 
        2.47897         37.2691         5.11933         66.6867 
        2.49124          36.773         5.05741         66.2017 
        2.50349         36.2771         4.99661         65.7036 
        2.51578         35.8868         4.93662         65.2628 
        2.52805         35.7775         4.87772         64.7603 
        2.54029          35.234         4.81993         64.2698 
        2.55257         34.7323          4.7629         63.8211 
        2.56487         34.4531         4.70669         63.3773 
        2.57716         34.0383         4.65146          62.943 
        2.58942         33.6411         4.59724         62.4602 
        2.60167         33.1655         4.54394         61.9931 
        2.61395         32.9234         4.49141           61.56 
        2.62624         32.6632         4.43963         61.1114 
        2.63849         32.3387         4.38884         60.6874 
        2.65073         31.9899         4.33889         60.2221 
        2.66302         31.6448         4.28954         59.8044 
         2.6753         31.2561         4.24099         59.3881 
        2.68756         30.8237         4.19329           58.94 
        2.69983          30.621         4.14629         58.5543 
        2.71213         30.3227         4.09991         58.1593 
        2.72441         30.1172         4.05433         57.7271 
        2.73665         29.8158         4.00955         57.3152 
         2.7489         29.5997         3.96547         56.9209 
        2.76118         29.1882         3.92192         56.5259 
        2.77349         29.0411         3.87891           56.14 
        2.78576         28.8395         3.83673         55.7301 
        2.79802         28.4492         3.79519         55.3638 
        2.81031         28.2042         3.75417         54.9865 
        2.82259         27.9829         3.71377         54.5848 
        2.83483          27.709         3.67412          54.211 
         2.8471         27.3926         3.63497         53.8496 
         2.8594         27.2641         3.59628         53.4945 
         2.8717         26.9608         3.55816          53.122 
        2.88396         26.7902         3.52073         52.7371 
        2.89619         26.5534         3.48391         52.3794 
        2.90847         26.3722         3.44748         52.0383 
        2.92072         26.2299         3.41163         51.6762 
        2.93299         26.0885         3.37627         51.3196 
        2.94526         25.8122         3.34138         50.9933 
        2.95753         25.6745           3.307         50.6609 
        2.96982         25.6221         3.27304         50.3166 
        2.98209         25.3759         3.23963         49.9846 
        2.99436         25.1583         3.20665         49.6399 
        3.00666         25.1526         3.17408         49.3138 
        3.01894         24.9498         3.14203         48.9661 
        3.03119         24.8297         3.11046         48.6485 
        3.04345         24.7244         3.07932         48.3478 
        3.05573         24.6646         3.04855         48.0304 
          3.068         24.5482         3.01823         47.7113 
        3.08026          24.403         2.98836         47.3934 
        3.09254         24.3342         2.95883          47.087 
        3.10483         24.3319          2.9297         46.7862 
         3.1171         24.2737         2.90099         46.4819 
        3.12933         24.2198         2.87276         46.1778 
        3.14159         24.0893         2.84483          45.876 
