# k  (h/Mpc)    P(k)  (Mpc/h)^3    P_linear(k)  (Mpc/h)^3     P_NL(k)  ShotnoiseSubtracted = false
      0.0156606         10665.9         10602.7         10537.8 
      0.0273761         9187.77         9154.95         9098.91 
      0.0384619         6966.68         6892.57         6850.62 
      0.0498308         5414.91         5419.24         5379.76 
      0.0625568         4569.11         4604.39         4566.97 
      0.0751274         4023.31         3911.23         3856.29 
      0.0867833         3145.41         3148.62         3134.47 
      0.0984825         2606.75         2491.53         2513.04 
       0.111151         2205.18         2080.25         2103.32 
       0.123864         1979.84         1874.63         1893.98 
       0.135742         1790.38         1685.71         1705.57 
        0.14762         1538.79         1441.32         1491.55 
       0.160083         1283.67          1201.4         1260.08 
       0.172465            1143         1048.57          1121.8 
       0.184281         1052.29         966.646         1042.74 
       0.196406          967.81         892.685         955.923 
       0.209011         889.764         794.252         862.052 
       0.221538         801.605         694.095         788.313 
       0.233611         744.593          621.03         726.841 
       0.245665         689.477         573.184         668.647 
       0.258103         649.155         533.582         628.439 
       0.270422         592.732         490.298         584.897 
       0.282519         545.396          444.97         544.302 
       0.294636         539.655         405.416         509.786 
       0.306978         480.323         375.076         483.512 
       0.319417         462.262         350.674         454.631 
        0.33169         434.537         327.316         427.667 
       0.343948         414.213         303.276         409.314 
       0.356249         387.477         280.732         390.754 
       0.368458         375.532         261.848         368.375 
        0.38068         358.975         246.059         351.385 
       0.392856         336.336         231.643         336.665 
       0.405069         322.877         217.547         324.476 
       0.417459         308.431           203.9         307.496 
       0.429752         297.793         191.649         295.793 
       0.441978           287.9         180.896         286.428 
       0.454294         269.566         171.132         272.982 
        0.46658         268.373          161.97         264.995 
       0.478753         255.948         153.327         255.499 
       0.490964         247.564         145.208         246.301 
       0.503334          233.78         137.715         238.929 
       0.515665         230.642         130.882         233.234 
       0.527909         223.641         124.574         224.734 
       0.540159         217.003         118.606          218.25 
        0.55248         212.347         112.943         211.451 
       0.564743         206.564           107.7         206.622 
        0.57686           199.4         102.881         200.036 
       0.589077         191.268         98.3318         195.628 
       0.601441         188.045         94.0062         190.766 
        0.61382          186.02         89.9278         185.785 
       0.626067         180.554          86.122         181.258 
       0.638306         172.612         82.5382         177.439 
       0.650632         167.625         79.1427         171.615 
       0.662899         167.655         75.9607         168.423 
       0.675076         161.612         72.9787         164.558 
       0.687267         157.472         70.1531          160.93 
       0.699615         154.025         67.4417         157.651 
       0.711937         150.113         64.8786         154.198 
       0.724148         147.713         62.4704         151.971 
       0.736433          143.77         60.1725         148.325 
       0.748747         140.561         57.9868         145.244 
       0.761037          138.32          55.915         142.117 
       0.773197         135.364         53.9658         140.528 
       0.785376         133.496         52.1073         137.213 
       0.797761         131.035         50.3076         135.425 
       0.810096         127.427            48.6          132.65 
       0.822371         123.849           46.98         130.381 
       0.834626         121.948         45.4369         128.132 
       0.846916          120.71         43.9593         126.142 
       0.859215         118.835          42.547         123.929 
       0.871383         116.703         41.2112         121.847 
        0.88363         114.183          39.925         120.344 
       0.895928         112.014         38.6891         118.601 
       0.908253         109.054         37.5034         116.408 
       0.920535         108.523         36.3717         114.906 
       0.932774         105.613         35.2909         112.889 
        0.94508         104.663         34.2487         111.325 
       0.957324         103.029         33.2539         109.814 
        0.96953         102.786         32.3019         107.979 
       0.981769         99.4317         31.3849         106.945 
       0.994071         98.6213         30.4993         105.384 
         1.0064         96.3185         29.6465         103.853 
        1.01868         95.4792          28.829         102.611 
        1.03092         93.6579         28.0461         101.284 
         1.0432          92.088         27.2896         99.9061 
        1.05553          89.767         26.5581         98.9701 
        1.06777         89.6441         25.8589         97.7492 
           1.08         87.8852         25.1857         96.4465 
        1.09227         86.5393         24.5344         95.1733 
         1.1046         85.0608         23.9038         94.0253 
         1.1169         84.0782         23.2965         92.7087 
        1.12915         82.9786         22.7134         91.7598 
        1.14142         81.4721         22.1492         90.6295 
        1.15365         79.8776         21.6058         89.5973 
        1.16585         78.9366         21.0822         88.5044 
        1.17807         77.7252         20.5754         87.6405 
        1.19037         77.6121          20.082         86.7437 
        1.20276         75.9278         19.6015         85.7282 
        1.21504         75.4189         19.1405         84.6918 
        1.22728          73.751         18.6963         83.8569 
        1.23954         73.1203         18.2652         82.8395 
        1.25184         71.7738          17.847         82.1016 
        1.26414         70.7082         17.4416         81.2133 
        1.27632         70.0386         17.0526         80.5597 
         1.2886         69.0286         16.6727         79.4734 
        1.30093         68.1174         16.3031         78.5416 
        1.31316         67.2711         15.9474         78.0062 
        1.32541         66.7321         15.6023         77.1741 
        1.33772         65.6283         15.2655         76.3731 
        1.35005         65.0262         14.9384         75.6438 
        1.36225         63.9593         14.6243          74.872 
        1.37447          62.523         14.3187         74.0851 
        1.38676         62.6238         14.0204         73.3087 
        1.39907         61.5077         13.7301         72.7716 
        1.41133          60.377         13.4493          72.198 
        1.42358          59.676         13.1767         71.2901 
        1.43591         59.2633         12.9097         70.7053 
        1.44818         58.3988         12.6517         69.9234 
        1.46037         57.7424         12.4022         69.4245 
        1.47263         56.9591         12.1581         68.8588 
        1.48494         56.1583         11.9196         68.1408 
        1.49724         55.4098         11.6878         67.4845 
        1.50952         55.0666         11.4626          66.838 
        1.52178         54.2971         11.2437          66.332 
        1.53409          53.788         11.0296         65.7563 
        1.54637         52.5949         10.8215         65.1173 
        1.55858         51.9482           10.62         64.4826 
        1.57081         51.6521         10.4234         64.0498 
        1.58313         50.8806         10.2305         63.5254 
        1.59544         50.1575         10.0426         62.8864 
        1.60767         49.6064         9.86069         62.3669 
        1.61994         48.8379         9.68262         61.8855 
        1.63225         48.3782         9.50859         61.2549 
        1.64452         47.8565         9.33932          60.819 
        1.65676         47.1476         9.17471         60.2405 
          1.669         46.8028         9.01395         59.8181 
        1.68133         46.3524         8.85603         59.2482 
        1.69363         45.5614         8.70236         58.8245 
        1.70585         45.2993         8.55332         58.3692 
        1.71809          44.401         8.40747         57.8409 
        1.73038         44.1418         8.26457         57.4168 
        1.74268         43.4367         8.12491         56.8851 
        1.75493         43.0115         7.98911           56.44 
        1.76714         42.4591         7.85678         55.9848 
        1.77942         42.2074         7.72677         55.5584 
        1.79173         41.5288         7.59937         55.0564 
        1.80402         41.1183         7.47511          54.715 
         1.8163         40.6196          7.3537         54.1735 
         1.8286         40.0871         7.23479         53.8611 
         1.8409         39.6146          7.1186         53.3315 
        1.85315         39.2151         7.00536         53.0336 
        1.86537         38.7277         6.89481         52.6089 
        1.87765         38.4128         6.78624         52.1437 
        1.88995         37.8271         6.67974         51.6891 
        1.90221         37.5444         6.57591         51.3021 
        1.91445         36.9138         6.47445         50.9747 
        1.92674         36.6055         6.37479         50.5313 
        1.93902         36.2252         6.27721          50.151 
        1.95124         35.7601         6.18221         49.8286 
         1.9635         35.2919         6.08893         49.4115 
        1.97583         34.9775         5.99698         49.1001 
        1.98812         34.4426         5.90729         48.6849 
        2.00039         34.1309          5.8196         48.3089 
        2.01264         33.6543         5.73378         48.0014 
        2.02492         33.3803         5.64957         47.6357 
        2.03717         32.9262         5.56719         47.2484 
        2.04942         32.5703         5.48657         46.8971 
        2.06171         32.2375         5.40726           46.54 
        2.07397         31.8753          5.3297         46.2199 
        2.08629         31.4999         5.25334         45.8703 
        2.09857         31.1978         5.17865         45.5617 
        2.11081         30.7779         5.10573         45.2054 
        2.12309         30.5469         5.03403          44.864 
        2.13538         30.0157         4.96361         44.5973 
        2.14763         29.8102         4.89478         44.2475 
        2.15986         29.5484         4.82741         43.9024 
        2.17214         29.1308         4.76103         43.6434 
        2.18443         28.8261         4.69584         43.2619 
        2.19671         28.4413         4.63195         42.9721 
        2.20898         28.0952         4.56932         42.6488 
        2.22126         28.0039         4.50779          42.337 
        2.23354         27.6183         4.44741         42.0949 
         2.2458         27.2886         4.38824         41.7709 
        2.25807         26.8956          4.3301         41.4577 
        2.27035         26.6182         4.27296         41.1905 
        2.28263         26.3633         4.21688         40.9118 
         2.2949         26.1142         4.16183          40.624 
        2.30718         25.8615         4.10775         40.3125 
        2.31946         25.6181         4.05461         40.0386 
        2.33169         25.3101         4.00263         39.7599 
        2.34393         25.0015         3.95149         39.4637 
        2.35622         24.7365         3.90108         39.2432 
        2.36847         24.4621         3.85168         38.9249 
        2.38076          24.257           3.803         38.7015 
        2.39305         23.9342         3.75517         38.4428 
        2.40534         23.7458         3.70816         38.1249 
        2.41762         23.4327         3.66196         37.9059 
        2.42989         23.3268         3.61662         37.6183 
        2.44216         22.9979         3.57205         37.3855 
         2.4544         22.8084         3.52834         37.1345 
        2.46667         22.5474         3.48525         36.8781 
        2.47897         22.2973         3.44279         36.6294 
        2.49124         22.1377         3.40114         36.3843 
        2.50349         21.8616         3.36025         36.1526 
        2.51578         21.6051         3.31991         35.9153 
        2.52805         21.4389          3.2803         35.6625 
        2.54029         21.2594         3.24144         35.4221 
        2.55257         21.0793         3.20308         35.1805 
        2.56487         20.8159         3.16528         34.9556 
        2.57716           20.67         3.12814         34.7041 
        2.58942         20.4508         3.09168         34.5076 
        2.60167         20.2576         3.05583         34.2673 
        2.61395         20.0693          3.0205          34.038 
        2.62624         19.9546         2.98568         33.8189 
        2.63849         19.7536         2.95152         33.6037 
        2.65073         19.4998         2.91793         33.3701 
        2.66302         19.2943         2.88475         33.1691 
         2.6753         19.2247          2.8521         32.9569 
        2.68756         19.1011         2.82002         32.7654 
        2.69983         18.8968         2.78841         32.5155 
        2.71213          18.688         2.75722         32.3119 
        2.72441         18.5728         2.72657         32.0913 
        2.73665         18.4214         2.69645         31.8828 
         2.7489         18.2176         2.66681         31.6868 
        2.76118          18.124         2.63752         31.4684 
        2.77349         18.0122          2.6086         31.2826 
        2.78576          17.795         2.58023         31.0979 
        2.79802         17.6774         2.55229         30.8884 
        2.81031         17.5678         2.52471         30.7001 
        2.82259         17.4765         2.49754         30.5116 
        2.83483         17.2888         2.47087         30.3057 
         2.8471         17.2439         2.44455         30.0993 
         2.8594         17.0961         2.41852         29.9132 
         2.8717         16.9861         2.39289         29.7224 
        2.88396         16.8275         2.36772         29.5293 
        2.89619         16.7911         2.34296         29.3526 
        2.90847         16.6892         2.31846         29.1733 
        2.92072         16.5567         2.29435          28.987 
        2.93299         16.4879         2.27057         28.8225 
        2.94526         16.4341         2.24711         28.6425 
        2.95753         16.3631         2.22398         28.4545 
        2.96982         16.2566         2.20115          28.283 
        2.98209          16.155         2.17867         28.1135 
        2.99436         16.1165          2.1565         27.9378 
        3.00666         16.0173         2.13459         27.7595 
        3.01894         15.9797         2.11304         27.5882 
        3.03119          15.867         2.09181         27.4192 
        3.04345         15.8888         2.07087          27.254 
        3.05573         15.8637         2.05017          27.089 
          3.068         15.7494         2.02978         26.9171 
        3.08026         15.7399         2.00969         26.7514 
        3.09254         15.6743         1.98984         26.5919 
        3.10483         15.6651         1.97024         26.4344 
         3.1171         15.7048         1.95094         26.2793 
        3.12933         15.6382         1.93195         26.1219 
        3.14159         15.5553         1.91317         25.9545 
