# k  (h/Mpc)    Pcb(k)  (Mpc/h)^3    Pcb_linear(k) (Mpc/h)^3    Pcb_NL(k) (Mpc/h)^3   ShotnoiseSubtracted = false
      0.0156606         775.498          776.04         772.461 
      0.0273761         675.916         671.795          670.43 
      0.0384619         513.398         506.391         506.353 
      0.0498308         403.886         398.423         398.678 
      0.0625568         340.885          338.67         338.513 
      0.0751274         292.204         287.767          287.29 
      0.0867833         233.648         231.699          231.66 
      0.0984825         187.464         183.368         183.712 
       0.111151         156.641         153.114         153.422 
       0.123864          140.62          137.99         138.123 
       0.135742         126.163          124.09         124.178 
        0.14762         107.284         106.104         106.457 
       0.160083         89.2979          88.445         88.8987 
       0.172465          78.201         77.1963         77.7241 
       0.184281         72.3537         71.1662         71.6992 
       0.196406         66.2108         65.7222         66.1009 
       0.209011         59.2526         58.4763         58.9289 
       0.221538         52.1896          51.103         51.7655 
       0.233611         46.7484          45.724         46.4592 
       0.245665         43.5954         42.2017         42.8449 
       0.258103         39.5845         39.2862         39.9187 
       0.270422         36.9288         36.0995         36.7044 
       0.282519         33.5003         32.7624         33.4268 
       0.294636         31.1638         29.8503         30.5527 
       0.306978         28.0004         27.6165         28.3381 
       0.319417         26.5122         25.8199         26.5186 
        0.33169         24.6682         24.1001          24.772 
       0.343948         23.1265         22.3302         22.9989 
       0.356249          21.178         20.6703         21.4373 
       0.368458         19.9766           19.28          19.959 
        0.38068         18.6372         18.1173         18.7929 
       0.392856         17.5257          17.056         17.7379 
       0.405069         16.5442         16.0182         16.6626 
       0.417459         15.2764         15.0133         15.6905 
       0.429752         14.5263         14.1113         14.7779 
       0.441978         13.7894         13.3196         14.0249 
       0.454294         12.9024         12.6006         13.2666 
        0.46658         12.4822         11.9261         12.5772 
       0.478753         11.6959         11.2897          11.937 
       0.490964         11.2063         10.6919         11.3762 
       0.503334         10.6741         10.1402         10.7817 
       0.515665          10.042         9.63705         10.3122 
       0.527909         9.62968         9.17259         9.79478 
       0.540159          9.1236         8.73318         9.34564 
        0.55248         8.59258         8.31623         8.90362 
       0.564743         8.38741         7.93015         8.55756 
        0.57686         8.01704         7.57533         8.17928 
       0.589077         7.54299         7.24037         7.86359 
       0.601441         7.23903         6.92188         7.53143 
        0.61382         6.94013         6.62158         7.20856 
       0.626067         6.63136         6.34135         6.92334 
       0.638306         6.38778         6.07747         6.64692 
       0.650632         6.19387         5.82745         6.40481 
       0.662899         5.90985         5.59317         6.15111 
       0.675076         5.61746          5.3736         5.92848 
       0.687267         5.42201         5.16554         5.69522 
       0.699615         5.27229          4.9659         5.49052 
       0.711937         5.01403         4.77717         5.31152 
       0.724148         4.90531         4.59985         5.12363 
       0.736433          4.6601         4.43065         4.93459 
       0.748747         4.50757         4.26972          4.7883 
       0.761037          4.3671         4.11716         4.62121 
       0.773197         4.18117         3.97364         4.48282 
       0.785376         4.03471          3.8368         4.33259 
       0.797761          3.9027         3.70428         4.18401 
       0.810096          3.8037         3.57855         4.07228 
       0.822371         3.70016         3.45927         3.93246 
       0.834626         3.57057         3.34564         3.81059 
       0.846916         3.44016         3.23685         3.70989 
       0.859215         3.30303         3.13286         3.60453 
       0.871383         3.20462         3.03449         3.49611 
        0.88363         3.11665         2.93979         3.39634 
       0.895928         3.04074         2.84879         3.29578 
       0.908253         2.94497         2.76148         3.20544 
       0.920535         2.85417         2.67815         3.11137 
       0.932774         2.77011         2.59857         3.01923 
        0.94508         2.69123         2.52183         2.94314 
       0.957324         2.62078         2.44858         2.87361 
        0.96953         2.53169         2.37848         2.79598 
       0.981769         2.45161         2.31096         2.71458 
       0.994071         2.40045         2.24575         2.65618 
         1.0064         2.32534         2.18296         2.58495 
        1.01868         2.24872         2.12276         2.51983 
        1.03092          2.2178         2.06512         2.45208 
         1.0432         2.14239         2.00941         2.39467 
        1.05553         2.08813         1.95555         2.34108 
        1.06777         2.02513         1.90407         2.28663 
           1.08          1.9856          1.8545         2.22895 
        1.09227         1.91935         1.80654          2.1749 
         1.1046         1.87559          1.7601         2.12826 
         1.1169         1.82455         1.71539         2.07851 
        1.12915         1.78353         1.67246         2.03224 
        1.14142          1.7408         1.63091         1.98511 
        1.15365         1.70053          1.5909         1.94389 
        1.16585         1.66001         1.55235         1.89956 
        1.17807         1.63293         1.51503         1.86012 
        1.19037         1.56869          1.4787         1.81729 
        1.20276          1.5368         1.44331          1.7753 
        1.21504         1.50636         1.40937         1.74606 
        1.22728         1.47536         1.37667         1.70269 
        1.23954         1.44093         1.34492         1.67506 
        1.25184         1.41232         1.31413         1.63507 
        1.26414         1.37873         1.28428         1.60075 
        1.27632         1.33764         1.25563         1.57178 
         1.2886         1.31451         1.22766          1.5369 
        1.30093         1.27602         1.20044         1.51199 
        1.31316         1.24034         1.17425         1.48023 
        1.32541          1.2236         1.14884         1.45378 
        1.33772         1.20261         1.12404         1.42571 
        1.35005         1.17951         1.09996         1.39956 
        1.36225         1.15143         1.07683         1.37098 
        1.37447           1.128         1.05433         1.34868 
        1.38676         1.10328         1.03236         1.32052 
        1.39907         1.07934         1.01099         1.29906 
        1.41133         1.05248        0.990314         1.27517 
        1.42358         1.04273        0.970238         1.24882 
        1.43591         1.01811        0.950582         1.23303 
        1.44818         0.99762        0.931581         1.21057 
        1.46037        0.973501        0.913212         1.18633 
        1.47263        0.953462        0.895238         1.16799 
        1.48494        0.938336         0.87768         1.14833 
        1.49724        0.919098        0.860608         1.12886 
        1.50952        0.902039        0.844026         1.10655 
        1.52178        0.881069        0.827906         1.08999 
        1.53409        0.868112        0.812143         1.07134 
        1.54637        0.845388        0.796823         1.05254 
        1.55858        0.834537        0.781987         1.03601 
        1.57081        0.822916        0.767508         1.01811 
        1.58313         0.80449        0.753305         1.00456 
        1.59544         0.79057        0.739471        0.986818 
        1.60767        0.777037        0.726074        0.971463 
        1.61994        0.759774        0.712962        0.957444 
        1.63225        0.747063        0.700147        0.942982 
        1.64452        0.735813        0.687684         0.92693 
        1.65676          0.7215        0.675563        0.913378 
          1.669        0.709759        0.663726        0.898267 
        1.68133        0.695696        0.652097        0.886392 
        1.69363        0.687686        0.640782        0.872457 
        1.70585        0.672971        0.629808        0.859964 
        1.71809        0.662349        0.619069        0.846735 
        1.73038        0.648901        0.608546         0.83461 
        1.74268        0.636333        0.598262        0.821579 
        1.75493        0.631503        0.588264         0.81147 
        1.76714        0.617851        0.578519        0.798839 
        1.77942        0.605367        0.568946        0.787609 
        1.79173         0.59826        0.559565        0.775673 
        1.80402        0.588587        0.550416        0.765175 
         1.8163        0.578812        0.541476        0.753103 
         1.8286        0.565208         0.53272          0.7458 
         1.8409        0.560641        0.524165        0.734075 
        1.85315        0.552593        0.515827        0.723598 
        1.86537         0.53981        0.507687        0.714406 
        1.87765        0.532637        0.499692        0.704135 
        1.88995        0.525283         0.49185        0.695709 
        1.90221        0.516157        0.484205        0.685791 
        1.91445        0.509516        0.476734        0.677166 
        1.92674        0.500097        0.469396        0.668421 
        1.93902         0.49129        0.462211         0.65887 
        1.95124        0.484592        0.455216        0.650343 
         1.9635        0.479041        0.448347        0.641778 
        1.97583        0.470197        0.441577        0.633094 
        1.98812        0.463551        0.434972        0.626725 
        2.00039        0.456891        0.428516        0.617715 
        2.01264        0.450919        0.422197        0.610327 
        2.02492        0.444236        0.415996        0.603018 
        2.03717        0.437092         0.40993        0.595486 
        2.04942        0.431053        0.403993        0.587621 
        2.06171         0.42519        0.398154        0.580465 
        2.07397        0.417677        0.392443        0.573895 
        2.08629        0.414043         0.38682        0.566617 
        2.09857        0.406608        0.381321        0.560032 
        2.11081        0.400056        0.375951        0.552645 
        2.12309        0.395173        0.370672        0.547029 
        2.13538        0.389113        0.365487        0.540032 
        2.14763        0.385064        0.360418        0.534076 
        2.15986        0.379586        0.355457        0.528279 
        2.17214        0.373578         0.35057        0.521551 
        2.18443        0.369607         0.34577        0.515355 
        2.19671        0.364503        0.341065        0.509977 
        2.20898        0.359456        0.336454        0.503758 
        2.22126         0.35397        0.331923        0.498372 
        2.23354        0.350308        0.327477        0.493161 
         2.2458        0.346747         0.32312        0.486478 
        2.25807        0.341647        0.318839        0.481977 
        2.27035        0.336896        0.314632        0.476339 
        2.28263        0.332331        0.310502        0.471421 
         2.2949        0.328683        0.306449        0.465922 
        2.30718        0.324459        0.302467        0.461119 
        2.31946         0.32138        0.298554        0.456301 
        2.33169        0.315703        0.294727        0.451059 
        2.34393        0.312395        0.290961        0.446654 
        2.35622        0.308661        0.287249        0.441333 
        2.36847        0.305747        0.283612        0.436862 
        2.38076        0.301522        0.280027        0.432339 
        2.39305        0.297498        0.276505        0.427952 
        2.40534        0.294193        0.273044        0.423619 
        2.41762        0.291537        0.269642        0.418959 
        2.42989        0.287094        0.266303         0.41448 
        2.44216        0.284629        0.263022        0.410576 
         2.4544         0.28168        0.259803        0.406501 
        2.46667        0.278597         0.25663        0.402003 
        2.47897        0.274992        0.253503        0.398142 
        2.49124        0.271944        0.250437        0.394072 
        2.50349        0.268195        0.247426        0.390023 
        2.51578        0.265818        0.244455        0.386166 
        2.52805        0.264044        0.241539        0.382486 
        2.54029        0.261044        0.238677        0.378804 
        2.55257        0.257366        0.235853         0.37531 
        2.56487         0.25541         0.23307        0.371493 
        2.57716        0.252748        0.230335        0.367867 
        2.58942        0.250617         0.22765        0.364295 
        2.60167        0.247423        0.225011        0.360636 
        2.61395        0.244938        0.222409        0.357475 
        2.62624        0.242363        0.219845         0.35423 
        2.63849        0.241005         0.21733        0.350781 
        2.65073        0.237851        0.214857        0.347377 
        2.66302        0.236197        0.212413        0.344108 
         2.6753        0.233702        0.210009        0.340926 
        2.68756        0.232199        0.207647        0.337863 
        2.69983        0.229349         0.20532         0.33445 
        2.71213        0.226918        0.203023        0.331568 
        2.72441         0.22564        0.200766        0.328766 
        2.73665        0.223768        0.198548        0.325749 
         2.7489         0.22235        0.196365        0.322742 
        2.76118        0.220834        0.194209        0.319875 
        2.77349         0.21799        0.192079        0.317133 
        2.78576        0.217017         0.18999        0.314272 
        2.79802        0.215243        0.187933        0.311148 
        2.81031        0.213654        0.185902         0.30876 
        2.82259        0.212133        0.183902        0.305763 
        2.83483        0.210213        0.181938        0.303042 
         2.8471        0.208929            0.18        0.300793 
         2.8594        0.207623        0.178083        0.298246 
         2.8717        0.206696        0.176196        0.295529 
        2.88396        0.205564        0.174343         0.29307 
        2.89619        0.203883        0.172519        0.290689 
        2.90847        0.202911        0.170715        0.288256 
        2.92072        0.201046         0.16894          0.2856 
        2.93299        0.200234        0.167189        0.283123 
        2.94526        0.199195        0.165462         0.28088 
        2.95753        0.198558        0.163759        0.278634 
        2.96982        0.197253        0.162077        0.276186 
        2.98209        0.196598        0.160423        0.273759 
        2.99436        0.195198         0.15879        0.271567 
        3.00666        0.195071        0.157177        0.269407 
        3.01894        0.194216         0.15559        0.267302 
        3.03119        0.193575        0.154026        0.265057 
        3.04345        0.192571        0.152484        0.262971 
        3.05573        0.192408        0.150961        0.261001 
          3.068        0.191637        0.149459        0.258734 
        3.08026        0.190974         0.14798        0.256602 
        3.09254        0.191397        0.146518        0.254644 
        3.10483        0.190765        0.145075         0.25271 
         3.1171         0.19021        0.143654        0.250642 
        3.12933        0.190195        0.142256        0.248565 
        3.14159        0.189597        0.140873        0.246778 
