# k  (h/Mpc)    P(k)  (Mpc/h)^3    P_linear(k)  (Mpc/h)^3     P_NL(k)  ShotnoiseSubtracted = false
      0.0156606         6810.82         6702.02         6664.97 
      0.0273761         5884.46         5788.42         5762.74 
      0.0384619         4466.37         4358.65         4342.65 
      0.0498308          3483.2         3427.32         3413.53 
      0.0625568          2938.4          2912.2            2898 
      0.0751274         2570.51         2473.91         2451.97 
      0.0867833         2020.66         1991.62         1986.97 
      0.0984825         1659.36         1576.02         1586.69 
       0.111151         1397.35         1315.89         1326.81 
       0.123864         1255.23         1185.84         1194.99 
       0.135742         1131.79         1066.35         1075.75 
        0.14762         966.916         911.762         934.413 
       0.160083         803.519         759.994         785.883 
       0.172465         713.278         663.321         695.155 
       0.184281         659.749         611.498         645.085 
       0.196406         602.995         564.712         591.627 
       0.209011         549.721         502.446         532.002 
       0.221538          493.14         439.087         480.402 
       0.233611         451.401         392.867         439.097 
       0.245665         422.304           362.6         403.967 
       0.258103         387.852         337.548          378.73 
       0.270422         359.901         310.167         350.859 
       0.282519         328.241         281.493         324.293 
       0.294636         321.493          256.47         301.592 
       0.306978          284.14         237.278          284.17 
       0.319417         272.289         221.841         266.907 
        0.33169         254.559         207.064         250.573 
       0.343948         242.959         191.857          237.33 
       0.356249         225.665         177.595         225.479 
       0.368458         217.516         165.649         211.398 
        0.38068         206.271          155.66          200.86 
       0.392856         192.453         146.541         191.849 
       0.405069         183.772         137.624          183.13 
       0.417459         174.823         128.991         173.281 
       0.429752         168.155          121.24         165.924 
       0.441978         161.636         114.438         160.037 
       0.454294         150.472         108.261         151.912 
        0.46658         150.688         102.465         146.486 
       0.478753          141.38         96.9971         140.919 
       0.490964         137.069          91.861         135.457 
       0.503334         130.548          87.121         130.624 
       0.515665         126.753         82.7983          127.08 
       0.527909         122.591         78.8077         121.226 
       0.540159         118.401          75.032         117.569 
        0.55248         113.922         71.4497         113.374 
       0.564743          110.86         68.1329         110.204 
        0.57686         107.394         65.0843         106.526 
       0.589077         102.432         62.2065         103.773 
       0.601441         100.061           59.47         100.824 
        0.61382         98.0099         56.8899         97.5562 
       0.626067         94.0374         54.4824         95.0125 
       0.638306         90.9893         52.2152         92.4422 
       0.650632         87.7375         50.0671         89.1778 
       0.662899         87.1192         48.0542         86.9836 
       0.675076         83.8961         46.1677          84.794 
       0.687267         82.2129         44.3801         82.6339 
       0.699615         79.5201         42.6649         80.9322 
       0.711937         76.9425         41.0434         78.4366 
       0.724148         76.3571         39.5199         77.2897 
       0.736433          72.912         38.0663         75.1166 
       0.748747         71.7204         36.6836         73.3838 
       0.761037         69.9595         35.3729         71.6379 
       0.773197         68.4351         34.1398         70.6246 
       0.785376         66.5654         32.9641         68.7898 
       0.797761         65.9622         31.8256         67.6156 
       0.810096         63.7693         30.7453         66.0319 
       0.822371         62.5615         29.7205         64.6364 
       0.834626         61.0367         28.7442          63.564 
       0.846916         59.9452         27.8095         62.3163 
       0.859215         58.4921         26.9161         60.9941 
       0.871383         57.7223          26.071         59.9523 
        0.88363         56.1543         25.2573         59.0487 
       0.895928         54.9208         24.4755         57.8789 
       0.908253         53.6707         23.7254         56.9279 
       0.920535         53.2702         23.0095          55.918 
       0.932774         52.2368         22.3257         54.9625 
        0.94508         51.4304         21.6664         53.8954 
       0.957324         50.1214         21.0371         53.1453 
        0.96953         49.8758         20.4348         52.1571 
       0.981769         48.3138         19.8547         51.4898 
       0.994071         47.6785         19.2945         50.6909 
         1.0064         46.6466          18.755         49.8718 
        1.01868         45.8266         18.2378         49.1707 
        1.03092         45.2307         17.7425         48.3921 
         1.0432         44.4168         17.2639         47.5502 
        1.05553         43.3774         16.8012         47.1789 
        1.06777         42.7688         16.3589          46.356 
           1.08         41.7535          15.933         45.6577 
        1.09227          41.314         15.5209          45.074 
         1.1046         40.7057          15.122         44.3891 
         1.1169         40.2046         14.7378         43.7664 
        1.12915         39.5036          14.369           43.24 
        1.14142          38.699          14.012         42.6662 
        1.15365          38.186         13.6683          42.153 
        1.16585         37.6067          13.337         41.5502 
        1.17807         36.9741         13.0164         40.9474 
        1.19037         36.8181         12.7043         40.6072 
        1.20276         36.2183         12.4003         40.0594 
        1.21504          35.591         12.1087         39.6327 
        1.22728         34.9655         11.8277         39.1146 
        1.23954         34.5748          11.555         38.5511 
        1.25184          33.952         11.2903         38.1761 
        1.26414         33.5174         11.0339          37.671 
        1.27632         33.2223         10.7878         37.2563 
         1.2886         32.8605         10.5475         36.8592 
        1.30093         32.2109         10.3137         36.4061 
        1.31316         31.7628         10.0886         36.0447 
        1.32541         31.5074         9.87031         35.6512 
        1.33772         30.9132         9.65724         35.2675 
        1.35005         30.5321         9.45035          34.912 
        1.36225         30.0792         9.25163         34.5652 
        1.37447         29.3979         9.05827         34.1474 
        1.38676         29.4197         8.86956         33.8553 
        1.39907         28.9354         8.68593         33.5202 
        1.41133         28.3823          8.5083          33.132 
        1.42358         28.1065         8.33582         32.7969 
        1.43591         27.7102         8.16695         32.5065 
        1.44818         27.4522         8.00369         32.1518 
        1.46037         27.1384         7.84588         31.8136 
        1.47263         26.8797         7.69146         31.5652 
        1.48494         26.4405         7.54061         31.2242 
        1.49724         26.3648         7.39393         30.9356 
        1.50952         25.8646         7.25147         30.6918 
        1.52178         25.5296         7.11297         30.3613 
        1.53409         25.2705         6.97754          30.095 
        1.54637              25         6.84592          29.778 
        1.55858         24.4369         6.71845         29.5338 
        1.57081         24.4676         6.59405          29.286 
        1.58313         24.1698         6.47204         28.9944 
        1.59544         23.7158         6.35318         28.7671 
        1.60767         23.4728         6.23807         28.4679 
        1.61994         23.1601         6.12542         28.2528 
        1.63225         23.0745         6.01533          28.054 
        1.64452         22.6825         5.90825         27.8088 
        1.65676         22.4718         5.80411         27.5434 
          1.669         22.2644         5.70241         27.3344 
        1.68133         21.9148          5.6025         27.0922 
        1.69363         21.6625         5.50529         26.7967 
        1.70585          21.459           5.411         26.6685 
        1.71809         21.1431         5.31874         26.4072 
        1.73038         21.0007         5.22833         26.2262 
        1.74268          20.789         5.13998         25.9626 
        1.75493         20.4736         5.05408         25.7808 
        1.76714         20.4077         4.97036         25.5792 
        1.77942         20.1813         4.88811         25.3571 
        1.79173         19.7611         4.80752           25.17 
        1.80402         19.5743         4.72891         25.0261 
         1.8163         19.5004          4.6521          24.752 
         1.8286         19.1862         4.57687          24.601 
         1.8409         18.9936         4.50337         24.4176 
        1.85315          18.834         4.43173         24.2315 
        1.86537          18.574          4.3618          24.049 
        1.87765         18.4546         4.29311          23.861 
        1.88995          18.201         4.22574         23.6661 
        1.90221         18.0463         4.16005         23.4901 
        1.91445         17.8428         4.09587         23.3117 
        1.92674         17.6676         4.03282         23.1434 
        1.93902         17.4562         3.97109         23.0033 
        1.95124         17.2155         3.91099         22.8772 
         1.9635         17.0911         3.85198         22.6596 
        1.97583         16.9224         3.79381         22.4817 
        1.98812         16.7646         3.73707         22.3529 
        2.00039         16.6169          3.6816         22.1845 
        2.01264          16.436         3.62731         22.0442 
        2.02492         16.2772         3.57404         21.8541 
        2.03717          16.068         3.52192         21.7129 
        2.04942         15.9241         3.47091         21.5515 
        2.06171         15.8022         3.42074         21.4036 
        2.07397         15.6564         3.37168         21.2539 
        2.08629         15.5128         3.32337         21.1102 
        2.09857           15.37         3.27612         20.9701 
        2.11081         15.1731         3.22999         20.8337 
        2.12309          15.031         3.18463         20.6815 
        2.13538         14.8614         3.14008         20.5351 
        2.14763         14.7189         3.09654         20.4085 
        2.15986         14.6789         3.05392         20.2893 
        2.17214         14.4885         3.01193         20.1416 
        2.18443         14.3168         2.97069         20.0052 
        2.19671         14.2103         2.93027         19.8603 
        2.20898         14.0663         2.89065         19.7417 
        2.22126         13.9365         2.85172         19.6157 
        2.23354         13.8803         2.81352          19.474 
         2.2458         13.6962         2.77609          19.381 
        2.25807         13.5463         2.73931         19.2135 
        2.27035         13.4547         2.70316         19.1018 
        2.28263         13.3127         2.66768         18.9758 
         2.2949         13.2359         2.63286         18.8694 
        2.30718         13.1292         2.59865         18.7614 
        2.31946         12.9928         2.56503         18.6275 
        2.33169         12.8687         2.53215         18.5102 
        2.34393           12.76         2.49979         18.4034 
        2.35622         12.5936          2.4679         18.2853 
        2.36847         12.5246         2.43666         18.1662 
        2.38076         12.3852         2.40586         18.0569 
        2.39305         12.2722          2.3756         17.9379 
        2.40534          12.186         2.34586         17.8108 
        2.41762         12.0814         2.31663         17.7282 
        2.42989         11.9925         2.28795         17.6098 
        2.44216         11.8789         2.25975         17.4923 
         2.4544         11.8244          2.2321         17.3828 
        2.46667         11.7045         2.20484         17.2896 
        2.47897         11.5753         2.17798         17.1715 
        2.49124         11.5036         2.15163         17.0711 
        2.50349         11.3955         2.12577         16.9635 
        2.51578         11.3083         2.10024         16.8805 
        2.52805         11.2246         2.07519         16.7754 
        2.54029         11.1576          2.0506         16.6763 
        2.55257         11.0922         2.02634         16.5721 
        2.56487         10.9189         2.00242         16.4703 
        2.57716          10.872         1.97893         16.3642 
        2.58942         10.8076         1.95586         16.2868 
        2.60167         10.7145         1.93318         16.1925 
        2.61395          10.681         1.91083         16.0916 
        2.62624         10.5722         1.88881         16.0009 
        2.63849         10.4838          1.8672         15.9177 
        2.65073         10.4163         1.84594         15.8135 
        2.66302         10.3457         1.82495         15.7255 
         2.6753          10.294          1.8043         15.6298 
        2.68756         10.2302           1.784         15.5526 
        2.69983         10.1417         1.76401         15.4521 
        2.71213          10.079         1.74428         15.3553 
        2.72441         10.0195         1.72488         15.2761 
        2.73665         9.99259         1.70583         15.1837 
         2.7489         9.91644         1.68708         15.0915 
        2.76118         9.81674         1.66855         15.0163 
        2.77349         9.77605         1.65025         14.9307 
        2.78576           9.717         1.63231           14.85 
        2.79802         9.66904         1.61463         14.7618 
        2.81031         9.62025         1.59718         14.6798 
        2.82259         9.59004         1.57999         14.5976 
        2.83483         9.51388         1.56313          14.517 
         2.8471         9.46435         1.54647         14.4379 
         2.8594          9.4451         1.53001         14.3558 
         2.8717         9.39711         1.51379         14.2741 
        2.88396         9.34421         1.49787         14.1966 
        2.89619         9.29578          1.4822         14.1205 
        2.90847         9.25333          1.4667         14.0417 
        2.92072         9.25071         1.45145         13.9573 
        2.93299         9.18128         1.43641         13.8879 
        2.94526         9.17392         1.42157         13.8151 
        2.95753         9.13709         1.40694         13.7361 
        2.96982         9.09363         1.39249         13.6597 
        2.98209          9.0847         1.37827         13.5834 
        2.99436         9.06771         1.36425         13.5079 
        3.00666         9.03673         1.35039         13.4379 
        3.01894         9.01688         1.33675          13.374 
        3.03119         8.99985         1.32332         13.2969 
        3.04345         8.94664         1.31007         13.2171 
        3.05573         8.97823         1.29698         13.1498 
          3.068          8.9525         1.28408         13.0843 
        3.08026         8.95456         1.27137         13.0053 
        3.09254         8.95024         1.25881          12.941 
        3.10483         8.94664         1.24642         12.8806 
         3.1171         8.95461         1.23421         12.8092 
        3.12933          8.9598         1.22219         12.7386 
        3.14159         8.92276         1.21031         12.6719 
