# k  (h/Mpc)    P(k)  (Mpc/h)^3    P_linear(k)  (Mpc/h)^3     P_NL(k)  ShotnoiseSubtracted = false
      0.0156606         8673.65         8597.39         8547.39 
      0.0273761         7482.59         7424.35         7385.34 
      0.0384619         5676.85         5590.03         5562.94 
      0.0498308         4419.68         4395.34          4370.7 
      0.0625568         3728.83         3734.58          3710.5 
      0.0751274         3273.23         3172.44         3136.35 
      0.0867833         2565.69         2553.92         2545.36 
      0.0984825         2116.79         2020.96         2036.62 
       0.111151         1786.58         1687.38         1703.77 
       0.123864         1604.53          1520.6         1534.39 
       0.135742         1448.82         1367.36         1381.55 
        0.14762         1241.41         1169.14         1204.17 
       0.160083         1033.26         974.523         1014.97 
       0.172465         918.865         850.559         900.693 
       0.184281         848.135         784.106         836.624 
       0.196406         777.244         724.113         766.954 
       0.209011          711.62         644.269         690.726 
       0.221538         640.009         563.026          627.85 
       0.233611         590.072         503.759         576.447 
       0.245665         549.448         464.948         530.234 
       0.258103         510.701         432.825         497.758 
       0.270422         470.176         397.714         462.209 
       0.282519         430.497         360.946         428.661 
       0.294636         424.339         328.861         400.143 
       0.306978         376.168         304.251         378.352 
       0.319417          361.14         284.456         355.566 
        0.33169         338.603         265.509          334.14 
       0.343948         323.026         246.009          318.24 
       0.356249         301.213         227.721         303.109 
       0.368458         291.243         212.404         284.995 
        0.38068         277.244         199.596          271.32 
       0.392856          259.12         187.902         259.592 
       0.405069         248.302         176.468         249.098 
       0.417459         236.768         165.398         235.761 
       0.429752         228.077         155.461         226.377 
       0.441978         220.021         146.738         218.813 
       0.454294         205.239         138.817          208.12 
        0.46658         205.228         131.386         201.418 
       0.478753         194.049         124.375         194.003 
       0.490964         187.973         117.789         186.735 
       0.503334         178.124         111.711         180.713 
       0.515665         174.429         106.168         176.126 
       0.527909         169.157         101.051         168.883 
       0.540159          163.67         96.2098         163.948 
        0.55248          159.23         91.6164         158.478 
       0.564743         154.551         87.3634         154.481 
        0.57686          149.53         83.4543         149.424 
       0.589077         143.081         79.7642         145.922 
       0.601441         140.172         76.2554         142.097 
        0.61382         138.239         72.9471         137.927 
       0.626067         133.245           69.86         134.429 
       0.638306         128.128         66.9529         131.286 
       0.650632         123.782         64.1985         126.742 
       0.662899          123.76         61.6174         124.025 
       0.675076         119.343         59.1985         121.056 
       0.687267         116.475         56.9064         118.243 
       0.699615         113.261          54.707         115.816 
       0.711937         110.053         52.6279         112.785 
       0.724148         108.822         50.6744         111.202 
       0.736433         105.012         48.8104         108.301 
       0.748747         102.844         47.0375         105.964 
       0.761037         100.831         45.3568          103.49 
       0.773197         98.6206         43.7757         102.298 
       0.785376          96.641         42.2681         99.7274 
       0.797761         95.4591         40.8083         98.2684 
       0.810096         92.1944         39.4231         96.0854 
       0.822371         90.2808          38.109         94.3088 
       0.834626         88.3803         36.8573         92.6993 
       0.846916          87.321         35.6587         91.1154 
       0.859215         85.5807         34.5131         89.3242 
       0.871383         84.3616         33.4295          87.827 
        0.88363         82.1084         32.3862         86.6414 
       0.895928         80.5304         31.3836          85.225 
       0.908253         78.4815         30.4219          83.713 
       0.920535          78.114         29.5038          82.483 
       0.932774         76.3813         28.6271         81.0313 
        0.94508         75.4488         27.7817         79.6825 
       0.957324         73.6955         26.9748          78.654 
        0.96953         73.7687         26.2025         77.2665 
       0.981769         71.2887         25.4586         76.4136 
       0.994071         70.5259         24.7403         75.2849 
         1.0064         68.9707         24.0485          74.161 
        1.01868         68.1583         23.3854         73.1903 
        1.03092         66.9147         22.7503         72.1483 
         1.0432         65.7761         22.1366         71.0611 
        1.05553         64.0777         21.5433         70.4673 
        1.06777         63.8017         20.9761          69.457 
           1.08         62.4088           20.43         68.4926 
        1.09227         61.5252         19.9017         67.4986 
         1.1046         60.5704         19.3901         66.6596 
         1.1169         59.8819         18.8976         65.6938 
        1.12915         58.9999         18.4246         65.0245 
        1.14142         57.8607         17.9669         64.2231 
        1.15365         56.8872         17.5261         63.4884 
        1.16585          56.086         17.1014         62.6174 
        1.17807         55.2125         16.6903         61.8841 
        1.19037         55.1004           16.29         61.2959 
        1.20276         54.0298         15.9002         60.5713 
        1.21504         53.5222         15.5263          59.861 
        1.22728         52.3982          15.166         59.2141 
        1.23954         51.8202         14.8163         58.4242 
        1.25184         50.9713          14.477         57.9155 
        1.26414         50.1653         14.1482         57.1956 
        1.27632         49.7555         13.8326          56.647 
         1.2886         49.2258         13.5245         55.9979 
        1.30093          48.494         13.2247         55.2783 
        1.31316         47.7379         12.9361         54.8883 
        1.32541         47.4513         12.6562         54.2573 
        1.33772         46.5749          12.383         53.6905 
        1.35005         46.0925         12.1177          53.179 
        1.36225         45.2982         11.8629         52.6483 
        1.37447         44.2319         11.6149         52.0884 
        1.38676         44.4056          11.373         51.6011 
        1.39907         43.6983         11.1375         51.1639 
        1.41133         42.7974         10.9098         50.6896 
        1.42358         42.3235         10.6886         50.1168 
        1.43591         41.9443         10.4721         49.7082 
        1.44818          41.435         10.2627          49.117 
        1.46037         40.8944         10.0604         48.7306 
        1.47263         40.5723         9.86235         48.3389 
        1.48494         39.7711         9.66893         47.8232 
        1.49724         39.5298         9.48085         47.3856 
        1.50952         39.1082         9.29818         46.9756 
        1.52178         38.5007         9.12058         46.5728 
        1.53409         38.1928         8.94693         46.1581 
        1.54637         37.5682         8.77816          45.707 
        1.55858          36.789         8.61472          45.289 
        1.57081          36.816         8.45521         44.9696 
        1.58313         36.3871         8.29875         44.5707 
        1.59544         35.7428         8.14635         44.1639 
        1.60767         35.2952         7.99875         43.7563 
        1.61994         34.8606         7.85431         43.4045 
        1.63225         34.6378         7.71314         43.0453 
        1.64452         34.2225         7.57583         42.7058 
        1.65676         33.7867          7.4423         42.3205 
          1.669         33.4753          7.3119         42.0301 
        1.68133         33.1508          7.1838          41.628 
        1.69363         32.5907         7.05914          41.275 
        1.70585         32.3772         6.93824         41.0302 
        1.71809         31.8147         6.81994         40.5916 
        1.73038         31.6409         6.70402         40.3517 
        1.74268         31.1626         6.59073         39.9428 
        1.75493         30.8475         6.48057         39.6611 
        1.76714         30.5643         6.37323         39.3756 
        1.77942           30.25         6.26777         39.0554 
        1.79173         29.8368         6.16442         38.7347 
        1.80402          29.502         6.06363         38.5256 
         1.8163         29.2948         5.96514         38.0797 
         1.8286         28.8011         5.86868         37.8601 
         1.8409         28.5523         5.77444         37.5488 
        1.85315          28.232         5.68258         37.3105 
        1.86537          27.866          5.5929         37.0297 
        1.87765         27.7297         5.50483         36.7327 
        1.88995         27.3045         5.41844         36.3957 
        1.90221         27.0438         5.33422         36.1372 
        1.91445         26.6533         5.25192         35.8945 
        1.92674         26.4172         5.17107         35.6088 
        1.93902         26.1216         5.09192         35.3715 
        1.95124         25.6815         5.01486         35.1576 
         1.9635         25.5281         4.93919         34.8587 
        1.97583         25.2582         4.86461         34.6325 
        1.98812         25.0297         4.79185         34.3761 
        2.00039          24.726         4.72072         34.1212 
        2.01264         24.4307         4.65111         33.8998 
        2.02492         24.2533          4.5828         33.6264 
        2.03717         23.8805         4.51597          33.395 
        2.04942         23.6755         4.45057         33.1379 
        2.06171         23.4943         4.38624         32.9284 
        2.07397         23.2363         4.32332         32.6639 
        2.08629         22.9914         4.26138         32.4296 
        2.09857         22.7269          4.2008         32.2219 
        2.11081         22.4711         4.14164          31.989 
        2.12309         22.3073         4.08349         31.7619 
        2.13538         21.9612         4.02636          31.567 
        2.14763         21.8358         3.97053         31.3365 
        2.15986         21.5691         3.91588         31.1137 
        2.17214         21.3575         3.86203         30.9202 
        2.18443         21.1464         3.80915         30.6755 
        2.19671         20.8822         3.75733          30.469 
        2.20898         20.6967         3.70653         30.2506 
        2.22126         20.5759         3.65661         30.0573 
        2.23354         20.3733         3.60763          29.874 
         2.2458         20.1826         3.55964         29.6791 
        2.25807         19.8823         3.51247         29.4411 
        2.27035         19.6916         3.46612          29.267 
        2.28263         19.5417         3.42063         29.0764 
         2.2949         19.3666         3.37598         28.8866 
        2.30718         19.1794         3.33211         28.6834 
        2.31946         19.0481           3.289           28.49 
        2.33169          18.811         3.24684         28.3033 
        2.34393         18.6351         3.20535         28.1314 
        2.35622           18.45         3.16446         27.9505 
        2.36847         18.2423         3.12439         27.7452 
        2.38076         18.0909          3.0849         27.5936 
        2.39305         17.9338          3.0461         27.4162 
        2.40534         17.7473         3.00797         27.1986 
        2.41762         17.5654          2.9705         27.0708 
        2.42989         17.4505         2.93372         26.8541 
        2.44216          17.218         2.89756         26.7041 
         2.4544         17.2059          2.8621         26.5176 
        2.46667         16.9736         2.82715         26.3577 
        2.47897         16.7642         2.79271         26.1777 
        2.49124         16.6964         2.75893         26.0129 
        2.50349         16.4703         2.72576         25.8393 
        2.51578         16.3704         2.69303         25.7011 
        2.52805         16.2072          2.6609          25.528 
        2.54029         16.0776         2.62937         25.3663 
        2.55257         15.9695         2.59826         25.2006 
        2.56487         15.7772          2.5676         25.0527 
        2.57716         15.6728         2.53747         24.8745 
        2.58942         15.5821          2.5079         24.7439 
        2.60167         15.3542         2.47882         24.5846 
        2.61395         15.2928         2.45016         24.4305 
        2.62624         15.2021         2.42191         24.2705 
        2.63849         15.0296          2.3942          24.145 
        2.65073         14.8993         2.36696         23.9805 
        2.66302         14.8042         2.34004         23.8465 
         2.6753         14.7414         2.31355         23.6909 
        2.68756         14.5936         2.28753         23.5565 
        2.69983         14.4623         2.26189         23.3977 
        2.71213         14.3339         2.23659         23.2447 
        2.72441         14.2494         2.21172         23.1109 
        2.73665         14.1397          2.1873          22.973 
         2.7489         14.0972         2.16325         22.8324 
        2.76118         13.9462         2.13949          22.697 
        2.77349         13.8654         2.11603         22.5629 
        2.78576         13.7614         2.09302         22.4365 
        2.79802         13.6963         2.07036         22.2893 
        2.81031         13.6004         2.04798          22.151 
        2.82259         13.4645         2.02594         22.0339 
        2.83483         13.4608         2.00431         21.9019 
         2.8471         13.3839         1.98296         21.7576 
         2.8594          13.272         1.96185         21.6222 
         2.8717         13.2171         1.94105         21.5037 
        2.88396         13.1342         1.92064         21.3738 
        2.89619         13.1045         1.90055         21.2451 
        2.90847          13.007         1.88067          21.135 
        2.92072         12.9658         1.86112         20.9866 
        2.93299         12.8614         1.84183           20.88 
        2.94526         12.8171          1.8228         20.7664 
        2.95753         12.7893         1.80404          20.634 
        2.96982         12.7186         1.78552         20.5149 
        2.98209         12.6839         1.76729         20.3987 
        2.99436         12.6338          1.7493         20.2721 
        3.00666         12.6151         1.73153         20.1524 
        3.01894         12.5605         1.71404         20.0507 
        3.03119         12.5441         1.69682         19.9323 
        3.04345         12.4673         1.67984         19.8058 
        3.05573         12.4659         1.66305         19.6947 
          3.068         12.4191         1.64651         19.5884 
        3.08026          12.416         1.63021         19.4627 
        3.09254         12.3622         1.61411         19.3582 
        3.10483         12.3796         1.59821         19.2577 
         3.1171         12.4096         1.58256         19.1443 
        3.12933         12.3688         1.56715         19.0336 
        3.14159         12.3232         1.55192         18.9186 
