# k  (h/Mpc)    Pcb(k)  (Mpc/h)^3    Pcb_linear(k) (Mpc/h)^3    Pcb_NL(k) (Mpc/h)^3   ShotnoiseSubtracted = false
      0.0156606         249.434         250.265         249.123 
      0.0273761         217.743         216.713           216.3 
      0.0384619          165.32         163.371         163.404 
      0.0498308         130.291         128.544         128.662 
      0.0625568         110.011         109.268         109.239 
      0.0751274         93.8592         92.8457         92.7338 
      0.0867833         75.3695         74.7564          74.746 
      0.0984825           60.19          59.163         59.2392 
       0.111151         50.2696         49.4019         49.4651 
       0.123864         45.1218         44.5222         44.5286 
       0.135742         40.4789         40.0373         40.0258 
        0.14762         34.5114         34.2344         34.2708 
       0.160083          28.775         28.5367         28.6013 
       0.172465         25.1504         24.9073         24.9793 
       0.184281         23.2216         22.9617         23.0256 
       0.196406         21.3075         21.2052         21.2429 
       0.209011         19.0242         18.8673         18.9178 
       0.221538         16.7138         16.4884         16.5719 
       0.233611         14.9507         14.7529         14.8465 
       0.245665         13.8861         13.6164         13.6956 
       0.258103         12.7188         12.6757         12.7509 
       0.270422         11.7936         11.6475         11.7189 
       0.282519         10.7084         10.5708         10.6522 
       0.294636         9.86392         9.63119         9.71848 
       0.306978         8.96389         8.91048         8.99979 
       0.319417         8.45148         8.33079          8.4165 
        0.33169         7.87232         7.77591         7.85754 
       0.343948         7.34281         7.20484         7.28586 
       0.356249         6.74602         6.66928         6.76507 
       0.368458         6.33149          6.2207         6.30381 
        0.38068         5.91698         5.84556         5.92814 
       0.392856         5.57681         5.50312          5.5864 
       0.405069         5.26259         5.16827         5.24611 
       0.417459         4.86387         4.84405          4.9276 
       0.429752         4.60565         4.55301         4.63472 
       0.441978         4.36665         4.29756         4.38507 
       0.454294         4.10678          4.0656         4.14779 
        0.46658         3.92576         3.84795          3.9277 
       0.478753         3.70206         3.64262         3.72143 
       0.490964         3.53094         3.44975         3.53486 
       0.503334         3.36035         3.27173         3.35016 
       0.515665         3.16615          3.1094         3.19257 
       0.527909          3.0362         2.95954          3.0359 
       0.540159         2.87362         2.81776         2.89243 
        0.55248         2.72405         2.68324         2.75378 
       0.564743         2.63423         2.55867         2.63626 
        0.57686         2.51242         2.44418         2.51785 
       0.589077         2.37581         2.33611         2.41324 
       0.601441         2.28571         2.23335         2.30823 
        0.61382         2.18775         2.13646         2.20831 
       0.626067         2.08725         2.04604         2.11687 
       0.638306         2.00959          1.9609         2.03029 
       0.650632         1.94079         1.88023         1.95095 
       0.662899         1.86339         1.80464         1.87231 
       0.675076         1.77127         1.73379         1.80186 
       0.687267         1.70031         1.66666         1.73037 
       0.699615         1.65558         1.60225         1.66519 
       0.711937         1.58569         1.54136          1.6068 
       0.724148         1.53752         1.48414         1.54751 
       0.736433         1.47095         1.42955         1.48976 
       0.748747         1.41978         1.37763         1.44132 
       0.761037         1.36515         1.32841         1.38917 
       0.773197         1.31635          1.2821         1.34408 
       0.785376         1.27029         1.23795         1.29795 
       0.797761         1.22797         1.19519         1.25247 
       0.810096         1.19893         1.15462         1.21441 
       0.822371         1.16008         1.11613         1.17252 
       0.834626         1.12378         1.07947         1.13438 
       0.846916         1.08671         1.04437         1.10235 
       0.859215         1.04325         1.01082         1.06854 
       0.871383         1.01227        0.979081          1.0341 
        0.88363        0.982299        0.948524         1.00358 
       0.895928        0.956226        0.919162        0.972776 
       0.908253        0.928624        0.890995        0.944458 
       0.920535        0.901101        0.864108        0.915787 
       0.932774        0.872267        0.838429        0.888444 
        0.94508        0.849362         0.81367        0.863265 
       0.957324        0.827141        0.790037        0.840791 
        0.96953        0.798921        0.767418        0.816908 
       0.981769        0.776051        0.745633        0.792819 
       0.994071        0.756139        0.724594        0.773983 
         1.0064        0.734483        0.704334        0.751629 
        1.01868         0.71572        0.684911        0.732316 
        1.03092        0.700152        0.666311        0.711686 
         1.0432        0.682095        0.648338        0.693491 
        1.05553         0.66082        0.630961        0.676539 
        1.06777        0.643092        0.614349        0.659122 
           1.08        0.631016        0.598355        0.642339 
        1.09227        0.610821        0.582881        0.625919 
         1.1046        0.596267        0.567899        0.611077 
         1.1169        0.581655        0.553472        0.596266 
        1.12915        0.566216        0.539619          0.5816 
        1.14142        0.556018        0.526214        0.567921 
        1.15365        0.542489        0.513306        0.554365 
        1.16585         0.52849        0.500866        0.540957 
        1.17807        0.519215        0.488825        0.529347 
        1.19037        0.501575        0.477102        0.516406 
        1.20276         0.49284        0.465686        0.503757 
        1.21504        0.483028        0.454735        0.494319 
        1.22728        0.473747        0.444182        0.481673 
        1.23954        0.461659         0.43394        0.472031 
        1.25184        0.453672        0.424003        0.461021 
        1.26414        0.443149        0.414374          0.4511 
        1.27632         0.43016        0.405131         0.44096 
         1.2886        0.419731        0.396106        0.431195 
        1.30093        0.411061        0.387324         0.42334 
        1.31316        0.400683        0.378874        0.413842 
        1.32541        0.393364        0.370674        0.405796 
        1.33772        0.385969        0.362673        0.397309 
        1.35005        0.380196        0.354903        0.389236 
        1.36225        0.371784        0.347441        0.381027 
        1.37447        0.364758        0.340179        0.373955 
        1.38676        0.358047        0.333092        0.365997 
        1.39907        0.350474        0.326196        0.358829 
        1.41133        0.342112        0.319525        0.352074 
        1.42358         0.33742        0.313048        0.344528 
        1.43591        0.330789        0.306706        0.338497 
        1.44818        0.324079        0.300575        0.332373 
        1.46037         0.31781        0.294649        0.325398 
        1.47263        0.311561        0.288849        0.319602 
        1.48494        0.305798        0.283184         0.31403 
        1.49724        0.300123        0.277676        0.308252 
        1.50952        0.294022        0.272326        0.301532 
        1.52178        0.289361        0.267124        0.296287 
        1.53409        0.284691        0.262038        0.291246 
        1.54637        0.278322        0.257096        0.285687 
        1.55858        0.274249        0.252309        0.280595 
        1.57081        0.269436        0.247637        0.275536 
        1.58313        0.265393        0.243055        0.270854 
        1.59544        0.261013        0.238591        0.266019 
        1.60767        0.256465        0.234268        0.261463 
        1.61994        0.250672        0.230038        0.257331 
        1.63225        0.246093        0.225903        0.252846 
        1.64452        0.243505        0.221882        0.248327 
        1.65676         0.24003        0.217971        0.244277 
          1.669        0.236075        0.214152        0.240083 
        1.68133        0.231326          0.2104        0.236174 
        1.69363        0.227286        0.206749        0.232514 
        1.70585        0.223604        0.203208        0.228254 
        1.71809        0.220034        0.199743        0.224675 
        1.73038        0.217139        0.196348        0.221259 
        1.74268        0.212641         0.19303        0.217291 
        1.75493        0.211398        0.189804        0.214267 
        1.76714        0.206952         0.18666        0.210862 
        1.77942         0.20449        0.183571        0.207571 
        1.79173        0.201373        0.180544        0.203916 
        1.80402        0.197709        0.177592        0.201153 
         1.8163        0.195146        0.174708        0.197437 
         1.8286        0.192057        0.171883        0.195076 
         1.8409        0.189057        0.169122        0.191747 
        1.85315        0.186973        0.166432        0.188872 
        1.86537         0.18292        0.163805        0.185965 
        1.87765        0.180464        0.161226         0.18342 
        1.88995        0.179024        0.158696        0.180655 
        1.90221        0.176685        0.156229        0.177914 
        1.91445        0.173132        0.153819        0.175412 
        1.92674        0.170692        0.151451        0.172724 
        1.93902        0.168132        0.149133        0.170164 
        1.95124        0.165718        0.146876        0.167694 
         1.9635        0.163677        0.144659        0.165265 
        1.97583        0.161878        0.142475        0.162946 
        1.98812        0.159408        0.140344        0.160628 
        2.00039        0.158046        0.138261        0.158349 
        2.01264        0.155539        0.136222        0.156221 
        2.02492        0.154056        0.134221        0.153956 
        2.03717        0.151137        0.132264        0.151813 
        2.04942        0.149596        0.130349         0.14973 
        2.06171        0.147474        0.128465        0.147616 
        2.07397        0.145184        0.126622        0.145678 
        2.08629          0.1437        0.124808        0.143658 
        2.09857        0.142036        0.123033         0.14174 
        2.11081        0.140436        0.121301        0.139625 
        2.12309        0.138134        0.119598        0.138017 
        2.13538        0.136709        0.117925        0.136115 
        2.14763         0.13519        0.116289        0.134371 
        2.15986        0.133312        0.114689        0.132658 
        2.17214        0.131685        0.113112        0.130871 
        2.18443        0.130648        0.111563        0.129234 
        2.19671        0.128687        0.110045        0.127604 
        2.20898         0.12744        0.108557        0.125877 
        2.22126        0.125548        0.107095        0.124349 
        2.23354        0.124094        0.105661        0.122777 
         2.2458        0.122937        0.104255        0.121003 
        2.25807        0.121583        0.102874        0.119649 
        2.27035        0.120083        0.101516        0.118195 
        2.28263        0.118621        0.100184        0.116733 
         2.2949        0.117584        0.098876        0.115075 
        2.30718        0.115964       0.0975912        0.113762 
        2.31946        0.115073       0.0963286        0.112408 
        2.33169        0.113274       0.0950938        0.111036 
        2.34393        0.112715       0.0938787        0.109764 
        2.35622        0.111461        0.092681         0.10841 
        2.36847        0.110326       0.0915076        0.107131 
        2.38076        0.108966       0.0903509        0.105866 
        2.39305        0.108062       0.0892146        0.104558 
        2.40534        0.106737       0.0880978        0.103279 
        2.41762        0.105674       0.0870002        0.102067 
        2.42989        0.104637        0.085923        0.100847 
        2.44216        0.103676       0.0848641       0.0997491 
         2.4544        0.102537       0.0838256       0.0986068 
        2.46667        0.101467        0.082802       0.0974272 
        2.47897        0.100106        0.081793       0.0962488 
        2.49124       0.0995621       0.0808037       0.0951851 
        2.50349       0.0984517       0.0798322       0.0940359 
        2.51578       0.0973589       0.0788737       0.0929443 
        2.52805       0.0969663       0.0779327       0.0919585 
        2.54029       0.0958697       0.0770094       0.0909759 
        2.55257        0.095142       0.0760982       0.0899535 
        2.56487       0.0942134       0.0752001       0.0889389 
        2.57716       0.0935241       0.0743177       0.0879164 
        2.58942       0.0924132       0.0734515       0.0869401 
        2.60167       0.0915068       0.0725999       0.0860088 
        2.61395       0.0907773       0.0717606        0.085021 
        2.62624       0.0904387       0.0709333       0.0841625 
        2.63849       0.0892801       0.0701217       0.0832258 
        2.65073        0.088537       0.0693237       0.0823554 
        2.66302       0.0879955       0.0685352       0.0814085 
         2.6753       0.0872422       0.0677595       0.0805454 
        2.68756       0.0867896       0.0669974       0.0797107 
        2.69983       0.0857601       0.0662465       0.0787915 
        2.71213       0.0851156       0.0655055       0.0780036 
        2.72441       0.0844596       0.0647772       0.0772043 
        2.73665       0.0836842       0.0640617       0.0764122 
         2.7489       0.0834489       0.0633574       0.0756256 
        2.76118       0.0827131       0.0626616       0.0748029 
        2.77349       0.0820092       0.0619745       0.0740768 
        2.78576       0.0816573       0.0613005       0.0733487 
        2.79802        0.080884       0.0606368       0.0724819 
        2.81031       0.0802253       0.0599814       0.0717707 
        2.82259       0.0797365        0.059336       0.0710789 
        2.83483       0.0792974       0.0587025       0.0703002 
         2.8471       0.0787203        0.058077       0.0696606 
         2.8594        0.078625       0.0574588       0.0689881 
         2.8717       0.0778009       0.0568497       0.0682323 
        2.88396        0.077493       0.0562518       0.0675697 
        2.89619       0.0768906       0.0556635       0.0669194 
        2.90847       0.0764727       0.0550814        0.066229 
        2.92072       0.0758899       0.0545086       0.0655716 
        2.93299       0.0756134       0.0539437       0.0649405 
        2.94526       0.0752852       0.0533863       0.0643083 
        2.95753        0.074745       0.0528369       0.0636621 
        2.96982       0.0744902       0.0522943       0.0630177 
        2.98209       0.0738275       0.0517605       0.0624303 
        2.99436       0.0737358       0.0512336       0.0618619 
        3.00666       0.0734397       0.0507132       0.0612089 
        3.01894        0.073155       0.0502011       0.0606411 
        3.03119       0.0729261       0.0496967        0.060096 
        3.04345       0.0724408       0.0491992       0.0595247 
        3.05573       0.0725318       0.0487076       0.0589511 
          3.068        0.072168       0.0482232       0.0583949 
        3.08026       0.0718536       0.0477458       0.0578791 
        3.09254       0.0717593       0.0472741       0.0573294 
        3.10483        0.071497       0.0468086       0.0567978 
         3.1171       0.0714301         0.04635       0.0562646 
        3.12933       0.0710799       0.0458989       0.0557012 
        3.14159       0.0708105       0.0454528       0.0552248 
