# k  (h/Mpc)    Pcb(k)  (Mpc/h)^3    Pcb_linear(k) (Mpc/h)^3    Pcb_NL(k) (Mpc/h)^3   ShotnoiseSubtracted = false
      0.0156606          6632.3         6643.77         6607.04 
      0.0273761         5739.93         5747.02         5721.53 
      0.0384619         4360.25         4330.69         4314.79 
      0.0498308          3402.6         3406.79         3393.08 
      0.0625568         2871.25         2895.58         2881.46 
      0.0751274         2511.18         2460.22         2438.41 
      0.0867833         1974.94         1980.81         1976.19 
      0.0984825         1621.08         1567.59          1578.2 
       0.111151         1364.86         1308.93         1319.79 
       0.123864         1226.14         1179.62         1188.72 
       0.135742         1105.41         1060.78         1070.14 
        0.14762         944.108         907.027         929.561 
       0.160083         784.491         756.063         781.818 
       0.172465         696.232         659.901         691.571 
       0.184281         644.134         608.352         641.767 
       0.196406          588.59         561.813          588.59 
       0.209011         536.331         499.871         529.276 
       0.221538          480.97         436.841         477.944 
       0.233611         439.917          390.86         436.853 
       0.245665         411.755         360.749         401.905 
       0.258103         377.674         335.827         376.798 
       0.270422          350.77         308.586         349.071 
       0.282519         319.796          280.06         322.642 
       0.294636         312.941         255.166         300.057 
       0.306978         276.505         236.071         282.725 
       0.319417         264.937         220.713          265.55 
        0.33169         247.601         206.012           249.3 
       0.343948         236.321         190.882         236.125 
       0.356249         219.393         176.693         224.334 
       0.368458         211.391         164.809         210.325 
        0.38068         200.375          154.87          199.84 
       0.392856         186.924         145.797         190.875 
       0.405069         178.418         136.926         182.201 
       0.417459         169.668         128.336         172.401 
       0.429752         163.176         120.625         165.082 
       0.441978         156.775         113.857         159.225 
       0.454294         145.931         107.712         151.142 
        0.46658          146.14         101.946         145.744 
       0.478753         137.005         96.5057         140.205 
       0.490964         132.837          91.396         134.771 
       0.503334         126.593         86.6795         129.962 
       0.515665         122.786         82.3787         126.436 
       0.527909         118.699         78.4085         120.612 
       0.540159         114.628         74.6523         116.974 
        0.55248          110.12         71.0882           112.8 
       0.564743         107.228          67.788         109.646 
        0.57686         103.883         64.7548         105.987 
       0.589077         99.0367         61.8916         103.248 
       0.601441         96.7146          59.169         100.313 
        0.61382         94.6473         56.6021         97.0625 
       0.626067          90.789         54.2067         94.5316 
       0.638306         87.8915          51.951         91.9744 
       0.650632         84.7576         49.8138         88.7266 
       0.662899         84.0595          47.811         86.5436 
       0.675076         80.9252         45.9341         84.3651 
       0.687267         79.3491         44.1557         82.2159 
       0.699615          76.715         42.4491         80.5228 
       0.711937         74.1824         40.8358         78.0398 
       0.724148         73.6442         39.3201         76.8987 
       0.736433         70.2385         37.8737         74.7367 
       0.748747         69.1321          36.498         73.0127 
       0.761037         67.3982          35.194         71.2757 
       0.773197          65.932         33.9671         70.2675 
       0.785376         64.0722         32.7974         68.4419 
       0.797761         63.4941         31.6646         67.2737 
       0.810096         61.4245         30.5899          65.698 
       0.822371         60.2468         29.5702         64.3096 
       0.834626         58.7615         28.5989         63.2426 
       0.846916         57.6681         27.6689         62.0012 
       0.859215         56.2384           26.78         60.6857 
       0.871383         55.4974         25.9392         59.6492 
        0.88363          54.003         25.1296         58.7502 
       0.895928         52.8001         24.3517         57.5863 
       0.908253         51.6227         23.6055         56.6401 
       0.920535         51.1973         22.8932         55.6353 
       0.932774         50.2166         22.2128         54.6847 
        0.94508         49.4227         21.5569          53.623 
       0.957324         48.1758         20.9307         52.8766 
        0.96953          47.875         20.3315         51.8935 
       0.981769         46.4148         19.7543         51.2295 
       0.994071         45.7764         19.1969         50.4347 
         1.0064         44.7881         18.6602         49.6198 
        1.01868         43.9796         18.1456         48.9222 
        1.03092         43.4403         17.6528         48.1475 
         1.0432         42.6393         17.1767         47.3099 
        1.05553         41.6595         16.7163         46.9405 
        1.06777         41.0182         16.2762         46.1217 
           1.08         40.0505         15.8525         45.4269 
        1.09227         39.6351         15.4425         44.8462 
         1.1046         39.0536         15.0456         44.1647 
         1.1169         38.5622         14.6633         43.5452 
        1.12915         37.9019         14.2963         43.0214 
        1.14142         37.1039         13.9412         42.4506 
        1.15365         36.6316         13.5992         41.9399 
        1.16585         36.0795         13.2696         41.3402 
        1.17807          35.463         12.9506         40.7404 
        1.19037         35.2991         12.6401          40.402 
        1.20276         34.7387         12.3376         39.8569 
        1.21504         34.1057         12.0475         39.4324 
        1.22728         33.5183         11.7679         38.9169 
        1.23954         33.1418         11.4965         38.3562 
        1.25184         32.5371         11.2333         37.9831 
        1.26414         32.1329         10.9782         37.4806 
        1.27632         31.8387         10.7333         37.0679 
         1.2886         31.4913         10.4942         36.6729 
        1.30093         30.8471         10.2615         36.2221 
        1.31316         30.4322         10.0376         35.8625 
        1.32541         30.1774         9.82042          35.471 
        1.33772         29.6134         9.60844         35.0893 
        1.35005         29.2419         9.40259         34.7356 
        1.36225           28.82         9.20488         34.3905 
        1.37447         28.1756         9.01249         33.9749 
        1.38676         28.1673         8.82474         33.6842 
        1.39907         27.7056         8.64203         33.3508 
        1.41133         27.1905          8.4653         32.9645 
        1.42358         26.9277         8.29369         32.6312 
        1.43591         26.5358         8.12568         32.3422 
        1.44818          26.288         7.96325         31.9893 
        1.46037          26.007         7.80623         31.6528 
        1.47263         25.7331         7.65259         31.4057 
        1.48494         25.3424          7.5025         31.0665 
        1.49724         25.2568         7.35657         30.7793 
        1.50952         24.7632         7.21482         30.5367 
        1.52178         24.4568         7.07702         30.2079 
        1.53409         24.1882         6.94228         29.9429 
        1.54637         23.9519         6.81133         29.6275 
        1.55858         23.4218          6.6845         29.3846 
        1.57081         23.4255         6.56073          29.138 
        1.58313         23.1472         6.43933         28.8479 
        1.59544         22.7166         6.32108         28.6218 
        1.60767         22.4905         6.20655          28.324 
        1.61994         22.1785         6.09447           28.11 
        1.63225         22.1032         5.98493         27.9122 
        1.64452         21.7264         5.87839         27.6682 
        1.65676         21.5275         5.77478         27.4042 
          1.669         21.3299         5.67359         27.1963 
        1.68133         20.9813          5.5742         26.9553 
        1.69363         20.7543         5.47747         26.6613 
        1.70585         20.5484         5.38366         26.5337 
        1.71809         20.2591         5.29186         26.2738 
        1.73038         20.1089         5.20192         26.0937 
        1.74268         19.9217         5.11401         25.8314 
        1.75493         19.6063         5.02854         25.6505 
        1.76714         19.5552         4.94524           25.45 
        1.77942         19.3379         4.86341          25.229 
        1.79173         18.9294         4.78322         25.0429 
        1.80402         18.7564         4.70501         24.8996 
         1.8163         18.6778         4.62859         24.6269 
         1.8286          18.388         4.55375         24.4767 
         1.8409         18.1982         4.48062         24.2942 
        1.85315         18.0504         4.40934          24.109 
        1.86537         17.8035         4.33976         23.9275 
        1.87765         17.6857         4.27142         23.7404 
        1.88995         17.4396         4.20439         23.5465 
        1.90221         17.2986         4.13903         23.3714 
        1.91445         17.1091         4.07517         23.1939 
        1.92674         16.9368         4.01244         23.0265 
        1.93902         16.7368         3.95103         22.8871 
        1.95124          16.507         3.89123         22.7616 
         1.9635         16.3816         3.83252         22.5451 
        1.97583          16.223         3.77464         22.3681 
        1.98812         16.0697         3.71819         22.2399 
        2.00039         15.9418           3.663         22.0724 
        2.01264         15.7699         3.60898         21.9328 
        2.02492         15.6095         3.55598         21.7437 
        2.03717         15.4197         3.50412         21.6032 
        2.04942         15.2756         3.45338         21.4426 
        2.06171         15.1625         3.40346         21.2954 
        2.07397         15.0235         3.35464         21.1465 
        2.08629         14.8872         3.30658         21.0035 
        2.09857         14.7545         3.25957         20.8642 
        2.11081         14.5688         3.21367         20.7284 
        2.12309         14.4199         3.16854          20.577 
        2.13538         14.2615         3.12422         20.4313 
        2.14763         14.1337         3.08089         20.3054 
        2.15986         14.1008         3.03848         20.1868 
        2.17214         13.9158         2.99671         20.0398 
        2.18443         13.7453         2.95567         19.9042 
        2.19671         13.6553         2.91546         19.7599 
        2.20898         13.5139         2.87604          19.642 
        2.22126          13.383         2.83731         19.5165 
        2.23354         13.3329         2.79931         19.3756 
         2.2458         13.1554         2.76207         19.2831 
        2.25807         13.0198         2.72547         19.1164 
        2.27035         12.9315          2.6895         19.0052 
        2.28263         12.8025          2.6542         18.8799 
         2.2949         12.7182         2.61956          18.774 
        2.30718         12.6192         2.58552         18.6666 
        2.31946          12.483         2.55207         18.5334 
        2.33169         12.3673         2.51935         18.4166 
        2.34393          12.266         2.48716         18.3104 
        2.35622         12.1163         2.45543         18.1929 
        2.36847         12.0478         2.42434         18.0744 
        2.38076         11.9187          2.3937         17.9656 
        2.39305         11.7991         2.36359         17.8472 
        2.40534         11.7273         2.33401         17.7208 
        2.41762         11.6294         2.30493         17.6387 
        2.42989         11.5473         2.27639         17.5208 
        2.44216         11.4378         2.24834         17.4039 
         2.4544         11.3728         2.22082          17.295 
        2.46667         11.2699          2.1937         17.2022 
        2.47897         11.1534         2.16697         17.0848 
        2.49124         11.0713         2.14076         16.9848 
        2.50349         10.9774         2.11502         16.8778 
        2.51578         10.8932         2.08963         16.7952 
        2.52805         10.8143          2.0647         16.6906 
        2.54029         10.7468         2.04024          16.592 
        2.55257         10.6876          2.0161         16.4884 
        2.56487         10.5185          1.9923         16.3871 
        2.57716          10.476         1.96893         16.2815 
        2.58942         10.4173         1.94598         16.2045 
        2.60167         10.3374         1.92342         16.1107 
        2.61395         10.2918         1.90118         16.0103 
        2.62624         10.1876         1.87926           15.92 
        2.63849         10.1099         1.85776         15.8372 
        2.65073         10.0485         1.83662         15.7336 
        2.66302         9.97852         1.81573          15.646 
         2.6753         9.92987         1.79518         15.5508 
        2.68756         9.87206         1.77499          15.474 
        2.69983         9.78344         1.75509          15.374 
        2.71213         9.72953         1.73546         15.2777 
        2.72441         9.66413         1.71617         15.1989 
        2.73665         9.64825         1.69721          15.107 
         2.7489         9.57105         1.67855         15.0152 
        2.76118         9.47388         1.66012         14.9404 
        2.77349         9.44097         1.64191         14.8553 
        2.78576         9.39121         1.62406          14.775 
        2.79802         9.33988         1.60647         14.6872 
        2.81031          9.2965         1.58911         14.6056 
        2.82259         9.25972         1.57201         14.5239 
        2.83483         9.18906         1.55523         14.4436 
         2.8471         9.14731         1.53866          14.365 
         2.8594         9.12902         1.52228         14.2833 
         2.8717         9.08149         1.50614          14.202 
        2.88396         9.03252          1.4903         14.1248 
        2.89619         8.98046         1.47471         14.0491 
        2.90847         8.94398         1.45929         13.9708 
        2.92072         8.94611         1.44412         13.8868 
        2.93299         8.88188         1.42915         13.8177 
        2.94526         8.87438         1.41438         13.7453 
        2.95753         8.84054         1.39983         13.6667 
        2.96982         8.79704         1.38545         13.5907 
        2.98209         8.78785         1.37131         13.5147 
        2.99436         8.77268         1.35735         13.4397 
        3.00666         8.74285         1.34356           13.37 
        3.01894         8.72283         1.32999         13.3065 
        3.03119         8.71316         1.31663         13.2297 
        3.04345         8.66521         1.30345         13.1503 
        3.05573         8.69504         1.29043         13.0833 
          3.068         8.66833         1.27759         13.0182 
        3.08026         8.67942         1.26495         12.9396 
        3.09254         8.67218         1.25245         12.8756 
        3.10483         8.66773         1.24012         12.8155 
         3.1171         8.67327         1.22797         12.7445 
        3.12933         8.68708         1.21602         12.6742 
        3.14159         8.64825          1.2042         12.6079 
