# k  (h/Mpc)    Pcb(k)  (Mpc/h)^3    Pcb_linear(k) (Mpc/h)^3    Pcb_NL(k) (Mpc/h)^3   ShotnoiseSubtracted = false
      0.0156606         16675.1         16746.8         16627.9 
      0.0273761         14332.2         14480.4         14353.1 
      0.0384619           10857         10909.7         10801.9 
      0.0498308         8408.48          8581.3         8474.63 
      0.0625568         7101.39         7293.09         7196.41 
      0.0751274         6298.95         6196.28         6058.77 
      0.0867833         4896.36          4988.7         4948.12 
      0.0984825         4105.32         3947.92         3990.47 
       0.111151         3495.65         3296.44            3346 
       0.123864         3135.19         2970.76         3011.41 
       0.135742         2848.04         2671.45         2712.68 
        0.14762         2467.51         2284.23         2393.25 
       0.160083         2077.67         1904.03         2035.76 
       0.172465         1853.19         1661.86         1828.63 
       0.184281         1691.34         1532.03         1701.47 
       0.196406         1576.68         1414.83          1563.1 
       0.209011         1464.98         1258.84         1413.92 
       0.221538         1321.59          1100.1         1310.95 
       0.233611         1251.73         984.307         1221.49 
       0.245665         1142.38         908.478         1125.62 
       0.258103         1111.25         845.715         1060.95 
       0.270422         996.904         777.114         993.266 
       0.282519         931.865         705.274         933.774 
       0.294636         921.683         642.583         881.141 
       0.306978         832.244         594.497         841.443 
       0.319417         808.727         555.821         792.424 
        0.33169         762.059         518.799         748.047 
       0.343948         727.607         480.697         722.722 
       0.356249         685.607         444.965         693.869 
       0.368458         663.863         415.036         659.087 
        0.38068         644.669         390.007         631.933 
       0.392856         609.012         367.159         607.858 
       0.405069         581.935         344.818         589.076 
       0.417459          558.76         323.187         563.417 
       0.429752         547.266         303.769         543.274 
       0.441978         528.957         286.726         528.197 
       0.454294         502.011         271.249         505.616 
        0.46658         490.979         256.728         493.891 
       0.478753         477.587         243.029           477.7 
       0.490964          459.91         230.161         462.287 
       0.503334         436.063         218.283         450.546 
       0.515665         435.025         207.453         440.774 
       0.527909         418.837         197.455         429.103 
       0.540159         408.331         187.996         417.201 
        0.55248          400.37          179.02         405.936 
       0.564743         395.496         170.709         398.542 
        0.57686         380.214         163.071          387.19 
       0.589077         368.286          155.86         378.572 
       0.601441         364.025         149.004         370.234 
        0.61382         356.653          142.54         363.331 
       0.626067         351.244         136.508         355.591 
       0.638306         336.523         130.827         348.788 
       0.650632         331.544         125.445         339.006 
       0.662899         328.808         120.402         334.881 
       0.675076         316.205         115.675         328.805 
       0.687267         308.381         111.196         321.095 
       0.699615         304.164         106.899         315.714 
       0.711937         299.548         102.836         310.047 
       0.724148         290.115         99.0188          305.41 
       0.736433         283.789         95.3766         299.324 
       0.748747         279.519         91.9122         293.707 
       0.761037           274.4         88.6282         289.253 
       0.773197         270.985         85.5387         285.254 
       0.785376         266.989         82.5929         280.314 
       0.797761         260.436         79.7403          276.05 
       0.810096         257.625         77.0337         272.239 
       0.822371         248.061          74.466         267.728 
       0.834626         247.419           72.02          263.86 
       0.846916         242.096          69.678         259.976 
       0.859215         242.121         67.4395         256.236 
       0.871383         235.603          65.322         252.376 
        0.88363         234.034         63.2834         249.769 
       0.895928         228.694         61.3244         245.821 
       0.908253          222.57         59.4451         241.817 
       0.920535         221.599         57.6513         238.584 
       0.932774         214.763         55.9381         235.293 
        0.94508         212.696         54.2862         232.838 
       0.957324         212.144         52.7094         229.407 
        0.96953         209.149         51.2004         226.193 
       0.981769         202.755         49.7469         224.049 
       0.994071         201.885         48.3432         221.144 
         1.0064         197.395         46.9915         217.814 
        1.01868         194.737         45.6957         215.272 
        1.03092         190.955         44.4547         213.061 
         1.0432          187.39         43.2556         210.432 
        1.05553         184.748         42.0962         207.804 
        1.06777         184.506         40.9879         205.698 
           1.08         179.943         39.9208         203.088 
        1.09227         177.744         38.8885         200.916 
         1.1046         175.108         37.8889          198.77 
         1.1169         172.087         36.9263         196.046 
        1.12915         169.582         36.0021         194.242 
        1.14142           166.9         35.1078         191.711 
        1.15365         164.662         34.2465         189.697 
        1.16585         162.392         33.4166         187.236 
        1.17807         160.238         32.6133         185.828 
        1.19037         158.975         31.8311         183.956 
        1.20276          156.32         31.0695         181.669 
        1.21504         153.613         30.3388         179.719 
        1.22728         150.668         29.6348         177.442 
        1.23954          150.14         28.9515         176.142 
        1.25184         147.292         28.2885         174.122 
        1.26414         145.003          27.646         172.298 
        1.27632         144.492         27.0294         171.256 
         1.2886         142.211         26.4272         168.904 
        1.30093         138.201         25.8414         167.076 
        1.31316         137.267         25.2776         165.209 
        1.32541         135.516         24.7305         163.966 
        1.33772         134.257         24.1967         162.193 
        1.35005         132.313         23.6783         160.374 
        1.36225         130.645         23.1804         158.939 
        1.37447         128.505         22.6959         157.108 
        1.38676         127.135         22.2231         155.623 
        1.39907         124.669          21.763         154.102 
        1.41133         122.959          21.318         152.796 
        1.42358         121.213         20.8858         151.353 
        1.43591         120.084         20.4627         149.656 
        1.44818         118.941         20.0536         148.398 
        1.46037         116.692         19.6582         146.861 
        1.47263         115.558         19.2713          145.75 
        1.48494         113.884         18.8934         144.072 
        1.49724         112.321         18.5259         142.717 
        1.50952         110.276         18.1689         141.423 
        1.52178         109.751         17.8219         140.003 
        1.53409           107.8         17.4826         138.833 
        1.54637          106.31         17.1528         137.624 
        1.55858         104.575         16.8334          136.22 
        1.57081         103.209         16.5217         135.061 
        1.58313          102.03          16.216         133.749 
        1.59544         100.881         15.9182          132.59 
        1.60767         99.5049         15.6298         131.304 
        1.61994         97.8997         15.3476         130.401 
        1.63225         96.6417         15.0717          128.84 
        1.64452         95.0103         14.8034         127.729 
        1.65676         93.7294         14.5425         126.694 
          1.669         93.1293         14.2877         125.665 
        1.68133         91.4635         14.0374         124.477 
        1.69363         90.5705         13.7938         123.423 
        1.70585         89.0151         13.5575         122.295 
        1.71809           87.83         13.3264         121.173 
        1.73038         87.1154         13.0999         120.123 
        1.74268         85.8023         12.8785         119.052 
        1.75493         84.7469         12.6632         117.988 
        1.76714         83.4113         12.4535         117.041 
        1.77942           82.62         12.2474         115.917 
        1.79173         81.2617         12.0455         115.009 
        1.80402         80.6307         11.8485         114.061 
         1.8163         79.2289         11.6561         112.923 
         1.8286         78.1333         11.4676         112.021 
         1.8409         77.4317         11.2834         111.052 
        1.85315         76.2082         11.1039         110.178 
        1.86537         75.3595         10.9287         109.235 
        1.87765          74.673         10.7566          108.23 
        1.88995         73.4424         10.5878         107.402 
        1.90221         72.5161         10.4232         106.471 
        1.91445         71.2598         10.2624         105.553 
        1.92674         70.4031         10.1044         104.705 
        1.93902         69.5243         9.94977         103.761 
        1.95124         68.9704         9.79918         102.996 
         1.9635         67.8595         9.65133         101.977 
        1.97583         66.9953         9.50559         101.283 
        1.98812         66.1671         9.36341         100.399 
        2.00039         65.1214         9.22443         99.5656 
        2.01264          64.629          9.0884         98.7261 
        2.02492         63.6536         8.95492         97.9276 
        2.03717         62.6635         8.82435         97.0634 
        2.04942         62.2371         8.69655         96.3845 
        2.06171         61.0312         8.57085         95.5447 
        2.07397         60.4199          8.4479         94.8182 
        2.08629         59.8267         8.32686          93.991 
        2.09857         58.9316         8.20849         93.2544 
        2.11081         57.8944          8.0929         92.4137 
        2.12309         57.5529         7.97926         91.7852 
        2.13538         56.6391         7.86764         91.0094 
        2.14763          55.963         7.75853         90.2861 
        2.15986         54.9245         7.65174         89.5465 
        2.17214         54.5216         7.54653          88.823 
        2.18443         53.9017          7.4432         88.2116 
        2.19671         52.9697         7.34193         87.4519 
        2.20898         52.7773         7.24266         86.7583 
        2.22126         51.9078         7.14513         86.0402 
        2.23354         51.2152         7.04942         85.4073 
         2.2458         50.6262         6.95564         84.7709 
        2.25807         50.0328         6.86348         84.0457 
        2.27035         49.4894         6.77291         83.3872 
        2.28263         48.6516         6.68401         82.7244 
         2.2949         48.2785         6.59676         82.0919 
        2.30718         47.4444         6.51104         81.4896 
        2.31946         46.9296         6.42681         80.8712 
        2.33169         46.3248         6.34442         80.2412 
        2.34393         45.5912         6.26336          79.633 
        2.35622         45.3291         6.18345         79.0108 
        2.36847         44.7312         6.10516         78.4621 
        2.38076         44.1338         6.02799         77.7975 
        2.39305         43.6008         5.95218         77.2491 
        2.40534         43.1488         5.87767         76.6136 
        2.41762         42.7346         5.80444         76.0005 
        2.42989         42.1096         5.73257         75.5015 
        2.44216         41.7362         5.66193         74.9049 
         2.4544          41.222         5.59264         74.3335 
        2.46667         40.7913         5.52434         73.7483 
        2.47897         40.3036         5.45703         73.2169 
        2.49124         39.7603         5.39103         72.6844 
        2.50349         39.2507         5.32621         72.1197 
        2.51578         38.7688         5.26226         71.6477 
        2.52805         38.5562         5.19948          71.086 
        2.54029         38.0202         5.13788         70.5282 
        2.55257         37.4552         5.07709         70.0392 
        2.56487         37.1952         5.01717         69.5554 
        2.57716          36.706          4.9583         69.0639 
        2.58942         36.2584          4.9005          68.534 
        2.60167         35.8282         4.84369         68.0278 
        2.61395         35.4616         4.78769         67.5408 
        2.62624         35.2072         4.73249         67.0341 
        2.63849         34.8707         4.67835         66.5712 
        2.65073         34.4961         4.62511         66.0636 
        2.66302          34.019          4.5725         65.5902 
         2.6753         33.6441         4.52075         65.1307 
        2.68756         33.1741          4.4699          64.633 
        2.69983         32.9953          4.4198         64.2144 
        2.71213         32.6686         4.37037         63.7762 
        2.72441         32.3736         4.32178         63.3029 
        2.73665         32.0152         4.27404         62.8447 
         2.7489         31.8656         4.22705         62.4066 
        2.76118          31.371         4.18063         61.9789 
        2.77349         31.2429         4.13479         61.5428 
        2.78576         31.0033         4.08982          61.089 
        2.79802         30.5427         4.04554         60.6996 
        2.81031         30.2738         4.00181         60.2708 
        2.82259         30.1155         3.95875         59.8279 
        2.83483         29.7666         3.91649         59.4262 
         2.8471          29.437         3.87476         59.0243 
         2.8594         29.3336         3.83351         58.6179 
         2.8717         29.0389         3.79287         58.2137 
        2.88396         28.7889         3.75298         57.7929 
        2.89619         28.5359         3.71373         57.3865 
        2.90847         28.3644         3.67489         57.0132 
        2.92072          28.128         3.63668         56.6201 
        2.93299         27.9898         3.59899         56.2306 
        2.94526         27.7272          3.5618         55.8677 
        2.95753         27.5811         3.52515         55.4944 
        2.96982         27.4989         3.48895         55.1145 
        2.98209         27.2156         3.45333         54.7498 
        2.99436         27.0339         3.41818         54.3652 
        3.00666         26.9605         3.38346          54.011 
        3.01894         26.7323         3.34929         53.6311 
        3.03119         26.6454         3.31564         53.2825 
        3.04345          26.469         3.28245         52.9523 
        3.05573         26.4266         3.24965         52.6021 
          3.068          26.291         3.21733         52.2494 
        3.08026          26.116         3.18548         51.8979 
        3.09254           26.04         3.15401         51.5577 
        3.10483         26.0499         3.12295         51.2276 
         3.1171         25.9865         3.09236         50.8941 
        3.12933         25.8942         3.06226         50.5554 
        3.14159         25.7643          3.0325         50.2215 
