# k  (h/Mpc)    Pcb(k)  (Mpc/h)^3    Pcb_linear(k) (Mpc/h)^3    Pcb_NL(k) (Mpc/h)^3   ShotnoiseSubtracted = false
      0.0156606         1666.91         1667.78         1659.85 
      0.0273761          1450.4          1443.4            1440 
      0.0384619            1102         1087.91         1087.26 
      0.0498308         865.264         855.914         855.933 
      0.0625568         730.117         727.528         726.804 
      0.0751274         629.047         618.168         616.571 
      0.0867833         500.822          497.72         497.562 
      0.0984825         403.954         393.896         395.015 
       0.111151         337.895         328.906         329.961 
       0.123864         303.452         296.416         297.101 
       0.135742         272.405         266.556         267.187 
        0.14762         231.406         227.921         229.555 
       0.160083         192.318         189.987         191.904 
       0.172465          168.95         165.824         168.096 
       0.184281          156.54         152.871         155.258 
       0.196406          142.93         141.176          142.97 
       0.209011         128.345         125.611         127.683 
       0.221538         113.524         109.773         112.699 
       0.233611         101.954         98.2185         101.462 
       0.245665         95.5075         90.6521         93.5236 
       0.258103         86.1788         84.3895         87.2413 
       0.270422         80.7873         77.5443         80.2924 
       0.282519         73.2712         70.3759         73.3427 
       0.294636         69.0168         64.1204         67.2482 
       0.306978         61.4143         59.3222         62.5448 
       0.319417         58.4188         55.4629         58.5859 
        0.33169         54.2905         51.7687         54.7827 
       0.343948          51.257         47.9667         50.9954 
       0.356249          46.919         44.4012         47.7906 
       0.368458         44.5357         41.4147          44.479 
        0.38068         41.6013         38.9172         41.9623 
       0.392856         39.0076         36.6373         39.7115 
       0.405069         36.8512         34.4081         37.3507 
       0.417459         34.2146         32.2495         35.2748 
       0.429752         32.6649         30.3119         33.3166 
       0.441978          31.046         28.6113         31.7561 
       0.454294         28.9403         27.0669         30.0437 
        0.46658         28.3914         25.6179         28.5554 
       0.478753         26.4634         24.2509         27.1877 
       0.490964         25.4727         22.9669         26.0053 
       0.503334         24.3371         21.7817         24.6849 
       0.515665         22.9767          20.701         23.7342 
       0.527909         21.9943         19.7033         22.5065 
       0.540159           20.95         18.7594         21.5434 
        0.55248          19.603         17.8638         20.5701 
       0.564743         19.2898         17.0345         19.8441 
        0.57686         18.5463         16.2723         19.0154 
       0.589077         17.4263         15.5528         18.3442 
       0.601441         16.7416         14.8686         17.6161 
        0.61382         16.1047         14.2236         16.8803 
       0.626067         15.4387         13.6216         16.2777 
       0.638306         14.8828         13.0548         15.6495 
       0.650632           14.48         12.5177         15.1281 
       0.662899         13.7793         12.0145         14.5566 
       0.675076         13.1188         11.5428         14.0535 
       0.687267         12.8102         11.0959         13.5377 
       0.699615         12.4073         10.6671         13.0966 
       0.711937          11.759         10.2617         12.6829 
       0.724148          11.635         9.88076          12.285 
       0.736433         10.9809         9.51732         11.8565 
       0.748747         10.6981         9.17162         11.5232 
       0.761037         10.4295         8.84392         11.1656 
       0.773197         9.97582         8.53563         10.8553 
       0.785376          9.6338         8.24168         10.5217 
       0.797761         9.35615         7.95703         10.1911 
       0.810096         9.10252         7.68695         9.94518 
       0.822371         8.86733         7.43072         9.62219 
       0.834626         8.56642         7.18664         9.36456 
       0.846916         8.26766         6.95295          9.1166 
       0.859215         7.95624         6.72957         8.88183 
       0.871383         7.75556         6.51827         8.65602 
        0.88363         7.55788         6.31484         8.42044 
       0.895928         7.39379         6.11937         8.18982 
       0.908253         7.17108         5.93184         7.98814 
       0.920535         6.92774         5.75284         7.77547 
       0.932774         6.78693         5.58188         7.55377 
        0.94508         6.56507         5.41705         7.39825 
       0.957324         6.40963          5.2597         7.24015 
        0.96953         6.18574         5.10912         7.06068 
       0.981769         6.06091         4.96408          6.8756 
       0.994071         5.93459         4.82401         6.73205 
         1.0064         5.72737         4.68913         6.57846 
        1.01868         5.58326         4.55983         6.42565 
        1.03092         5.47911           4.436         6.27218 
         1.0432         5.27552         4.31634         6.13875 
        1.05553         5.17811         4.20065         6.01818 
        1.06777         5.01931         4.09006         5.89255 
           1.08          4.9349         3.98358         5.75966 
        1.09227         4.79933         3.88056         5.63398 
         1.1046           4.688         3.78081         5.51638 
         1.1169         4.53707         3.68476         5.40619 
        1.12915         4.50225         3.59254         5.31113 
        1.14142         4.34504         3.50329         5.18809 
        1.15365         4.25827         3.41735          5.0933 
        1.16585         4.18973         3.33454         5.00109 
        1.17807         4.09316         3.25437         4.89269 
        1.19037         3.96414         3.17633         4.79894 
        1.20276         3.88239         3.10032         4.70089 
        1.21504          3.7999         3.02742         4.62818 
        1.22728         3.71182         2.95716         4.52916 
        1.23954         3.64776         2.88898          4.4662 
        1.25184         3.56178         2.82282          4.3716 
        1.26414         3.50662         2.75871         4.28609 
        1.27632         3.39507         2.69718         4.22572 
         1.2886         3.35522         2.63709         4.14496 
        1.30093         3.26643         2.57863         4.08264 
        1.31316         3.17745         2.52237         4.00571 
        1.32541         3.13655         2.46778         3.94614 
        1.33772         3.08115         2.41451          3.8741 
        1.35005         3.01949         2.36278         3.81277 
        1.36225         2.95821          2.3131         3.74385 
        1.37447          2.8959         2.26476         3.69316 
        1.38676         2.83333         2.21758         3.62545 
        1.39907         2.77029         2.17166         3.57626 
        1.41133         2.72356         2.12725         3.51858 
        1.42358         2.68406         2.08413         3.45591 
        1.43591         2.63758         2.04191          3.4181 
        1.44818         2.57031         2.00109         3.36209 
        1.46037         2.51593         1.96164         3.30633 
        1.47263         2.47139         1.92303         3.26072 
        1.48494         2.43537         1.88531           3.212 
        1.49724         2.38337         1.84864         3.16224 
        1.50952         2.36871         1.81302         3.11658 
        1.52178         2.30474         1.77839         3.07698 
        1.53409         2.25838         1.74453         3.02426 
        1.54637          2.2193         1.71162         2.98226 
        1.55858           2.184         1.67975         2.93564 
        1.57081         2.14633         1.64865         2.90153 
        1.58313         2.10241         1.61815         2.86222 
        1.59544         2.07112         1.58843         2.82433 
        1.60767         2.04162         1.55965         2.78443 
        1.61994         1.99608         1.53149         2.74912 
        1.63225         1.96979         1.50396         2.71302 
        1.64452          1.9362         1.47719         2.67427 
        1.65676         1.89496         1.45115         2.64099 
          1.669         1.87148         1.42572         2.60483 
        1.68133         1.82694         1.40074         2.57611 
        1.69363         1.81916         1.37644         2.54162 
        1.70585           1.787         1.35287         2.50907 
        1.71809         1.76063          1.3298         2.47736 
        1.73038         1.72517         1.30719         2.44591 
        1.74268         1.69417          1.2851          2.4162 
        1.75493          1.6756         1.26363           2.389 
        1.76714         1.64962         1.24269         2.35452 
        1.77942         1.62054         1.22213         2.32913 
        1.79173         1.59734         1.20198         2.29958 
        1.80402         1.57308         1.18233           2.273 
         1.8163         1.55247         1.16312         2.24606 
         1.8286         1.52086         1.14432         2.22493 
         1.8409          1.5074         1.12594         2.19817 
        1.85315         1.48518         1.10803         2.16786 
        1.86537         1.45953         1.09054         2.14741 
        1.87765         1.44191         1.07337         2.12345 
        1.88995         1.41821         1.05652         2.09873 
        1.90221         1.39871          1.0401         2.07454 
        1.91445          1.3773         1.02405         2.05491 
        1.92674         1.36018         1.00829         2.02885 
        1.93902         1.33556        0.992858         2.00505 
        1.95124         1.31712        0.977831         1.98603 
         1.9635          1.3006        0.963076         1.96299 
        1.97583         1.27798        0.948534         1.94136 
        1.98812         1.26323        0.934346         1.92335 
        2.00039         1.24378        0.920478         1.90131 
        2.01264         1.22396        0.906904         1.88433 
        2.02492          1.2136        0.893585         1.86577 
        2.03717         1.20287        0.880555         1.84525 
        2.04942         1.17818        0.867802         1.82417 
        2.06171         1.16277        0.855259         1.80552 
        2.07397          1.1477        0.842991         1.78939 
        2.08629         1.13582        0.830912         1.77271 
        2.09857         1.11824          0.8191         1.75478 
        2.11081         1.10383        0.807565         1.73624 
        2.12309           1.092        0.796226         1.72158 
        2.13538         1.07796        0.785087         1.70262 
        2.14763         1.06875          0.7742         1.68666 
        2.15986         1.05405        0.763544         1.67263 
        2.17214         1.03271        0.753045         1.65257 
        2.18443          1.0241        0.742734         1.64009 
        2.19671         1.01368        0.732629          1.6248 
        2.20898        0.999037        0.722723         1.60944 
        2.22126        0.986271         0.71299         1.59466 
        2.23354        0.973755         0.70344         1.57965 
         2.2458        0.964915        0.694082         1.56428 
        2.25807        0.950271        0.684885         1.54963 
        2.27035        0.942329        0.675848         1.53685 
        2.28263        0.925627        0.666977         1.52394 
         2.2949        0.917619        0.658271         1.50977 
        2.30718        0.908964        0.649717         1.49709 
        2.31946        0.895045        0.641311         1.48376 
        2.33169        0.885242        0.633091         1.47106 
        2.34393         0.88134        0.625001         1.45838 
        2.35622          0.8652        0.617028         1.44572 
        2.36847        0.858952        0.609215         1.43324 
        2.38076        0.844082        0.601515          1.4208 
        2.39305        0.840254         0.59395         1.40852 
        2.40534        0.828541        0.586514         1.39715 
        2.41762         0.81992        0.579207         1.38452 
        2.42989        0.809898        0.572036         1.37487 
        2.44216        0.804227        0.564986         1.36304 
         2.4544        0.796401        0.558072         1.35204 
        2.46667        0.786199        0.551258         1.34086 
        2.47897        0.778167        0.544541         1.32956 
        2.49124        0.767333        0.537954         1.31882 
        2.50349        0.761596        0.531486         1.30784 
        2.51578        0.754401        0.525105         1.29674 
        2.52805        0.744528         0.51884         1.28719 
        2.54029        0.738819        0.512693          1.2768 
        2.55257        0.730091        0.506627         1.26723 
        2.56487        0.722201        0.500648         1.25793 
        2.57716        0.717743        0.494773         1.24713 
        2.58942        0.712745        0.489006         1.23846 
        2.60167        0.705767        0.483337         1.22854 
        2.61395        0.697535        0.477749         1.21912 
        2.62624        0.692048        0.472241         1.21054 
        2.63849        0.684225        0.466838         1.20094 
        2.65073         0.67803        0.461525         1.19174 
        2.66302        0.673542        0.456276         1.18241 
         2.6753        0.669545        0.451112         1.17422 
        2.68756        0.661941        0.446038          1.1664 
        2.69983        0.656563        0.441039         1.15762 
        2.71213        0.648318        0.436106          1.1493 
        2.72441        0.645712        0.431257         1.14073 
        2.73665        0.641768        0.426494         1.13351 
         2.7489        0.635391        0.421805         1.12583 
        2.76118        0.630256        0.417172         1.11635 
        2.77349        0.626561        0.412598         1.10898 
        2.78576         0.62335        0.408111         1.10101 
        2.79802        0.617459        0.403692         1.09276 
        2.81031        0.613493        0.399329         1.08636 
        2.82259        0.609265        0.395032         1.07776 
        2.83483         0.60583        0.390814          1.0706 
         2.8471        0.601064         0.38665         1.06298 
         2.8594        0.598564        0.382534         1.05608 
         2.8717        0.593477        0.378479         1.04963 
        2.88396        0.589574        0.374498         1.04225 
        2.89619        0.586893        0.370582         1.03528 
        2.90847        0.583613        0.366707          1.0286 
        2.92072        0.582604        0.362893         1.02166 
        2.93299        0.576148        0.359132         1.01432 
        2.94526        0.575945        0.355421         1.00797 
        2.95753        0.573713        0.351764         1.00174 
        2.96982        0.571237        0.348152        0.994761 
        2.98209        0.569199        0.344598        0.988213 
        2.99436        0.566448         0.34109        0.982006 
        3.00666         0.56581        0.337625        0.975912 
        3.01894        0.564676        0.334216        0.970101 
        3.03119        0.561276        0.330858         0.96343 
        3.04345        0.559427        0.327546        0.957312 
        3.05573        0.559057        0.324273        0.952157 
          3.068        0.557452        0.321048        0.946206 
        3.08026        0.557941         0.31787        0.939866 
        3.09254        0.556201        0.314729        0.933612 
        3.10483        0.554592         0.31163        0.928175 
         3.1171        0.555788        0.308577        0.922968 
        3.12933         0.55536        0.305574        0.917216 
        3.14159        0.555475        0.302604        0.911591 
