# k  (h/Mpc)    Pcb(k)  (Mpc/h)^3    Pcb_linear(k) (Mpc/h)^3    Pcb_NL(k) (Mpc/h)^3   ShotnoiseSubtracted = false
      0.0156606          5924.3         5933.43         5901.42 
      0.0273761         5130.28         5132.76         5111.94 
      0.0384619         3897.57         3867.87          3855.8 
      0.0498308         3043.62         3042.74         3032.73 
      0.0625568         2568.18         2586.17         2575.44 
      0.0751274         2242.65         2197.34         2180.41 
      0.0867833         1765.96         1769.16         1765.82 
      0.0984825         1446.66         1400.09         1408.82 
       0.111151         1216.92         1169.07         1177.92 
       0.123864         1093.26         1053.58         1060.95 
       0.135742         985.051         947.438         954.996 
        0.14762         840.382         810.112         828.117 
       0.160083             698         675.279         695.775 
       0.172465         618.897         589.392         614.486 
       0.184281         572.952         543.351         569.906 
       0.196406         523.147         501.784         522.885 
       0.209011          475.85         446.461         469.786 
       0.221538         426.166         390.166         422.775 
       0.233611         388.719         349.097         385.539 
       0.245665         364.357         322.204         354.765 
       0.258103         332.774         299.945         332.372 
       0.270422          309.93         275.615         307.558 
       0.282519         282.219         250.136         283.794 
       0.294636         275.221         227.902         263.404 
       0.306978         242.993         210.848          247.72 
       0.319417         232.686          197.13         232.603 
        0.33169         217.204             184         218.257 
       0.343948         207.281         170.487         206.128 
       0.356249         192.076         157.814         195.562 
       0.368458         184.808         147.199          183.08 
        0.38068         174.895         138.322         173.783 
       0.392856         163.098         130.219         165.818 
       0.405069         155.415         122.296         157.849 
       0.417459         147.573         114.624         149.376 
       0.429752         141.848         107.737         142.785 
       0.441978         136.055         101.692         137.554 
       0.454294         126.597         96.2031         130.453 
        0.46658         126.731         91.0529          125.54 
       0.478753         118.508         86.1943         120.664 
       0.490964         114.901         81.6305         115.926 
       0.503334         109.714          77.418         111.539 
       0.515665         106.038         73.5768         108.405 
       0.527909         102.305         70.0308         103.169 
       0.540159         98.7424         66.6759         99.9626 
        0.55248          94.324         63.4926         96.2762 
       0.564743         92.0695          60.545          93.456 
        0.57686         89.2144         57.8359         90.2953 
       0.589077         84.8969         55.2786         87.8367 
       0.601441         82.7926          52.847         85.2115 
        0.61382         80.7755         50.5543         82.3233 
       0.626067          77.431         48.4148          80.146 
       0.638306         75.0671         46.4001         77.8003 
       0.650632         72.4358         44.4913         75.0806 
       0.662899         71.4843         42.7026           73.09 
       0.675076         68.7249         41.0262         71.1808 
       0.687267         67.5401         39.4377         69.2773 
       0.699615         65.2086         37.9135         67.8144 
       0.711937         62.8851         36.4726          65.604 
       0.724148         62.4915         35.1188         64.5705 
       0.736433         59.3783          33.827         62.7071 
       0.748747         58.5432         32.5983         61.1924 
       0.761037         56.9813         31.4336         59.7492 
       0.773197         55.7267         30.3378         58.7612 
       0.785376          53.988         29.2931         57.2316 
       0.797761         53.4632         28.2813         56.1724 
       0.810096         51.8684         27.3214          54.824 
       0.822371         50.8042         26.4107         53.5781 
       0.834626         49.4924         25.5432         52.6889 
       0.846916         48.4465         24.7126         51.5705 
       0.859215         47.1382         23.9186         50.4552 
       0.871383         46.5081         23.1676         49.5724 
        0.88363         45.2927         22.4446         48.7646 
       0.895928         44.2504         21.7498         47.7055 
       0.908253         43.3211         21.0833         46.9442 
       0.920535         42.8175         20.4471         46.0399 
       0.932774         42.0281         19.8394          45.229 
        0.94508         41.2918         19.2536         44.3135 
       0.957324         40.2981         18.6944         43.6446 
        0.96953          39.825         18.1591          42.814 
       0.981769         38.7578         17.6436         42.2299 
       0.994071         38.1192         17.1458         41.5256 
         1.0064         37.2952         16.6664         40.8376 
        1.01868         36.5692         16.2068         40.2376 
        1.03092         36.2091         15.7667         39.5603 
         1.0432         35.4476         15.3414         38.8346 
        1.05553         34.6911         14.9302         38.5163 
        1.06777         33.9975         14.5371         37.7744 
           1.08         33.2196         14.1587         37.1932 
        1.09227         32.8644         13.7925         36.7452 
         1.1046         32.3866          13.438         36.1289 
         1.1169         31.9332         13.0966         35.6231 
        1.12915         31.4378         12.7688         35.1502 
        1.14142         30.6824         12.4516         34.6504 
        1.15365         30.3393         12.1462         34.2081 
        1.16585         29.9028         11.8518         33.7378 
        1.17807         29.3417         11.5669         33.1873 
        1.19037          29.154         11.2895         32.9233 
        1.20276         28.7165         11.0194         32.4386 
        1.21504         28.1347         10.7602         32.0958 
        1.22728         27.6583         10.5105         31.6439 
        1.23954         27.3366         10.2682         31.1812 
        1.25184         26.8188          10.033         30.8519 
        1.26414         26.5017         9.80518         30.4327 
        1.27632          26.208         9.58646           30.07 
         1.2886         25.9285          9.3729         29.7432 
        1.30093          25.338         9.16511         29.4067 
        1.31316         25.0355         8.96515         29.0532 
        1.32541         24.7877         8.77113         28.7521 
        1.33772         24.3422          8.5818         28.4247 
        1.35005         24.0196         8.39794          28.132 
        1.36225         23.6991         8.22136         27.8242 
        1.37447         23.1931         8.04953         27.4738 
        1.38676         23.0752         7.88184         27.2279 
        1.39907         22.7132         7.71865         26.9386 
        1.41133         22.3299         7.56081         26.6176 
        1.42358         22.1049         7.40753         26.3356 
        1.43591         21.7589         7.25747          26.104 
        1.44818          21.535          7.1124         25.8302 
        1.46037         21.3587         6.97216         25.5229 
        1.47263         21.0491         6.83493         25.3275 
        1.48494         20.8167         6.70088         25.0316 
        1.49724         20.6653         6.57054         24.8106 
        1.50952         20.2565         6.44394         24.6034 
        1.52178         20.0323         6.32086         24.3181 
        1.53409         19.7431         6.20052         24.0975 
        1.54637         19.6263         6.08355         23.8301 
        1.55858         19.2221         5.97028         23.6344 
        1.57081         19.1137         5.85974          23.429 
        1.58313         18.9163         5.75131         23.1949 
        1.59544         18.5786         5.64569         23.0089 
        1.60767         18.4062          5.5434         22.7635 
        1.61994          18.109         5.44329         22.5876 
        1.63225         18.0492         5.34546         22.4243 
        1.64452         17.7613          5.2503         22.2288 
        1.65676         17.5812         5.15776         22.0008 
          1.669         17.4275         5.06739         21.8203 
        1.68133         17.1057         4.97861         21.6246 
        1.69363         16.9418         4.89222         21.3799 
        1.70585         16.7468         4.80843         21.2792 
        1.71809         16.5495         4.72644         21.0796 
        1.73038         16.3832          4.6461         20.9258 
        1.74268         16.2552         4.56759         20.7129 
        1.75493         15.9712         4.49125          20.558 
        1.76714         15.9612         4.41685         20.3913 
        1.77942          15.772         4.34377         20.2041 
        1.79173         15.4411         4.27215         20.0654 
        1.80402         15.3172         4.20229         19.9299 
         1.8163          15.207         4.13404         19.7421 
         1.8286         14.9939         4.06719         19.6058 
         1.8409         14.8346         4.00187         19.4522 
        1.85315         14.7179         3.93821         19.2935 
        1.86537         14.5335         3.87606         19.1533 
        1.87765         14.4261         3.81503         19.0019 
        1.88995         14.2035         3.75516         18.8567 
        1.90221         14.1091         3.69679         18.7009 
        1.91445         13.9544         3.63975         18.5689 
        1.92674         13.8072         3.58372         18.4275 
        1.93902         13.6523         3.52887         18.3192 
        1.95124         13.4691         3.47546         18.2054 
         1.9635         13.3509         3.42302         18.0347 
        1.97583         13.2246         3.37133         17.8815 
        1.98812         13.1083         3.32091         17.7747 
        2.00039          13.028         3.27162         17.6486 
        2.01264          12.886         3.22337         17.5367 
        2.02492         12.7501         3.17603         17.3853 
        2.03717         12.5966         3.12972         17.2696 
        2.04942         12.4664         3.08439          17.142 
        2.06171         12.3997         3.03981         17.0243 
        2.07397         12.2663         2.99621          16.915 
        2.08629         12.1613         2.95328         16.8068 
        2.09857         12.0595         2.91129          16.683 
        2.11081         11.9256         2.87029         16.5838 
        2.12309         11.7752         2.82999         16.4498 
        2.13538         11.6526          2.7904         16.3359 
        2.14763         11.5677          2.7517         16.2356 
        2.15986         11.5345         2.71383         16.1448 
        2.17214         11.3938         2.67652         16.0129 
        2.18443         11.2428         2.63987         15.9177 
        2.19671         11.1998         2.60395         15.8049 
        2.20898         11.0642         2.56874         15.7126 
        2.22126         10.9396         2.53415          15.606 
        2.23354         10.8999         2.50021         15.4916 
         2.2458         10.7603         2.46695         15.4191 
        2.25807         10.6701         2.43426         15.2905 
        2.27035         10.5919         2.40214         15.2008 
        2.28263         10.5023         2.37061         15.0984 
         2.2949         10.3954         2.33966         15.0132 
        2.30718         10.3219         2.30926         14.9329 
        2.31946         10.2136         2.27939         14.8296 
        2.33169         10.1283         2.25017         14.7394 
        2.34393         10.0453         2.22142         14.6439 
        2.35622         9.95975         2.19308         14.5569 
        2.36847         9.88301         2.16531         14.4636 
        2.38076         9.80049         2.13794         14.3748 
        2.39305         9.67535         2.11105         14.2772 
        2.40534         9.63048         2.08462         14.1819 
        2.41762         9.55753         2.05865         14.1188 
        2.42989         9.49111         2.03316         14.0278 
        2.44216         9.40493         2.00811         13.9315 
         2.4544         9.32692         1.98353         13.8523 
        2.46667         9.27972         1.95931          13.775 
        2.47897         9.20133         1.93544         13.6787 
        2.49124         9.09545         1.91203         13.6012 
        2.50349         9.04356         1.88904         13.5248 
        2.51578         8.97207         1.86636         13.4536 
        2.52805         8.91486         1.84409         13.3747 
        2.54029         8.83645         1.82224         13.2986 
        2.55257         8.80483         1.80068         13.2152 
        2.56487         8.67302         1.77943         13.1302 
        2.57716          8.6381         1.75855         13.0586 
        2.58942         8.60242         1.73805         12.9923 
        2.60167         8.54623          1.7179          12.917 
        2.61395         8.47537         1.69804         12.8409 
        2.62624         8.40668         1.67847         12.7677 
        2.63849         8.36346         1.65926         12.7018 
        2.65073         8.31096         1.64038         12.6204 
        2.66302         8.24533         1.62172         12.5473 
         2.6753         8.21176         1.60337         12.4752 
        2.68756         8.16766         1.58533         12.4182 
        2.69983         8.09455         1.56757         12.3348 
        2.71213         8.05702         1.55003         12.2635 
        2.72441         7.99236          1.5328         12.1997 
        2.73665         7.99638         1.51587         12.1248 
         2.7489         7.93166          1.4992         12.0567 
        2.76118          7.8546         1.48274         12.0012 
        2.77349         7.83125         1.46648         11.9325 
        2.78576         7.80604         1.45053         11.8679 
        2.79802         7.75393         1.43483         11.7998 
        2.81031         7.72718         1.41932         11.7391 
        2.82259         7.67274         1.40404         11.6741 
        2.83483         7.63128         1.38905         11.6089 
         2.8471         7.61479         1.37425         11.5517 
         2.8594         7.60044         1.35962         11.4902 
         2.8717         7.55158         1.34521         11.4203 
        2.88396         7.51322         1.33106         11.3617 
        2.89619         7.46082         1.31714         11.3076 
        2.90847         7.45196         1.30337         11.2406 
        2.92072         7.45765         1.28982         11.1775 
        2.93299         7.40801         1.27645         11.1263 
        2.94526         7.39482         1.26326          11.066 
        2.95753         7.36661         1.25026         11.0047 
        2.96982          7.3363         1.23742         10.9474 
        2.98209         7.32647         1.22479         10.8843 
        2.99436         7.32556         1.21232         10.8284 
        3.00666         7.31016         1.20001         10.7764 
        3.01894         7.27769         1.18789         10.7209 
        3.03119         7.27845         1.17595         10.6623 
        3.04345         7.26215         1.16418         10.6048 
        3.05573         7.26874         1.15255         10.5508 
          3.068         7.25447         1.14109         10.4987 
        3.08026         7.27803         1.12979         10.4429 
        3.09254         7.26596         1.11863         10.3887 
        3.10483         7.24345         1.10761           10.34 
         3.1171         7.25748         1.09676         10.2883 
        3.12933         7.27754         1.08609         10.2318 
        3.14159         7.24429         1.07553         10.1821 
