# k  (h/Mpc)    P(k)  (Mpc/h)^3    P_linear(k)  (Mpc/h)^3     P_NL(k)  ShotnoiseSubtracted = false
      0.0156606         8470.93         8597.39         8547.39 
      0.0273761         7308.95         7424.35         7385.34 
      0.0384619         5545.48         5590.03         5562.94 
      0.0498308         4318.27         4395.34          4370.7 
      0.0625568          3643.3         3734.58          3710.5 
      0.0751274         3197.11         3172.44         3136.35 
      0.0867833         2506.77         2553.92         2545.36 
      0.0984825         2067.28         2020.96         2036.62 
       0.111151         1744.41         1687.38         1703.77 
       0.123864         1566.75          1520.6         1534.39 
       0.135742          1414.5         1367.36         1381.55 
        0.14762         1211.64         1169.14         1204.17 
       0.160083         1008.33         974.523         1014.97 
       0.172465         896.561         850.559         900.693 
       0.184281          827.77         784.106         836.624 
       0.196406         758.358         724.113         766.954 
       0.209011         694.048         644.269         690.726 
       0.221538         624.082         563.026          627.85 
       0.233611         574.967         503.759         576.447 
       0.245665         535.676         464.948         530.234 
       0.258103         497.261         432.825         497.758 
       0.270422         458.217         397.714         462.209 
       0.282519         419.363         360.946         428.661 
       0.294636         413.155         328.861         400.143 
       0.306978         366.121         304.251         378.352 
       0.319417         351.437         284.456         355.566 
        0.33169         329.417         265.509          334.14 
       0.343948         314.291         246.009          318.24 
       0.356249         292.974         227.721         303.109 
       0.368458         283.199         212.404         284.995 
        0.38068         269.489         199.596          271.32 
       0.392856         251.815         187.902         259.592 
       0.405069         241.248         176.468         249.098 
       0.417459             230         165.398         235.761 
       0.429752         221.526         155.461         226.377 
       0.441978         213.635         146.738         218.813 
       0.454294         199.234         138.817          208.12 
        0.46658         199.288         131.386         201.418 
       0.478753         188.277         124.375         194.003 
       0.490964         182.413         117.789         186.735 
       0.503334         172.943         111.711         180.713 
       0.515665         169.211         106.168         176.126 
       0.527909         164.084         101.051         168.883 
       0.540159         158.733         96.2098         163.948 
        0.55248         154.289         91.6164         158.478 
       0.564743         149.769         87.3634         154.481 
        0.57686         144.932         83.4543         149.424 
       0.589077         138.647         79.7642         145.922 
       0.601441         135.793         76.2554         142.097 
        0.61382         133.846         72.9471         137.927 
       0.626067         128.937           69.86         134.429 
       0.638306         124.075         66.9529         131.286 
       0.650632         119.824         64.1985         126.742 
       0.662899         119.763         61.6174         124.025 
       0.675076          115.49         59.1985         121.056 
       0.687267          112.75         56.9064         118.243 
       0.699615         109.576          54.707         115.816 
       0.711937         106.443         52.6279         112.785 
       0.724148         105.302         50.6744         111.202 
       0.736433         101.511         48.8104         108.301 
       0.748747         99.4579         47.0375         105.964 
       0.761037         97.4645         45.3568          103.49 
       0.773197         95.3335         43.7757         102.298 
       0.785376         93.3554         42.2681         99.7274 
       0.797761         92.2692         40.8083         98.2684 
       0.810096         89.0872         39.4231         96.0854 
       0.822371         87.2839          38.109         94.3088 
       0.834626         85.4154         36.8573         92.6993 
       0.846916         84.3552         35.6587         91.1154 
       0.859215         82.6455         34.5131         89.3242 
       0.871383         81.4879         33.4295          87.827 
        0.88363         79.2915         32.3862         86.6414 
       0.895928         77.7548         31.3836          85.225 
       0.908253         75.7952         30.4219          83.713 
       0.920535         75.4397         29.5038          82.483 
       0.932774         73.7972         28.6271         81.0313 
        0.94508         72.8759         27.7817         79.6825 
       0.957324         71.1478         26.9748          78.654 
        0.96953         71.2158         26.2025         77.2665 
       0.981769         68.8227         25.4586         76.4136 
       0.994071         68.0779         24.7403         75.2849 
         1.0064         66.5834         24.0485          74.161 
        1.01868         65.7639         23.3854         73.1903 
        1.03092         64.5947         22.7503         72.1483 
         1.0432         63.4969         22.1366         71.0611 
        1.05553         61.8699         21.5433         70.4673 
        1.06777         61.5608         20.9761          69.457 
           1.08         60.2021           20.43         68.4926 
        1.09227         59.3758         19.9017         67.4986 
         1.1046         58.4641         19.3901         66.6596 
         1.1169         57.8032         18.8976         65.6938 
        1.12915         56.9299         18.4246         65.0245 
        1.14142         55.8364         17.9669         64.2231 
        1.15365          54.922         17.5261         63.4884 
        1.16585         54.1362         17.1014         62.6174 
        1.17807         53.2902         16.6903         61.8841 
        1.19037         53.1776           16.29         61.2959 
        1.20276         52.1651         15.9002         60.5713 
        1.21504         51.6468         15.5263          59.861 
        1.22728         50.5758          15.166         59.2141 
        1.23954         50.0148         14.8163         58.4242 
        1.25184         49.1995          14.477         57.9155 
        1.26414         48.4355         14.1482         57.1956 
        1.27632         48.0474         13.8326          56.647 
         1.2886          47.542         13.5245         55.9979 
        1.30093         46.8228         13.2247         55.2783 
        1.31316         46.0929         12.9361         54.8883 
        1.32541         45.8171         12.6562         54.2573 
        1.33772         44.9613          12.383         53.6905 
        1.35005         44.4914         12.1177          53.179 
        1.36225         43.7317         11.8629         52.6483 
        1.37447         42.7018         11.6149         52.0884 
        1.38676         42.8795          11.373         51.6011 
        1.39907         42.1977         11.1375         51.1639 
        1.41133         41.3241         10.9098         50.6896 
        1.42358          40.877         10.6886         50.1168 
        1.43591         40.4968         10.4721         49.7082 
        1.44818         40.0222         10.2627          49.117 
        1.46037         39.4944         10.0604         48.7306 
        1.47263         39.2022         9.86235         48.3389 
        1.48494         38.4194         9.66893         47.8232 
        1.49724         38.2163         9.48085         47.3856 
        1.50952         37.7826         9.29818         46.9756 
        1.52178         37.1965         9.12058         46.5728 
        1.53409         36.9071         8.94693         46.1581 
        1.54637         36.3259         8.77816          45.707 
        1.55858         35.5537         8.61472          45.289 
        1.57081         35.6054         8.45521         44.9696 
        1.58313         35.1878         8.29875         44.5707 
        1.59544         34.5584         8.14635         44.1639 
        1.60767         34.1326         7.99875         43.7563 
        1.61994         33.7223         7.85431         43.4045 
        1.63225         33.5127         7.71314         43.0453 
        1.64452         33.1001         7.57583         42.7058 
        1.65676         32.6931          7.4423         42.3205 
          1.669          32.385          7.3119         42.0301 
        1.68133         32.0625          7.1838          41.628 
        1.69363         31.5311         7.05914          41.275 
        1.70585         31.3228         6.93824         41.0302 
        1.71809         30.7831         6.81994         40.5916 
        1.73038         30.6204         6.70402         40.3517 
        1.74268          30.173         6.59073         39.9428 
        1.75493         29.8589         6.48057         39.6611 
        1.76714         29.6064         6.37323         39.3756 
        1.77942         29.2933         6.26777         39.0554 
        1.79173         28.8786         6.16442         38.7347 
        1.80402         28.5633         6.06363         38.5256 
         1.8163         28.3801         5.96514         38.0797 
         1.8286         27.8902         5.86868         37.8601 
         1.8409          27.658         5.77444         37.5488 
        1.85315         27.3498         5.68258         37.3105 
        1.86537         26.9951          5.5929         37.0297 
        1.87765         26.8651         5.50483         36.7327 
        1.88995         26.4618         5.41844         36.3957 
        1.90221         26.2014         5.33422         36.1372 
        1.91445         25.8365         5.25192         35.8945 
        1.92674         25.6079         5.17107         35.6088 
        1.93902         25.3201         5.09192         35.3715 
        1.95124          24.899         5.01486         35.1576 
         1.9635         24.7605         4.93919         34.8587 
        1.97583         24.4999         4.86461         34.6325 
        1.98812         24.2873         4.79185         34.3761 
        2.00039          23.999         4.72072         34.1212 
        2.01264         23.7116         4.65111         33.8998 
        2.02492         23.5426          4.5828         33.6264 
        2.03717         23.1725         4.51597          33.395 
        2.04942         22.9811         4.45057         33.1379 
        2.06171         22.8161         4.38624         32.9284 
        2.07397         22.5644         4.32332         32.6639 
        2.08629         22.3332         4.26138         32.4296 
        2.09857         22.0809          4.2008         32.2219 
        2.11081         21.8307         4.14164          31.989 
        2.12309         21.6778         4.08349         31.7619 
        2.13538         21.3539         4.02636          31.567 
        2.14763         21.2206         3.97053         31.3365 
        2.15986         20.9725         3.91588         31.1137 
        2.17214         20.7661         3.86203         30.9202 
        2.18443         20.5683         3.80915         30.6755 
        2.19671          20.314         3.75733          30.469 
        2.20898          20.135         3.70653         30.2506 
        2.22126         20.0131         3.65661         30.0573 
        2.23354         19.8356         3.60763          29.874 
         2.2458         19.6409         3.55964         29.6791 
        2.25807         19.3557         3.51247         29.4411 
        2.27035         19.1741         3.46612          29.267 
        2.28263         19.0235         3.42063         29.0764 
         2.2949         18.8649         3.37598         28.8866 
        2.30718         18.6828         3.33211         28.6834 
        2.31946         18.5578           3.289           28.49 
        2.33169         18.3311         3.24684         28.3033 
        2.34393         18.1631         3.20535         28.1314 
        2.35622         17.9747         3.16446         27.9505 
        2.36847         17.7823         3.12439         27.7452 
        2.38076         17.6294          3.0849         27.5936 
        2.39305         17.4928          3.0461         27.4162 
        2.40534         17.3032         3.00797         27.1986 
        2.41762         17.1282          2.9705         27.0708 
        2.42989         17.0095         2.93372         26.8541 
        2.44216         16.7992         2.89756         26.7041 
         2.4544         16.7904          2.8621         26.5176 
        2.46667         16.5612         2.82715         26.3577 
        2.47897         16.3579         2.79271         26.1777 
        2.49124         16.2928         2.75893         26.0129 
        2.50349         16.0757         2.72576         25.8393 
        2.51578         15.9812         2.69303         25.7011 
        2.52805         15.8283          2.6609          25.528 
        2.54029         15.7036         2.62937         25.3663 
        2.55257         15.5938         2.59826         25.2006 
        2.56487         15.4105          2.5676         25.0527 
        2.57716         15.3036         2.53747         24.8745 
        2.58942         15.2219          2.5079         24.7439 
        2.60167         14.9956         2.47882         24.5846 
        2.61395         14.9515         2.45016         24.4305 
        2.62624         14.8574         2.42191         24.2705 
        2.63849         14.6897          2.3942          24.145 
        2.65073         14.5692         2.36696         23.9805 
        2.66302         14.4812         2.34004         23.8465 
         2.6753         14.4199         2.31355         23.6909 
        2.68756         14.2733         2.28753         23.5565 
        2.69983         14.1501         2.26189         23.3977 
        2.71213          14.025         2.23659         23.2447 
        2.72441         13.9547         2.21172         23.1109 
        2.73665         13.8416          2.1873          22.973 
         2.7489          13.807         2.16325         22.8324 
        2.76118         13.6511         2.13949          22.697 
        2.77349         13.5765         2.11603         22.5629 
        2.78576         13.4707         2.09302         22.4365 
        2.79802         13.4167         2.07036         22.2893 
        2.81031         13.3213         2.04798          22.151 
        2.82259         13.1938         2.02594         22.0339 
        2.83483         13.1867         2.00431         21.9019 
         2.8471         13.1146         1.98296         21.7576 
         2.8594         13.0152         1.96185         21.6222 
         2.8717         12.9553         1.94105         21.5037 
        2.88396         12.8746         1.92064         21.3738 
        2.89619         12.8465         1.90055         21.2451 
        2.90847         12.7612         1.88067          21.135 
        2.92072          12.718         1.86112         20.9866 
        2.93299         12.6116         1.84183           20.88 
        2.94526          12.574          1.8228         20.7664 
        2.95753         12.5399         1.80404          20.634 
        2.96982         12.4774         1.78552         20.5149 
        2.98209         12.4533         1.76729         20.3987 
        2.99436            12.4          1.7493         20.2721 
        3.00666         12.3821         1.73153         20.1524 
        3.01894         12.3335         1.71404         20.0507 
        3.03119         12.3129         1.69682         19.9323 
        3.04345         12.2389         1.67984         19.8058 
        3.05573         12.2379         1.66305         19.6947 
          3.068         12.1983         1.64651         19.5884 
        3.08026          12.193         1.63021         19.4627 
        3.09254         12.1529         1.61411         19.3582 
        3.10483         12.1625         1.59821         19.2577 
         3.1171          12.192         1.58256         19.1443 
        3.12933          12.151         1.56715         19.0336 
        3.14159          12.109         1.55192         18.9186 
