# k  (h/Mpc)    P(k)  (Mpc/h)^3    P_linear(k)  (Mpc/h)^3     P_NL(k)  ShotnoiseSubtracted = false
      0.0156606         7527.96         7632.65         7589.38 
      0.0273761         6500.22         6591.69         6559.81 
      0.0384619            4933         4963.29         4942.22 
      0.0498308         3844.58         3902.66         3883.93 
      0.0625568         3243.44         3316.02         3297.31 
      0.0751274         2841.38         2816.93         2788.49 
      0.0867833         2231.01         2267.74         2261.33 
      0.0984825         1835.57         1794.51         1807.56 
       0.111151         1547.14         1498.31         1511.81 
       0.123864         1389.71         1350.23         1361.58 
       0.135742         1253.76         1214.16         1225.84 
        0.14762         1072.35         1038.15         1066.62 
       0.160083         891.645         865.341         898.042 
       0.172465         792.128         755.267         795.642 
       0.184281          732.14         696.259         738.713 
       0.196406           669.8         642.988         677.308 
       0.209011          611.68          572.09         609.536 
       0.221538         549.344         499.949         552.261 
       0.233611         504.269         447.322         505.924 
       0.245665         470.958         412.859         465.389 
       0.258103         434.517         384.335         436.606 
       0.270422         402.008         353.158          404.95 
       0.282519         367.164         320.509         374.921 
       0.294636         360.644         292.019         349.342 
       0.306978         319.077         270.166         329.756 
       0.319417         305.978         252.589         309.812 
        0.33169         286.393         235.764         290.999 
       0.343948         273.319         218.449           276.4 
       0.356249         254.289          202.21         262.937 
       0.368458         245.428         188.609         246.876 
        0.38068         233.097         177.236         234.799 
       0.392856         217.602         166.852         224.469 
       0.405069         208.121         156.699         214.846 
       0.417459         198.197         146.869         203.295 
       0.429752         190.745         138.045         194.958 
       0.441978         183.631         130.299          188.25 
       0.454294          171.06         123.266         178.868 
        0.46658         171.267         116.667         172.806 
       0.478753         161.157         110.441         166.351 
       0.490964         156.208         104.593         160.004 
       0.503334         148.473         99.1962         154.595 
       0.515665         144.653         94.2744          150.54 
       0.527909         140.109         89.7307         143.972 
       0.540159         135.405         85.4317         139.714 
        0.55248         130.926         81.3528         134.892 
       0.564743         127.211         77.5763         131.308 
        0.57686         123.189         74.1051         126.968 
       0.589077         117.664         70.8285         123.851 
       0.601441         115.073         67.7127         120.483 
        0.61382         113.053         64.7751          116.76 
       0.626067         108.624         62.0338         113.755 
       0.638306         104.872         59.4524         110.905 
       0.650632         101.146         57.0065         107.004 
       0.662899         100.796         54.7146         104.549 
       0.675076         97.1546         52.5667         101.991 
       0.687267         95.0256         50.5314          99.515 
       0.699615         92.0887         48.5784         97.4777 
       0.711937         89.2819         46.7321         94.6906 
       0.724148         88.4889         44.9975         93.3548 
       0.736433          84.852         43.3423         90.8187 
       0.748747         83.3079          41.768         88.8022 
       0.761037         81.4258         40.2756         86.6923 
       0.773197         79.6533         38.8716         85.6116 
       0.785376         77.7149          37.533         83.4143 
       0.797761         76.9651         36.2367         82.0975 
       0.810096         74.2941         35.0067         80.2226 
       0.822371         72.8966         33.8398         78.6438 
       0.834626         71.2058         32.7283         77.3217 
       0.846916         70.1155          31.664         75.9121 
       0.859215         68.5516         30.6467         74.3516 
       0.871383         67.6367         29.6845         73.0991 
        0.88363         65.7765          28.758         72.0625 
       0.895928         64.4097         27.8678         70.7693 
       0.908253         62.8632         27.0138         69.5599 
       0.920535         62.5132         26.1986         68.4365 
       0.932774         61.2451         25.4201         67.2579 
        0.94508         60.3803         24.6694         66.0389 
       0.957324         58.8499         23.9529          65.169 
        0.96953         58.7767         23.2671         63.9873 
       0.981769         56.8346         22.6066         63.2242 
       0.994071         56.1699         21.9687           62.28 
         1.0064         54.9472         21.3545         61.3123 
        1.01868         54.1031         20.7656         60.4799 
        1.03092         53.2711         20.2017         59.5744 
         1.0432         52.3606         19.6567         58.6082 
        1.05553         51.0736         19.1299         58.1428 
        1.06777         50.5854         18.6262         57.2271 
           1.08         49.3998         18.1413         56.3986 
        1.09227         48.8206         17.6722         55.6156 
         1.1046         48.0957         17.2179         54.8598 
         1.1169         47.5396         16.7805         54.0737 
        1.12915         46.7277         16.3605         53.4864 
        1.14142         45.8305         15.9541         52.8108 
        1.15365         45.1589         15.5627         52.1991 
        1.16585         44.4751         15.1856         51.4511 
        1.17807         43.7574         14.8205         50.7864 
        1.19037         43.6256         14.4651         50.3322 
        1.20276         42.8592          14.119         49.7052 
        1.21504         42.2706          13.787         49.1508 
        1.22728         41.4639          13.467         48.5661 
        1.23954         41.0009         13.1565         47.8903 
        1.25184         40.3049         12.8552         47.4545 
        1.26414         39.7409         12.5633         46.8401 
        1.27632         39.4195          12.283          46.361 
         1.2886          39.002         12.0094         45.8593 
        1.30093         38.3237         11.7432         45.2686 
        1.31316         37.7443         11.4869         44.8975 
        1.32541         37.4878         11.2383         44.3878 
        1.33772         36.7659         10.9958         43.9216 
        1.35005         36.3482         10.7602         43.4904 
        1.36225         35.7644         10.5339         43.0685 
        1.37447         34.9288         10.3138         42.5832 
        1.38676          35.047         10.0989         42.2091 
        1.39907         34.4811         9.88982         41.8213 
        1.41133         33.7765         9.68757         41.3806 
        1.42358         33.4373         9.49118         40.9487 
        1.43591          33.038          9.2989         40.5979 
        1.44818         32.7061         9.11302         40.1298 
        1.46037         32.2854         8.93334         39.7652 
        1.47263         32.0514         8.75751         39.4489 
        1.48494         31.4301         8.58575         39.0317 
        1.49724         31.3466         8.41875         38.6697 
        1.50952         30.8559         8.25654         38.3583 
        1.52178         30.4017         8.09884          37.988 
        1.53409         30.1531         7.94464         37.6538 
        1.54637         29.7599         7.79478         37.2732 
        1.55858         29.0793         7.64964         36.9549 
        1.57081         29.1684           7.508         36.6683 
        1.58313         28.8045         7.36907         36.3186 
        1.59544         28.2664         7.23374          36.017 
        1.60767           27.95         7.10268         35.6602 
        1.61994         27.6126         6.97442         35.3833 
        1.63225         27.4807         6.84906         35.1196 
        1.64452         27.0601         6.72714         34.8243 
        1.65676         26.7807         6.60857         34.5083 
          1.669         26.5211         6.49277         34.2604 
        1.68133         26.1792         6.37902         33.9479 
        1.69363         25.8142         6.26833         33.6172 
        1.70585         25.6094         6.16098         33.4404 
        1.71809         25.1951         6.05593         33.0913 
        1.73038         25.0658         5.95299         32.8843 
        1.74268         24.7541         5.85239         32.5537 
        1.75493          24.439         5.75458         32.3272 
        1.76714         24.3087         5.65926          32.091 
        1.77942         24.0368         5.56561         31.8215 
        1.79173         23.5969         5.47385         31.5719 
        1.80402         23.3645         5.38434         31.4062 
         1.8163         23.2675         5.29689         31.0345 
         1.8286         22.8582         5.21124          30.856 
         1.8409         22.6614         5.12755         30.6247 
        1.85315         22.4389         5.04598         30.4094 
        1.86537          22.136         4.96635         30.1786 
        1.87765         22.0093         4.88814         29.9433 
        1.88995         21.7086         4.81144         29.6798 
        1.90221         21.4958         4.73664         29.4685 
        1.91445         21.2292         4.66356         29.2544 
        1.92674          21.042         4.59178          29.037 
        1.93902         20.7931          4.5215         28.8522 
        1.95124         20.4864         4.45306         28.6898 
         1.9635          20.367         4.38587         28.4314 
        1.97583         20.1561         4.31964         28.2313 
        1.98812         19.9875         4.25503         28.0474 
        2.00039         19.7722         4.19188         27.8378 
        2.01264         19.5443         4.13006         27.6575 
        2.02492         19.3881          4.0694         27.4253 
        2.03717         19.0949         4.01007          27.248 
        2.04942         18.9444         3.95199         27.0424 
        2.06171         18.8078         3.89487         26.8655 
        2.07397         18.6184           3.839         26.6557 
        2.08629         18.4412         3.78399         26.4661 
        2.09857         18.2616          3.7302         26.3016 
        2.11081         18.0275         3.67767         26.1181 
        2.12309         17.9024         3.62603         25.9357 
        2.13538         17.6787          3.5753         25.7629 
        2.14763         17.5076         3.52572          25.591 
        2.15986         17.3967         3.47719         25.4258 
        2.17214         17.1929         3.42938         25.2584 
        2.18443         17.0248         3.38243         25.0701 
        2.19671         16.8513         3.33641         24.8929 
        2.20898         16.6898          3.2913         24.7293 
        2.22126         16.5627         3.24697         24.5779 
        2.23354         16.4764         3.20348         24.4119 
         2.2458         16.2678         3.16086         24.2765 
        2.25807         16.0637         3.11898         24.0706 
        2.27035         15.9402         3.07782         23.9307 
        2.28263          15.777         3.03743         23.7752 
         2.2949         15.6917         2.99778         23.6325 
        2.30718         15.5486         2.95883         23.4834 
        2.31946         15.4248         2.92055         23.3177 
        2.33169         15.2601         2.88311         23.1674 
        2.34393         15.1211         2.84627         23.0385 
        2.35622         14.9215         2.80996         22.8837 
        2.36847         14.8183         2.77438         22.7267 
        2.38076         14.6599         2.73931         22.5989 
        2.39305         14.5615         2.70486         22.4515 
        2.40534         14.4127           2.671         22.2823 
        2.41762         14.2755         2.63772         22.1787 
        2.42989         14.1617         2.60506         22.0159 
        2.44216         14.0296         2.57296         21.8825 
         2.4544         14.0105         2.54147         21.7326 
        2.46667         13.8258         2.51044         21.6113 
        2.47897         13.6559         2.47985         21.4661 
        2.49124         13.6024         2.44985         21.3347 
        2.50349         13.4432          2.4204         21.1921 
        2.51578         13.3478         2.39134         21.0901 
        2.52805         13.2445         2.36281         20.9513 
        2.54029         13.1594         2.33482          20.822 
        2.55257         13.0669         2.30719         20.6913 
        2.56487         12.8872         2.27996         20.5683 
        2.57716         12.8154         2.25321         20.4252 
        2.58942         12.7412         2.22695         20.3251 
        2.60167         12.5855         2.20113         20.2006 
        2.61395         12.5774         2.17568         20.0758 
        2.62624         12.4691          2.1506         19.9522 
        2.63849         12.3387         2.12599         19.8505 
        2.65073         12.2453          2.1018          19.718 
        2.66302         12.1739         2.07789         19.6107 
         2.6753         12.1161         2.05437         19.4847 
        2.68756         12.0162         2.03127         19.3783 
        2.69983         11.9187          2.0085         19.2567 
        2.71213          11.822         1.98604         19.1296 
        2.72441          11.781         1.96395         19.0283 
        2.73665         11.7054         1.94226         18.9164 
         2.7489         11.6468         1.92091         18.7985 
        2.76118         11.5228         1.89981         18.6953 
        2.77349         11.4629         1.87898         18.5856 
        2.78576         11.3696         1.85854         18.4849 
        2.79802         11.3354         1.83842         18.3698 
        2.81031         11.2628         1.81855         18.2598 
        2.82259         11.2156         1.79898         18.1615 
        2.83483         11.1508         1.77978         18.0595 
         2.8471         11.0876         1.76081         17.9492 
         2.8594         11.0511         1.74207         17.8402 
         2.8717         10.9905          1.7236         17.7441 
        2.88396         10.9188         1.70547         17.6422 
        2.89619         10.8846         1.68764          17.539 
        2.90847         10.8387         1.66999         17.4478 
        2.92072         10.8023         1.65262         17.3326 
        2.93299         10.7169          1.6355         17.2442 
        2.94526         10.7042          1.6186         17.1534 
        2.95753         10.6565         1.60194         17.0499 
        2.96982         10.6122         1.58549         16.9527 
        2.98209         10.6068         1.56931         16.8581 
        2.99436         10.5822         1.55333         16.7578 
        3.00666         10.5514         1.53755         16.6653 
        3.01894         10.5275         1.52203          16.586 
        3.03119         10.4897         1.50673         16.4879 
        3.04345         10.4264         1.49165         16.3834 
        3.05573         10.4502         1.47674         16.2967 
          3.068         10.4297         1.46206         16.2147 
        3.08026         10.4069         1.44759         16.1115 
        3.09254         10.4102         1.43328         16.0303 
        3.10483          10.401         1.41917         15.9519 
         3.1171         10.4231         1.40527         15.8584 
        3.12933          10.396         1.39159         15.7694 
        3.14159         10.3621         1.37806         15.6794 
