# k  (h/Mpc)    P(k)  (Mpc/h)^3    P_linear(k)  (Mpc/h)^3     P_NL(k)  ShotnoiseSubtracted = false
      0.0156606         788.287         789.875         786.231 
      0.0273761         686.306         683.068          681.68 
      0.0384619         521.059         514.666         514.628 
      0.0498308         409.807         404.847         405.106 
      0.0625568         345.834         344.086         343.926 
      0.0751274          296.46         292.347         291.862 
      0.0867833         237.016         235.376         235.336 
      0.0984825         190.184         186.273         186.622 
       0.111151         158.913         155.536         155.849 
       0.123864         142.659          140.17         140.305 
       0.135742         127.992         126.049         126.139 
        0.14762         108.834         107.779         108.136 
       0.160083         90.5845         89.8399         90.3008 
       0.172465         79.3325         78.4133         78.9495 
       0.184281         73.4039          72.288         72.8294 
       0.196406         67.1681         66.7579         67.1426 
       0.209011         60.1137         59.3975         59.8573 
       0.221538         52.9532         51.9079         52.5808 
       0.233611         47.4345         46.4442         47.1909 
       0.245665         44.2405         42.8662         43.5196 
       0.258103         40.1627         39.9048         40.5472 
       0.270422         37.4739         36.6679         37.2823 
       0.282519         33.9945         33.2782          33.953 
       0.294636          31.633         30.3201         31.0336 
       0.306978         28.4146         28.0513         28.7842 
       0.319417         26.9076         26.2263          26.936 
        0.33169         25.0355         24.4795         25.1619 
       0.343948         23.4755         22.6817         23.3608 
       0.356249         21.4965         20.9956         21.7747 
       0.368458         20.2804         19.5834          20.273 
        0.38068         18.9207         18.4026         19.0888 
       0.392856         17.7917         17.3244         18.0171 
       0.405069         16.7953         16.2703         16.9248 
       0.417459         15.5095         15.2496         15.9375 
       0.429752         14.7501         14.3334         15.0106 
       0.441978          14.002         13.5292         14.2456 
       0.454294         13.1002         12.7989         13.4754 
        0.46658         12.6784         12.1137         12.7751 
       0.478753         11.8779         11.4673         12.1249 
       0.490964         11.3823         10.8601         11.5551 
       0.503334         10.8426         10.2997         10.9513 
       0.515665         10.2008         9.78871         10.4745 
       0.527909         9.78199         9.31693          9.9489 
       0.540159         9.26897         8.87056         9.49266 
        0.55248         8.72809         8.44705         9.04368 
       0.564743         8.52195         8.05493         8.69221 
        0.57686         8.14672         7.69451         8.30797 
       0.589077         7.66466         7.35429         7.98732 
       0.601441         7.35551         7.03078         7.64992 
        0.61382         7.05255         6.72576         7.32197 
       0.626067         6.73936         6.44112         7.03227 
       0.638306         6.49201         6.17309          6.7515 
       0.650632         6.29595         5.91914         6.50557 
       0.662899         6.00658         5.68116         6.24789 
       0.675076         5.70939         5.45814         6.02175 
       0.687267         5.51248         5.24681         5.78482 
       0.699615         5.35966         5.04402          5.5769 
       0.711937         5.09657         4.85233         5.39509 
       0.724148         4.98789         4.67222         5.20424 
       0.736433          4.7376         4.50036         5.01222 
       0.748747         4.58341         4.33689         4.86363 
       0.761037         4.44141         4.18193         4.69391 
       0.773197          4.2518         4.03615         4.55334 
       0.785376         4.10322         3.89716         4.40075 
       0.797761         3.96938         3.76256         4.24983 
       0.810096         3.86841         3.63485         4.13634 
       0.822371         3.76343         3.51369         3.99433 
       0.834626         3.63178         3.39827         3.87053 
       0.846916          3.4991         3.28777         3.76825 
       0.859215         3.36004         3.18214         3.66123 
       0.871383         3.26006         3.08223         3.55111 
        0.88363         3.17098         2.98603         3.44977 
       0.895928         3.09397          2.8936         3.34763 
       0.908253         2.99676         2.80493         3.25587 
       0.920535         2.90386         2.72028         3.16031 
       0.932774         2.81914         2.63944         3.06673 
        0.94508         2.73867          2.5615         2.98944 
       0.957324         2.66707          2.4871         2.91881 
        0.96953         2.57654          2.4159         2.83996 
       0.981769         2.49544         2.34731         2.75728 
       0.994071         2.44372         2.28108         2.69796 
         1.0064         2.36709          2.2173         2.62561 
        1.01868         2.28905         2.15616         2.55947 
        1.03092         2.25763          2.0976         2.49065 
         1.0432         2.18066         2.04102         2.43234 
        1.05553         2.12589         1.98632          2.3779 
        1.06777         2.06155         1.93402          2.3226 
           1.08         2.02165         1.88367         2.26401 
        1.09227         1.95439         1.83496         2.20911 
         1.1046         1.90988         1.78779         2.16174 
         1.1169          1.8579         1.74238         2.11121 
        1.12915         1.81651         1.69877         2.06421 
        1.14142         1.77261         1.65657         2.01634 
        1.15365         1.73183         1.61593         1.97447 
        1.16585         1.69077         1.57677         1.92944 
        1.17807         1.66318         1.53886         1.88939 
        1.19037         1.59786         1.50196         1.84588 
        1.20276         1.56522         1.46602         1.80322 
        1.21504         1.53454         1.43154         1.77353 
        1.22728         1.50261         1.39832         1.72948 
        1.23954         1.46795         1.36608         1.70141 
        1.25184         1.43848          1.3348         1.66079 
        1.26414         1.40461         1.30448         1.62594 
        1.27632         1.36287         1.27539         1.59651 
         1.2886         1.33962         1.24697         1.56108 
        1.30093         1.30027         1.21933         1.53578 
        1.31316         1.26393         1.19273         1.50352 
        1.32541         1.24707         1.16692         1.47665 
        1.33772         1.22575         1.14173         1.44814 
        1.35005           1.202         1.11727         1.42158 
        1.36225         1.17359         1.09377         1.39255 
        1.37447         1.14985         1.07091          1.3699 
        1.38676         1.12451          1.0486          1.3413 
        1.39907         1.10008         1.02689          1.3195 
        1.41133         1.07302         1.00589         1.29523 
        1.42358         1.06303        0.985501         1.26847 
        1.43591         1.03808        0.965537         1.25243 
        1.44818         1.01716        0.946236         1.22962 
        1.46037        0.992596        0.927579         1.20499 
        1.47263        0.972108        0.909322         1.18636 
        1.48494        0.956795        0.891488          1.1664 
        1.49724        0.937118        0.874147         1.14661 
        1.50952        0.920025        0.857304         1.12396 
        1.52178        0.898469         0.84093         1.10714 
        1.53409        0.885291        0.824919         1.08819 
        1.54637        0.862188        0.809358          1.0691 
        1.55858        0.851214        0.794288         1.05231 
        1.57081        0.839349        0.779582         1.03413 
        1.58313        0.820526        0.765156         1.02036 
        1.59544        0.806402        0.751104         1.00234 
        1.60767        0.792722        0.737496        0.986745 
        1.61994        0.775114        0.724178        0.972506 
        1.63225        0.762365        0.711162        0.957817 
        1.64452        0.750663        0.698502        0.941513 
        1.65676        0.736041        0.686191        0.927747 
          1.669        0.724145        0.674167        0.912398 
        1.68133        0.709929        0.662356        0.900336 
        1.69363        0.701847        0.650862        0.886182 
        1.70585        0.686773        0.639716        0.873493 
        1.71809        0.676116        0.628808        0.860056 
        1.73038         0.66235         0.61812         0.84774 
        1.74268        0.649498        0.607674        0.834504 
        1.75493        0.644587        0.597518        0.824236 
        1.76714        0.630707         0.58762        0.811406 
        1.77942        0.617894        0.577897        0.799999 
        1.79173        0.610762        0.568369        0.787876 
        1.80402        0.600884        0.559075        0.777213 
         1.8163        0.590862        0.549995        0.764951 
         1.8286         0.57712        0.541101        0.757533 
         1.8409        0.572604        0.532411        0.745623 
        1.85315        0.564383        0.523942        0.734982 
        1.86537        0.551292        0.515674        0.725645 
        1.87765        0.543945        0.507553        0.715213 
        1.88995        0.536496        0.499588        0.706654 
        1.90221        0.527131        0.491822         0.69658 
        1.91445         0.52044        0.484234         0.68782 
        1.92674        0.510796         0.47678        0.678937 
        1.93902        0.501829        0.469483        0.669235 
        1.95124        0.495053        0.462377        0.660574 
         1.9635        0.489311        0.455401        0.651874 
        1.97583        0.480233        0.448524        0.643054 
        1.98812        0.473445        0.441815        0.636585 
        2.00039        0.466711        0.435258        0.627434 
        2.01264        0.460633        0.428839        0.619929 
        2.02492        0.453867        0.422541        0.612505 
        2.03717         0.44667        0.416379        0.604854 
        2.04942        0.440364        0.410349        0.596866 
        2.06171        0.434498        0.404418        0.589597 
        2.07397        0.426867        0.398617        0.582924 
        2.08629        0.423123        0.392906        0.575532 
        2.09857        0.415535         0.38732        0.568843 
        2.11081        0.408829        0.381866         0.56134 
        2.12309        0.403848        0.376504        0.555635 
        2.13538        0.397768        0.371237        0.548528 
        2.14763        0.393545        0.366088        0.542478 
        2.15986        0.388027         0.36105         0.53659 
        2.17214        0.381805        0.356085        0.529757 
        2.18443        0.377837         0.35121        0.523464 
        2.19671        0.372655        0.346431           0.518 
        2.20898        0.367447        0.341747        0.511684 
        2.22126        0.361788        0.337145        0.506213 
        2.23354        0.358085        0.332629         0.50092 
         2.2458        0.354517        0.328204        0.494132 
        2.25807        0.349267        0.323855         0.48956 
        2.27035        0.344437        0.319582        0.483834 
        2.28263        0.339706        0.315387        0.478838 
         2.2949        0.336054         0.31127        0.473253 
        2.30718         0.33177        0.307226        0.468374 
        2.31946        0.328589        0.303251         0.46348 
        2.33169        0.322848        0.299364        0.458156 
        2.34393        0.319482        0.295539        0.453681 
        2.35622         0.31563        0.291768        0.448276 
        2.36847        0.312624        0.288074        0.443736 
        2.38076        0.308348        0.284433        0.439141 
        2.39305        0.304237        0.280856        0.434686 
        2.40534        0.300861         0.27734        0.430284 
        2.41762        0.298118        0.273884        0.425551 
        2.42989        0.293583        0.270493        0.421002 
        2.44216        0.291108         0.26716        0.417036 
         2.4544        0.288125        0.263891        0.412897 
        2.46667        0.285029        0.260668        0.408328 
        2.47897        0.281276        0.257492        0.404406 
        2.49124        0.278129        0.254378        0.400273 
        2.50349        0.274327        0.251319         0.39616 
        2.51578        0.271914        0.248302        0.392242 
        2.52805        0.270134        0.245339        0.388505 
        2.54029        0.266965        0.242433        0.384764 
        2.55257        0.263305        0.239564        0.381216 
        2.56487        0.261289        0.236737        0.377338 
        2.57716        0.258583        0.233959        0.373656 
        2.58942        0.256409        0.231232        0.370027 
        2.60167        0.253132        0.228551         0.36631 
        2.61395        0.250597        0.225909          0.3631 
        2.62624        0.247969        0.223305        0.359804 
        2.63849        0.246594         0.22075          0.3563 
        2.65073        0.243409        0.218237        0.352843 
        2.66302        0.241691        0.215755        0.349523 
         2.6753        0.239135        0.213313         0.34629 
        2.68756        0.237557        0.210914         0.34318 
        2.69983        0.234703         0.20855        0.339712 
        2.71213        0.232179        0.206218        0.336785 
        2.72441        0.230901        0.203925        0.333939 
        2.73665        0.229025        0.201672        0.330875 
         2.7489        0.227502        0.199455         0.32782 
        2.76118        0.225912        0.197265        0.324908 
        2.77349        0.223104        0.195102        0.322123 
        2.78576        0.222029         0.19298        0.319217 
        2.79802        0.220292        0.190891        0.316044 
        2.81031        0.218609        0.188827        0.313618 
        2.82259        0.217134        0.186795        0.310575 
        2.83483        0.215115        0.184801        0.307811 
         2.8471        0.213821        0.182832        0.305527 
         2.8594        0.212462        0.180886        0.302939 
         2.8717        0.211547        0.178968        0.300179 
        2.88396        0.210363        0.177086        0.297682 
        2.89619        0.208628        0.175234        0.295263 
        2.90847        0.207685        0.173402        0.292792 
        2.92072        0.205781        0.171598        0.290094 
        2.93299         0.20494         0.16982        0.287578 
        2.94526        0.203895        0.168065          0.2853 
        2.95753        0.203229        0.166336        0.283018 
        2.96982        0.201907        0.164628        0.280532 
        2.98209        0.201323        0.162947        0.278067 
        2.99436        0.199823        0.161289        0.275841 
        3.00666        0.199674         0.15965        0.273647 
        3.01894        0.198846        0.158038        0.271509 
        3.03119        0.198189         0.15645        0.269228 
        3.04345        0.197167        0.154884         0.26711 
        3.05573        0.197025        0.153336        0.265108 
          3.068        0.196168        0.151811        0.262806 
        3.08026        0.195548        0.150309         0.26064 
        3.09254        0.195985        0.148824        0.258651 
        3.10483        0.195267        0.147358        0.256687 
         3.1171        0.194799        0.145915        0.254587 
        3.12933        0.194752        0.144494        0.252477 
        3.14159        0.194101         0.14309        0.250661 
