# k  (h/Mpc)    Pcb(k)  (Mpc/h)^3    Pcb_linear(k) (Mpc/h)^3    Pcb_NL(k) (Mpc/h)^3   ShotnoiseSubtracted = false
      0.0156606         9485.94         9509.48         9452.74 
      0.0273761          8191.3         8224.66         8177.92 
      0.0384619         6218.43         6197.29         6163.45 
      0.0498308          4840.5         4874.99         4843.61 
      0.0625568         4085.53         4143.36          4113.2 
      0.0751274         3591.71         3520.34         3475.64 
      0.0867833         2812.72         2834.32         2823.24 
      0.0984825         2325.09         2243.03         2261.43 
       0.111151         1964.35         1872.91          1892.4 
       0.123864         1764.14         1687.88         1704.26 
       0.135742         1593.95         1517.84         1534.68 
        0.14762         1367.48         1297.83         1339.93 
       0.160083         1139.21         1081.82         1130.71 
       0.172465         1013.68         944.224         1005.04 
       0.184281         934.798         870.464         933.925 
       0.196406         857.836         803.872          856.12 
       0.209011          786.75         715.242          771.57 
       0.221538          708.16         625.055         703.515 
       0.233611         654.856         559.263         647.314 
       0.245665         608.482         516.178         595.435 
       0.258103         568.444         480.518         559.309 
       0.270422         521.666         441.541         519.969 
       0.282519         478.539         400.723         483.055 
       0.294636         472.569         365.103         451.696 
       0.306978         419.545         337.782          427.78 
       0.319417          403.18         315.807         402.125 
        0.33169         378.446         294.772         378.084 
       0.343948         360.929         273.123         361.012 
       0.356249         337.025         252.821         344.252 
       0.368458         326.225         235.816         324.118 
        0.38068          311.05         221.595         308.866 
       0.392856         290.983         208.613         295.731 
       0.405069         279.127          195.92          284.44 
       0.417459         266.367         183.629         269.344 
       0.429752         256.797         172.596         258.885 
       0.441978         247.993         162.913         250.474 
       0.454294         231.648         154.119         238.478 
        0.46658          231.32         145.868         231.167 
       0.478753          219.47         138.085         222.771 
       0.490964         212.502         130.774         214.588 
       0.503334         201.043         124.025          207.94 
       0.515665         197.486         117.871         202.829 
       0.527909         191.585          112.19          194.98 
       0.540159         185.573         106.816         189.327 
        0.55248         181.072         101.716         183.223 
       0.564743         175.828         96.9941         178.832 
        0.57686         169.988         92.6541         173.046 
       0.589077         162.831         88.5573         169.137 
       0.601441          159.74         84.6617         164.832 
        0.61382         157.821         80.9888          160.26 
       0.626067         152.537         77.5613          156.27 
       0.638306         146.299         74.3338         152.822 
       0.650632         141.595         71.2758         147.661 
       0.662899         141.706         68.4102         144.705 
       0.675076         136.656         65.7246         141.312 
       0.687267         133.253         63.1799         138.135 
       0.699615         129.898          60.738         135.297 
       0.711937         126.374         58.4297         132.068 
       0.724148         124.751         56.2609         130.193 
       0.736433         120.854         54.1914         126.939 
       0.748747         118.239          52.223         124.255 
       0.761037         116.134         50.3571         121.452 
       0.773197         113.598         48.6017         120.098 
       0.785376         111.635          46.928         117.164 
       0.797761         110.012         45.3072         115.562 
       0.810096         106.469         43.7693         113.082 
       0.822371         104.002         42.3104         111.088 
       0.834626         102.024         40.9206         109.174 
       0.846916         100.952         39.5899         107.406 
       0.859215          99.104          38.318         105.407 
       0.871383         97.5862         37.1149         103.639 
        0.88363         95.1435         35.9566         102.301 
       0.895928         93.3636         34.8435         100.749 
       0.908253         90.9508         33.7758         98.9113 
       0.920535         90.5213         32.7565         97.5696 
       0.932774         88.3686         31.7831         95.8335 
        0.94508         87.4136         30.8445         94.3779 
       0.957324         85.6233         29.9486         93.1436 
        0.96953         85.6718         29.0912         91.5455 
       0.981769         82.8228         28.2654         90.6096 
       0.994071         81.9971         27.4678         89.2751 
         1.0064         80.1675         26.6998         87.9747 
        1.01868         79.3833         25.9636         86.8715 
        1.03092         77.8619         25.2585         85.6935 
         1.0432         76.5506         24.5771         84.4788 
        1.05553         74.5585         23.9184         83.7299 
        1.06777         74.3928         23.2887         82.6225 
           1.08          72.861         22.6824         81.5087 
        1.09227         71.7551         22.0958         80.3482 
         1.1046         70.6016         21.5279         79.3861 
         1.1169         69.7956          20.981         78.2477 
        1.12915         68.8806         20.4558         77.4604 
        1.14142         67.5479         19.9477         76.5115 
        1.15365         66.3202         19.4583         75.6359 
        1.16585         65.4715         18.9868         74.6643 
        1.17807           64.47         18.5303         73.8639 
        1.19037         64.3767          18.086         73.1309 
        1.20276         63.0529         17.6532         72.2819 
        1.21504         62.5734          17.238          71.409 
        1.22728         61.2287          16.838          70.689 
        1.23954          60.595         16.4498         69.7869 
        1.25184         59.5858         16.0731         69.1847 
        1.26414         58.6283          15.708         68.3792 
        1.27632         58.1217         15.3577         67.7696 
         1.2886         57.4525         15.0155         66.9262 
        1.30093         56.6689         14.6827         66.0995 
        1.31316         55.8323         14.3623         65.6628 
        1.32541         55.4876         14.0515         64.9233 
        1.33772         54.5144         13.7482         64.2461 
        1.35005         53.9797         13.4536         63.6424 
        1.36225         53.0515         13.1707         62.9904 
        1.37447         51.8261         12.8955         62.3338 
        1.38676           51.99         12.6268         61.7117 
        1.39907         51.1493         12.3654         61.2304 
        1.41133         50.1456         12.1125         60.7204 
        1.42358         49.5673          11.867         59.9822 
        1.43591         49.1892         11.6266         59.5048 
        1.44818         48.5324         11.3942         58.8065 
        1.46037         47.9548         11.1695         58.3856 
        1.47263         47.4687         10.9497         57.9121 
        1.48494         46.6145         10.7349         57.2953 
        1.49724         46.1979         10.5261         56.7659 
        1.50952         45.8312         10.3233         56.2393 
        1.52178         45.1407         10.1261         55.7984 
        1.53409         44.7464         9.93332         55.3053 
        1.54637         43.9213         9.74595         54.7719 
        1.55858         43.1417         9.56448         54.2444 
        1.57081         43.0623         9.38739         53.8834 
        1.58313         42.5426         9.21368         53.4331 
        1.59544          41.847         9.04448         52.9097 
        1.60767         41.3236         8.88061         52.4544 
        1.61994         40.7541         8.72024         52.0326 
        1.63225         40.4817          8.5635         51.5515 
        1.64452         40.0334         8.41106         51.1684 
        1.65676         39.4689         8.26281         50.6952 
          1.669         39.1536         8.11803         50.3521 
        1.68133         38.8024         7.97581         49.8622 
        1.69363         38.1373         7.83741         49.4831 
        1.70585         37.9057         7.70318         49.1472 
        1.71809         37.2192         7.57183         48.6475 
        1.73038         37.0178         7.44313         48.3428 
        1.74268         36.4121         7.31735         47.8634 
        1.75493         36.0687         7.19505         47.5126 
        1.76714          35.658         7.07587         47.1533 
        1.77942         35.3711         6.95878         46.7847 
        1.79173         34.8977         6.84405          46.381 
        1.80402         34.5017         6.73214         46.1115 
         1.8163         34.1894          6.6228         45.6185 
         1.8286         33.6874          6.5157         45.3544 
         1.8409         33.3496         6.41106         44.9375 
        1.85315         33.0012         6.30908         44.6764 
        1.86537         32.5779         6.20952         44.3349 
        1.87765         32.3849         6.11173         43.9633 
        1.88995         31.8807         6.01582         43.5612 
        1.90221         31.6297         5.92231          43.246 
        1.91445         31.1231         5.83094         42.9686 
        1.92674         30.8659         5.74118         42.6059 
        1.93902         30.5316         5.65331         42.3061 
        1.95124         30.0384         5.56774         42.0368 
         1.9635         29.7932         5.48373         41.6898 
        1.97583         29.4903         5.40093         41.4267 
        1.98812         29.1667         5.32015          41.095 
        2.00039         28.8134         5.24118         40.7846 
        2.01264         28.4703         5.16389          40.525 
        2.02492         28.2377         5.08805         40.2101 
        2.03717         27.8642         5.01386         39.9051 
        2.04942         27.5999         4.94124         39.6005 
        2.06171         27.3265         4.86982         39.3335 
        2.07397         27.0567         4.79997         39.0362 
        2.08629         26.7443         4.73119         38.7538 
        2.09857         26.4508         4.66393         38.4942 
        2.11081         26.1444         4.59826         38.2075 
        2.12309         25.9418         4.53369         37.9257 
        2.13538         25.4944         4.47027          37.704 
        2.14763         25.3832         4.40827         37.4129 
        2.15986         25.0713          4.3476         37.1284 
        2.17214         24.8086         4.28782         36.9049 
        2.18443         24.5393         4.22911         36.5978 
        2.19671         24.2281         4.17157         36.3581 
        2.20898         23.9981         4.11517         36.0866 
        2.22126         23.8873         4.05975         35.8364 
        2.23354         23.5871         4.00537         35.6325 
         2.2458         23.3677         3.95208         35.3723 
        2.25807         23.0239         3.89972         35.1034 
        2.27035         22.7887         3.84826          34.888 
        2.28263         22.6193         3.79775         34.6569 
         2.2949         22.3843         3.74818         34.4179 
        2.30718         22.1854         3.69947         34.1587 
        2.31946         22.0094         3.65161         33.9322 
        2.33169         21.7339          3.6048         33.7049 
        2.34393         21.5024         3.55874         33.4752 
        2.35622         21.3091         3.51334         33.2775 
        2.36847         21.0669         3.46886         33.0176 
        2.38076         20.9154         3.42501          32.834 
        2.39305          20.646         3.38194         32.6224 
        2.40534         20.4815          3.3396         32.3561 
        2.41762         20.2557         3.29799         32.1904 
        2.42989         20.1567         3.25716         31.9307 
        2.44216         19.8435         3.21702         31.7497 
         2.4544         19.7799         3.17765          31.532 
        2.46667         19.5492         3.13885         31.3289 
        2.47897         19.3099          3.1006         31.1129 
        2.49124         19.2198          3.0631         30.9134 
        2.50349          18.954         3.02627         30.7111 
        2.51578         18.8191         2.98994         30.5243 
        2.52805         18.6247         2.95426         30.3162 
        2.54029         18.4747         2.91926         30.1175 
        2.55257         18.3556         2.88472         29.9147 
        2.56487         18.1118         2.85068         29.7342 
        2.57716         18.0267         2.81723         29.5206 
        2.58942         17.8762         2.78439         29.3587 
        2.60167         17.6542         2.75211         29.1635 
        2.61395         17.5258         2.72029         28.9731 
        2.62624         17.4474         2.68893          28.783 
        2.63849         17.2415         2.65816         28.6191 
        2.65073         17.0596         2.62791         28.4226 
        2.66302         16.9283         2.59802         28.2563 
         2.6753         16.8566         2.56862         28.0744 
        2.68756         16.7213         2.53973         27.9151 
        2.69983         16.5492         2.51126         27.7083 
        2.71213          16.387         2.48317         27.5342 
        2.72441         16.2697         2.45557         27.3587 
        2.73665         16.1641         2.42844         27.1871 
         2.7489         16.0572         2.40175         27.0236 
        2.76118         15.9417         2.37537         26.8502 
        2.77349         15.8257         2.34932         26.6917 
        2.78576         15.7024         2.32377          26.539 
        2.79802         15.6034         2.29861         26.3606 
        2.81031         15.5033         2.27377         26.1967 
        2.82259         15.3678          2.2493         26.0505 
        2.83483         15.3299         2.22529         25.8835 
         2.8471         15.2389         2.20158          25.707 
         2.8594         15.0886         2.17814         25.5463 
         2.8717         15.0382         2.15505         25.3961 
        2.88396         14.9367         2.13238          25.237 
        2.89619         14.8901         2.11008         25.0854 
        2.90847         14.7702         2.08802         24.9452 
        2.92072         14.7038          2.0663         24.7737 
        2.93299         14.6186         2.04489         24.6443 
        2.94526         14.5651         2.02376         24.5015 
        2.95753         14.5366         2.00293           24.34 
        2.96982         14.4298         1.98237         24.1963 
        2.98209         14.3536         1.96213         24.0567 
        2.99436         14.3298         1.94216          23.906 
        3.00666         14.2904         1.92243         23.7568 
        3.01894         14.2237         1.90302          23.625 
        3.03119         14.1958          1.8839         23.4842 
        3.04345         14.1258         1.86504          23.339 
        3.05573         14.1319          1.8464         23.2028 
          3.068         14.0473         1.82804         23.0653 
        3.08026         14.0408         1.80994         22.9191 
        3.09254         13.9534         1.79206         22.7876 
        3.10483         13.9869         1.77441         22.6608 
         3.1171         14.0354         1.75703         22.5292 
        3.12933         13.9801         1.73993          22.397 
        3.14159         13.9117         1.72302         22.2554 
