# k  (h/Mpc)    P(k)  (Mpc/h)^3    P_linear(k)  (Mpc/h)^3     P_NL(k)  ShotnoiseSubtracted = false
      0.0156606         11461.9         11630.2         11557.1 
      0.0273761         9868.07         10041.6         9975.68 
      0.0384619         7480.97         7559.89         7509.07 
      0.0498308          5811.3         5943.79         5895.36 
      0.0625568         4904.04         5049.98         5004.59 
      0.0751274         4323.21         4289.69         4223.56 
      0.0867833         3376.77         3453.27         3435.68 
      0.0984825         2803.39         2732.58         2757.28 
       0.111151         2373.79          2281.5         2308.34 
       0.123864         2131.02         2055.99         2078.42 
       0.135742         1928.27         1848.78         1871.78 
        0.14762         1659.34         1580.75         1639.54 
       0.160083          1385.8         1317.61          1386.7 
       0.172465         1234.43            1150         1236.48 
       0.184281         1135.25         1060.15         1149.64 
       0.196406         1045.86         979.034          1054.1 
       0.209011         963.093         871.079         951.143 
       0.221538         868.125         761.233          872.18 
       0.233611         808.751         681.101         805.773 
       0.245665          747.23         628.626         741.377 
       0.258103         707.094         585.194         697.176 
       0.270422         643.719         537.722         649.585 
       0.282519         593.582          488.01         605.541 
       0.294636         587.857         444.629         567.996 
       0.306978         524.181         411.356         539.465 
       0.319417         505.081         384.593         507.371 
        0.33169         475.186         358.975         477.532 
       0.343948         452.883          332.61         458.009 
       0.356249          424.16         307.885          437.72 
       0.368458         411.341         287.175         413.169 
        0.38068         393.953         269.858         394.488 
       0.392856         369.521         254.048         378.204 
       0.405069         354.811         238.589         365.144 
       0.417459         339.202         223.622         346.404 
       0.429752         327.937         210.186         333.429 
       0.441978          317.18         198.393         323.124 
       0.454294         297.556         187.684         308.247 
        0.46658         295.552         177.636         299.619 
       0.478753         282.829         168.157          289.03 
       0.490964         273.394         159.253         278.835 
       0.503334         258.031         151.035         270.736 
       0.515665         255.198         143.541         264.462 
       0.527909         247.314         136.623         255.366 
       0.540159         240.286         130.077         248.028 
        0.55248         235.388         123.867         240.553 
       0.564743         229.405         118.117         235.301 
        0.57686         221.255         112.832         227.931 
       0.589077         212.432         107.843         222.974 
       0.601441         209.208         103.099          217.54 
        0.61382         206.945         98.6258          212.21 
       0.626067         201.446         94.4519         207.155 
       0.638306         192.331         90.5215         202.948 
       0.650632         187.221         86.7975         196.474 
       0.662899         187.063         83.3078           193.1 
       0.675076         180.271         80.0374         188.779 
       0.687267          175.65         76.9384         184.638 
       0.699615         172.139         73.9648         180.952 
       0.711937          168.03         71.1538          177.26 
       0.724148         164.987         68.5126         174.659 
       0.736433         160.944         65.9925         170.625 
       0.748747         157.408         63.5954         167.142 
       0.761037         155.025         61.3232         163.732 
       0.773197         151.827         59.1855         161.861 
       0.785376         149.992         57.1472         158.199 
       0.797761         146.922         55.1735         156.179 
       0.810096         143.391         53.3007         153.158 
       0.822371         138.927          51.524          150.58 
       0.834626         137.194         49.8316         148.008 
       0.846916         135.699         48.2112         145.778 
       0.859215          133.92         46.6623         143.362 
       0.871383         131.262         45.1972         140.956 
        0.88363         128.777         43.7866         139.299 
       0.895928         126.268         42.4311         137.311 
       0.908253         122.913         41.1308         134.779 
       0.920535         122.346         39.8897         133.067 
       0.932774         118.827         38.7042         130.819 
        0.94508         117.888         37.5613         129.159 
       0.957324         116.457         36.4703         127.324 
        0.96953         115.906         35.4262         125.251 
       0.981769         112.201         34.4205         124.103 
       0.994071         111.445         33.4493         122.326 
         1.0064         108.776          32.514         120.526 
        1.01868         107.793         31.6174         119.148 
        1.03092         105.866         30.7588         117.672 
         1.0432         104.067         29.9291         116.112 
        1.05553         101.608         29.1269         114.966 
        1.06777         101.462         28.3601         113.632 
           1.08         99.4777         27.6217         112.116 
        1.09227         98.0697         26.9074         110.784 
         1.1046         96.3698         26.2158         109.419 
         1.1169         95.2572         25.5498         107.923 
        1.12915           93.93         24.9103         106.798 
        1.14142         92.3585         24.2915         105.466 
        1.15365          90.583         23.6956         104.287 
        1.16585         89.5292         23.1214         103.034 
        1.17807         88.1319         22.5655         102.126 
        1.19037         87.9873         22.0244         101.056 
        1.20276         86.0629         21.4973         99.8533 
        1.21504          85.474         20.9918         98.6718 
        1.22728         83.6013         20.5047         97.6767 
        1.23954          82.965         20.0319         96.5651 
        1.25184         81.3465         19.5731         95.6526 
        1.26414          80.277         19.1286         94.6712 
        1.27632         79.5018         18.7019         94.0081 
         1.2886         78.2302         18.2853          92.663 
        1.30093         77.1534         17.8799         91.6233 
        1.31316         76.3424         17.4898         90.9351 
        1.32541         75.6331         17.1113         90.0407 
        1.33772         74.4388          16.742         89.1085 
        1.35005           73.77         16.3833         88.2253 
        1.36225         72.6249         16.0388          87.354 
        1.37447         71.0393         15.7036         86.4235 
        1.38676         71.1027         15.3764         85.4897 
        1.39907         69.7415         15.0581         84.8749 
        1.41133          68.528         14.7501         84.2135 
        1.42358         67.7722         14.4511         83.1705 
        1.43591         67.2977         14.1584         82.4351 
        1.44818         66.3349         13.8753          81.601 
        1.46037         65.5369         13.6018         80.9749 
        1.47263         64.5654          13.334          80.318 
        1.48494         63.8535         13.0725         79.5011 
        1.49724         62.8595         12.8183         78.6946 
        1.50952         62.4251         12.5713          77.949 
        1.52178         61.6099         12.3312         77.3514 
        1.53409         61.0694         12.0964         76.6838 
        1.54637         59.6281         11.8682         75.9339 
        1.55858         59.0339         11.6472         75.2073 
        1.57081         58.5977         11.4316         74.6662 
        1.58313         57.6589           11.22         74.0487 
        1.59544         56.9119          11.014         73.3121 
        1.60767         56.3514         10.8144         72.7064 
        1.61994          55.492         10.6191         72.1779 
        1.63225         54.8352         10.4283          71.388 
        1.64452         54.2511         10.2426          70.887 
        1.65676          53.447         10.0621         70.2106 
          1.669         53.0861         9.88579         69.6842 
        1.68133          52.541          9.7126         69.0419 
        1.69363         51.6333         9.54406         68.5562 
        1.70585         51.3438         9.38061         67.9695 
        1.71809         50.2745         9.22066          67.433 
        1.73038         49.9315         9.06393          66.852 
        1.74268          49.218         8.91076         66.2869 
        1.75493          48.714         8.76183         65.7324 
        1.76714         48.1143         8.61669         65.1782 
        1.77942         47.8336         8.47411         64.6794 
        1.79173          47.008         8.33439         64.0812 
        1.80402         46.5871         8.19811         63.6632 
         1.8163         45.9822         8.06496         63.0576 
         1.8286          45.351         7.93454          62.688 
         1.8409         44.8077         7.80712         62.0651 
        1.85315         44.3335         7.68293         61.7111 
        1.86537         43.8132         7.56168         61.1883 
        1.87765         43.4127         7.44261         60.6202 
        1.88995         42.8083         7.32581         60.1311 
        1.90221         42.4653         7.21194         59.6624 
        1.91445         41.7902         7.10067         59.2697 
        1.92674         41.3928         6.99136         58.7544 
        1.93902         40.9497         6.88436         58.2823 
        1.95124         40.5304         6.78016         57.9134 
         1.9635         39.8935         6.67785         57.4061 
        1.97583         39.5495         6.57702         57.0389 
        1.98812         38.8978         6.47865         56.5428 
        2.00039         38.6608         6.38248         56.0982 
        2.01264         38.0596         6.28836         55.7248 
        2.02492         37.7466         6.19601         55.3043 
        2.03717         37.2058         6.10566         54.8381 
        2.04942         36.7772         6.01723         54.4436 
        2.06171         36.4412         5.93026         53.9843 
        2.07397         35.9526         5.84519          53.635 
        2.08629         35.5703         5.76145          53.203 
        2.09857         35.2497         5.67954         52.8508 
        2.11081         34.7515         5.59956         52.4171 
        2.12309         34.4544         5.52093          52.019 
        2.13538         33.9526          5.4437         51.6856 
        2.14763         33.6554         5.36821         51.2855 
        2.15986         33.4484         5.29432          50.881 
        2.17214         32.8609         5.22152          50.584 
        2.18443         32.5953         5.15003         50.1299 
        2.19671         32.1128         5.07996         49.7713 
        2.20898         31.6977         5.01127         49.3961 
        2.22126         31.5662         4.94379         49.0295 
        2.23354          31.156         4.87757         48.7345 
         2.2458         30.8173         4.81268         48.3547 
        2.25807         30.3209         4.74891          47.984 
        2.27035         30.0274         4.68624         47.6598 
        2.28263         29.6971         4.62474         47.3285 
         2.2949          29.451         4.56437         46.9933 
        2.30718         29.1377         4.50506          46.639 
        2.31946         28.8392         4.44677         46.3127 
        2.33169         28.5408         4.38977         45.9706 
        2.34393         28.1592         4.33368         45.6182 
        2.35622         27.8449         4.27839         45.3533 
        2.36847         27.5325         4.22422          44.983 
        2.38076         27.2964         4.17083         44.7153 
        2.39305         26.9704         4.11837          44.405 
        2.40534         26.7298         4.06682         44.0291 
        2.41762         26.3585         4.01615         43.7514 
        2.42989          26.198         3.96642         43.4457 
        2.44216          25.872         3.91755         43.1511 
         2.4544         25.6187          3.8696         42.8631 
        2.46667         25.2849         3.82235         42.5477 
        2.47897         25.0726         3.77578         42.2692 
        2.49124         24.8612         3.73011         41.9662 
        2.50349         24.5454         3.68526         41.7056 
        2.51578         24.2175         3.64101         41.4221 
        2.52805         24.0601         3.59757         41.1176 
        2.54029         23.8585         3.55495         40.8399 
        2.55257          23.619         3.51289         40.5598 
        2.56487         23.3933         3.47143         40.2859 
        2.57716         23.1435          3.4307          39.999 
        2.58942         22.9063         3.39071         39.7601 
        2.60167         22.6911          3.3514          39.467 
        2.61395         22.4769         3.31265          39.201 
        2.62624         22.3026         3.27446         38.9527 
        2.63849         22.1241           3.237         38.6871 
        2.65073         21.8444         3.20016         38.4102 
        2.66302         21.5805         3.16376         38.1767 
         2.6753         21.4801         3.12795         37.9255 
        2.68756         21.3251         3.09277         37.6924 
        2.69983         21.1251         3.05811         37.4134 
        2.71213         20.9257          3.0239         37.1737 
        2.72441         20.7697         2.99028         36.9103 
        2.73665         20.5618         2.95725         36.6679 
         2.7489         20.3494         2.92474         36.4328 
        2.76118         20.2301         2.89262         36.1694 
        2.77349         20.1243          2.8609         35.9564 
        2.78576         19.8823         2.82979         35.7305 
        2.79802         19.7056         2.79915         35.4896 
        2.81031         19.6005          2.7689         35.2764 
        2.82259         19.5037          2.7391         35.0414 
        2.83483         19.2528         2.70986         34.7981 
         2.8471         19.2051         2.68099          34.565 
         2.8594         19.0455         2.65244         34.3531 
         2.8717         18.8765         2.62433          34.123 
        2.88396          18.707         2.59673         33.8943 
        2.89619         18.6781         2.56957         33.6871 
        2.90847         18.5393          2.5427         33.4689 
        2.92072         18.3919         2.51626         33.2674 
        2.93299         18.3312         2.49018         33.0616 
        2.94526         18.2475         2.46445         32.8455 
        2.95753         18.1597         2.43909         32.6338 
        2.96982         18.0859         2.41404         32.4323 
        2.98209         17.9431          2.3894         32.2315 
        2.99436         17.9089         2.36508         32.0274 
        3.00666         17.7891         2.34105         31.8191 
        3.01894         17.7352         2.31741         31.6098 
        3.03119          17.586         2.29413         31.4114 
        3.04345         17.6307         2.27116         31.2234 
        3.05573          17.552         2.24847         31.0288 
          3.068         17.4674         2.22611         30.8226 
        3.08026         17.4572         2.20407         30.6338 
        3.09254         17.3838         2.18229         30.4506 
        3.10483         17.3517         2.16081         30.2651 
         3.1171         17.3708         2.13964         30.0801 
        3.12933         17.3077         2.11881         29.8932 
        3.14159         17.2366         2.09822         29.7025 
