# k  (h/Mpc)    P(k)  (Mpc/h)^3    P_linear(k)  (Mpc/h)^3     P_NL(k)  ShotnoiseSubtracted = false
      0.0156606         1610.14         1637.86         1630.07 
      0.0273761          1399.4         1415.78         1412.45 
      0.0384619         1062.66         1066.54          1065.9 
      0.0498308         834.224         838.869         838.889 
      0.0625568          703.81          712.92          712.21 
      0.0751274         606.185         605.697         604.132 
      0.0867833         482.681          487.65         487.495 
      0.0984825         389.215         385.911         387.007 
       0.111151         325.536         322.228         323.262 
       0.123864         292.342         290.392         291.063 
       0.135742         262.416         261.134         261.752 
        0.14762          222.92         223.283         224.883 
       0.160083         185.272         186.119         187.996 
       0.172465         162.736         162.446         164.672 
       0.184281         150.773         149.756         152.095 
       0.196406         137.673         138.299         140.056 
       0.209011         123.602         123.051          125.08 
       0.221538         109.305         107.535         110.401 
       0.233611         98.1507         96.2157         99.3931 
       0.245665         91.9288         88.8033         91.6163 
       0.258103         82.9615         82.6684          85.462 
       0.270422         77.7593         75.9626         78.6546 
       0.282519         70.5237         68.9402         71.8465 
       0.294636           66.39         62.8122         65.8762 
       0.306978         59.0967         58.1119         61.2687 
       0.319417         56.2041         54.3312         57.3905 
        0.33169          52.232         50.7124         53.6649 
       0.343948         49.2989          46.988         49.9549 
       0.356249          45.123         43.4951         46.8154 
       0.368458         42.8189         40.5695         43.5713 
        0.38068         39.9917         38.1232         41.1062 
       0.392856         37.5032         35.8898         38.9012 
       0.405069          35.429         33.7059         36.5885 
       0.417459          32.881         31.5915         34.5551 
       0.429752          31.386         29.6934         32.6369 
       0.441978         29.8284         28.0274         31.1081 
       0.454294          27.808         26.5146         29.4306 
        0.46658         27.2646         25.0951         27.9726 
       0.478753         25.4175          23.756         26.6328 
       0.490964         24.4611         22.4981         25.4744 
       0.503334         23.3663         21.3372         24.1811 
       0.515665         22.0543         20.2785         23.2498 
       0.527909         21.1127         19.3012         22.0471 
       0.540159         20.1039         18.3764         21.1036 
        0.55248          18.814         17.4991         20.1501 
       0.564743         18.5091         16.6868         19.4391 
        0.57686         17.7899         15.9401         18.6273 
       0.589077         16.7146         15.2353         17.9697 
       0.601441         16.0555         14.5651         17.2566 
        0.61382          15.442         13.9332         16.5357 
       0.626067         14.8008         13.3436         15.9454 
       0.638306         14.2667         12.7883           15.33 
       0.650632         13.8793         12.2622         14.8193 
       0.662899         13.2069         11.7692         14.2595 
       0.675076         12.5719         11.3072         13.7666 
       0.687267         12.2695         10.8694         13.2614 
       0.699615         11.8856         10.4493         12.8292 
       0.711937         11.2646         10.0522          12.424 
       0.724148         11.1408         9.67905         12.0342 
       0.736433         10.5162         9.32302         11.6145 
       0.748747          10.242         8.98438          11.288 
       0.761037         9.98246         8.66337         10.9376 
       0.773197         9.54577         8.36137         10.6337 
       0.785376         9.21933         8.07342         10.3069 
       0.797761         8.95101         7.79458         9.98309 
       0.810096         8.70725         7.53002         9.74215 
       0.822371         8.48262         7.27902         9.42575 
       0.834626         8.19371         7.03992         9.17338 
       0.846916          7.9065           6.811         8.93048 
       0.859215         7.60761         6.59218         8.70051 
       0.871383          7.4132          6.3852          8.4793 
        0.88363         7.22424         6.18592         8.24853 
       0.895928         7.06582         5.99443         8.02262 
       0.908253         6.85212         5.81073         7.82506 
       0.920535         6.61873         5.63539         7.61672 
       0.932774         6.48176         5.46792         7.39955 
        0.94508         6.27104         5.30645          7.2472 
       0.957324         6.12103         5.15232         7.09234 
        0.96953          5.9071         5.00481         6.91653 
       0.981769         5.78329         4.86274         6.73523 
       0.994071         5.66407         4.72553          6.5946 
         1.0064         5.46637          4.5934         6.44416 
        1.01868         5.32642         4.46673         6.29446 
        1.03092         5.22785         4.34543         6.14412 
         1.0432         5.03321         4.22822         6.01342 
        1.05553         4.93892         4.11489         5.89531 
        1.06777          4.7868         4.00655         5.77225 
           1.08         4.70597         3.90225         5.64207 
        1.09227         4.57486         3.80133         5.51896 
         1.1046         4.46846         3.70362         5.40375 
         1.1169         4.32497         3.60954         5.29581 
        1.12915          4.2888          3.5192          5.2027 
        1.14142          4.1409         3.43177         5.08217 
        1.15365         4.05687         3.34759         4.98932 
        1.16585         3.99013         3.26646         4.89899 
        1.17807          3.8995         3.18794          4.7928 
        1.19037         3.77395         3.11148         4.70097 
        1.20276         3.69637         3.03703         4.60492 
        1.21504         3.61731         2.96561         4.53369 
        1.22728         3.53383         2.89679         4.43669 
        1.23954         3.47232            2.83         4.37502 
        1.25184          3.3899         2.76519         4.28236 
        1.26414         3.33627         2.70239         4.19859 
        1.27632         3.23015         2.64211         4.13945 
         1.2886         3.19206         2.58325         4.06034 
        1.30093         3.10607         2.52599         3.99929 
        1.31316         3.02081         2.47087         3.92393 
        1.32541         2.98255          2.4174         3.86558 
        1.33772         2.92971         2.36522         3.79501 
        1.35005         2.87047         2.31455         3.73493 
        1.36225         2.81154         2.26588         3.66742 
        1.37447         2.75177         2.21852         3.61776 
        1.38676         2.69247          2.1723         3.55144 
        1.39907         2.63159         2.12733         3.50324 
        1.41133         2.58688         2.08382         3.44675 
        1.42358         2.54988         2.04158         3.38536 
        1.43591         2.50467         2.00022         3.34831 
        1.44818         2.44128         1.96024         3.29345 
        1.46037         2.38887         1.92159         3.23882 
        1.47263         2.34576         1.88377         3.19415 
        1.48494         2.31149         1.84682         3.14643 
        1.49724         2.26158          1.8109         3.09768 
        1.50952         2.24706         1.77601         3.05295 
        1.52178         2.18628         1.74208         3.01416 
        1.53409         2.14257         1.70892         2.96251 
        1.54637         2.10432         1.67668         2.92137 
        1.55858         2.07108         1.64546          2.8757 
        1.57081          2.0353         1.61499          2.8423 
        1.58313         1.99336         1.58511         2.80379 
        1.59544         1.96354           1.556         2.76667 
        1.60767           1.935         1.52781         2.72758 
        1.61994         1.89179         1.50022         2.69299 
        1.63225         1.86725         1.47325         2.65763 
        1.64452         1.83491         1.44703         2.61968 
        1.65676         1.79549         1.42152         2.58707 
          1.669         1.77293         1.39662         2.55165 
        1.68133         1.73111         1.37215         2.52351 
        1.69363         1.72293         1.34834         2.48973 
        1.70585         1.69224         1.32525         2.45784 
        1.71809         1.66706         1.30265         2.42678 
        1.73038         1.63304         1.28051         2.39597 
        1.74268         1.60356         1.25887         2.36687 
        1.75493         1.58647         1.23783         2.34023 
        1.76714         1.56101         1.21732         2.30645 
        1.77942           1.533         1.19718         2.28158 
        1.79173         1.51104         1.17744         2.25263 
        1.80402         1.48797         1.15819          2.2266 
         1.8163         1.46787         1.13938         2.20021 
         1.8286         1.43778         1.12095         2.17951 
         1.8409         1.42602         1.10295         2.15329 
        1.85315          1.4045         1.08541          2.1236 
        1.86537         1.37948         1.06828         2.10357 
        1.87765         1.36287         1.05146          2.0801 
        1.88995          1.3405         1.03496         2.05589 
        1.90221         1.32189         1.01887         2.03218 
        1.91445           1.301         1.00315         2.01296 
        1.92674         1.28467        0.987706         1.98743 
        1.93902         1.26125        0.972588         1.96412 
        1.95124         1.24396        0.957868         1.94548 
         1.9635         1.22786        0.943415         1.92291 
        1.97583         1.20664        0.929169         1.90173 
        1.98812         1.19236        0.915272         1.88409 
        2.00039         1.17384        0.901686         1.86249 
        2.01264         1.15527         0.88839         1.84586 
        2.02492         1.14533        0.875342         1.82768 
        2.03717         1.13507        0.862578         1.80758 
        2.04942          1.1116        0.850086         1.78693 
        2.06171         1.09699        0.837799         1.76866 
        2.07397         1.08261        0.825781         1.75286 
        2.08629         1.07112        0.813949         1.73652 
        2.09857         1.05428        0.802378         1.71896 
        2.11081         1.04061        0.791079         1.70079 
        2.12309         1.02925        0.779971         1.68644 
        2.13538         1.01617         0.76906         1.66786 
        2.14763         1.00694        0.758395         1.65223 
        2.15986        0.993123        0.747956         1.63849 
        2.17214        0.972864        0.737672         1.61884 
        2.18443        0.964544        0.727571         1.60661 
        2.19671        0.954818        0.717672         1.59163 
        2.20898        0.940807        0.707969         1.57658 
        2.22126        0.928505        0.698435         1.56211 
        2.23354        0.916434         0.68908          1.5474 
         2.2458        0.908146        0.679913         1.53235 
        2.25807        0.894236        0.670904           1.518 
        2.27035         0.88688        0.662051         1.50548 
        2.28263         0.87095        0.653361         1.49283 
         2.2949        0.863191        0.644833         1.47895 
        2.30718        0.854903        0.636454         1.46652 
        2.31946        0.841886        0.628219         1.45347 
        2.33169        0.832248        0.620167         1.44103 
        2.34393        0.828503        0.612243         1.42861 
        2.35622        0.813352        0.604432          1.4162 
        2.36847        0.807262        0.596779         1.40398 
        2.38076        0.793314        0.589236          1.3918 
        2.39305        0.789613        0.581825         1.37977 
        2.40534        0.778287        0.574541         1.36863 
        2.41762        0.770446        0.567383         1.35626 
        2.42989        0.760614        0.560358         1.34681 
        2.44216        0.755209        0.553453         1.33522 
         2.4544         0.74794         0.54668         1.32443 
        2.46667        0.738359        0.540004         1.31349 
        2.47897        0.730663        0.533424         1.30242 
        2.49124        0.720192        0.526972          1.2919 
        2.50349        0.714835        0.520637         1.28114 
        2.51578         0.70795        0.514386         1.27027 
        2.52805        0.698828        0.508249         1.26091 
        2.54029        0.693261        0.502227         1.25073 
        2.55257        0.684978        0.496285         1.24136 
        2.56487        0.677545        0.490428         1.23226 
        2.57716        0.673144        0.484673         1.22167 
        2.58942        0.668413        0.479024         1.21318 
        2.60167        0.661878         0.47347         1.20346 
        2.61395        0.654016        0.467996         1.19423 
        2.62624        0.648811        0.462601         1.18583 
        2.63849        0.641229        0.457308         1.17643 
        2.65073        0.635513        0.452104         1.16742 
        2.66302        0.631153        0.446962         1.15827 
         2.6753        0.627206        0.441903         1.15025 
        2.68756          0.6202        0.436933         1.14259 
        2.69983        0.614886        0.432036         1.13399 
        2.71213        0.607096        0.427204         1.12584 
        2.72441        0.604831        0.422454         1.11745 
        2.73665        0.600767        0.417788         1.11037 
         2.7489        0.595101        0.413195         1.10284 
        2.76118         0.59013        0.408656         1.09356 
        2.77349        0.586603        0.404176         1.08634 
        2.78576        0.583575         0.39978         1.07853 
        2.79802        0.577767        0.395452         1.07045 
        2.81031        0.574084        0.391178         1.06418 
        2.82259        0.570229        0.386968         1.05576 
        2.83483        0.566828        0.382837         1.04875 
         2.8471        0.562245        0.378758         1.04128 
         2.8594         0.55997        0.374726         1.03453 
         2.8717        0.554951        0.370754          1.0282 
        2.88396        0.551371        0.366854         1.02098 
        2.89619        0.548918        0.363017         1.01414 
        2.90847        0.545735        0.359221         1.00761 
        2.92072        0.544776        0.355486         1.00081 
        2.93299         0.53865        0.351802        0.993614 
        2.94526        0.538329        0.348166        0.987398 
        2.95753        0.536347        0.344584        0.981288 
        2.96982        0.533912        0.341045        0.974456 
        2.98209        0.531969        0.337564        0.968041 
        2.99436        0.529158        0.334128        0.961962 
        3.00666        0.528596        0.330734        0.955992 
        3.01894         0.52759        0.327394        0.950299 
        3.03119        0.524376        0.324104        0.943764 
        3.04345        0.522433         0.32086        0.937771 
        3.05573        0.522316        0.317654        0.932722 
          3.068        0.520715        0.314495        0.926892 
        3.08026        0.520975        0.311382        0.920682 
        3.09254        0.519315        0.308305        0.914556 
        3.10483        0.517708        0.305269        0.909229 
         3.1171        0.518907        0.302279        0.904129 
        3.12933        0.518389        0.299336        0.898494 
        3.14159        0.518553        0.296427        0.892985 
