# k  (h/Mpc)    P(k)  (Mpc/h)^3    P_linear(k)  (Mpc/h)^3     P_NL(k)  ShotnoiseSubtracted = false
      0.0156606         23991.2         24138.5         23938.8 
      0.0273761         20504.9         20833.6         20585.8 
      0.0384619         15477.8         15680.7         15457.8 
      0.0498308         11933.4         12326.4         12101.2 
      0.0625568         10081.8         10471.3         10272.5 
      0.0751274         8992.77         8893.98         8615.94 
      0.0867833         6955.71          7159.3         7072.24 
      0.0984825         5901.04          5664.9         5738.66 
       0.111151         5059.91         4729.56         4824.47 
       0.123864         4531.13         4261.93         4338.36 
       0.135742         4139.43          3832.3         3908.57 
        0.14762         3611.33         3276.65         3477.19 
       0.160083         3084.55         2731.16         2980.54 
       0.172465         2751.03          2383.7         2701.71 
       0.184281         2486.14         2197.43         2514.65 
       0.196406         2360.14         2029.28         2319.96 
       0.209011         2216.27          1805.5         2105.73 
       0.221538         1993.03         1577.81         1972.32 
       0.233611         1920.61         1411.71         1853.31 
       0.245665         1738.43         1302.94          1714.2 
       0.258103         1732.62         1212.91         1620.34 
       0.270422         1545.92         1114.51         1525.14 
       0.282519         1466.85         1011.47         1449.23 
       0.294636         1434.52         921.557         1375.39 
       0.306978         1318.16          852.59         1320.54 
       0.319417         1298.22         797.118         1245.94 
        0.33169         1218.82          744.02         1182.38 
       0.343948          1174.3         689.374         1147.39 
       0.356249         1117.54         638.127         1106.68 
       0.368458         1068.96         595.203         1060.99 
        0.38068         1057.47          559.31         1022.64 
       0.392856         1007.08         526.542         989.065 
       0.405069         952.821           494.5         955.982 
       0.417459         916.905         463.478         926.157 
       0.429752         918.565          435.63         894.335 
       0.441978         886.553         411.187         872.793 
       0.454294          849.86         388.992         838.604 
        0.46658          826.48         368.166         822.252 
       0.478753         812.981         348.519          798.65 
       0.490964         783.293         330.064         775.016 
       0.503334         751.279         313.032          759.11 
       0.515665         747.892           297.5         741.681 
       0.527909         716.323         283.162         727.738 
       0.540159         700.998         269.596         710.653 
        0.55248         686.512         256.724          692.87 
       0.564743         680.201         244.806          681.23 
        0.57686         660.485         233.852          663.98 
       0.589077          652.43         223.512         650.076 
       0.601441         634.333          213.68         638.129 
        0.61382         616.067         204.409         626.775 
       0.626067         610.835         195.758         616.004 
       0.638306         589.152         187.612         603.436 
       0.650632         583.789         179.894         590.407 
       0.662899         579.343         172.661         582.907 
       0.675076         563.172         165.883         575.777 
       0.687267         546.608          159.46         562.658 
       0.699615         547.134         153.297         553.767 
       0.711937         533.624         147.471          543.21 
       0.724148         517.632         141.997         536.579 
       0.736433         506.251         136.774         527.457 
       0.748747          500.13         131.806         518.473 
       0.761037         491.753         127.096         512.578 
       0.773197          483.06         122.666         503.718 
       0.785376          478.71         118.441         496.712 
       0.797761         464.693         114.351         490.132 
       0.810096         457.468         110.469         483.664 
       0.822371         447.611         106.787         476.048 
       0.834626         442.534         103.279         470.893 
       0.846916          437.49         99.9207         463.584 
       0.859215         430.583         96.7105         456.732 
       0.871383         421.902          93.674         450.895 
        0.88363           415.7         90.7505         446.396 
       0.895928         411.171         87.9412         439.642 
       0.908253         401.534         85.2462         432.316 
       0.920535         391.783         82.6738         428.175 
       0.932774         387.193          80.217         421.508 
        0.94508         381.534         77.8481          417.54 
       0.957324         375.997          75.587         411.996 
        0.96953         371.436         73.4229         407.004 
       0.981769         363.239         71.3386         402.467 
       0.994071         362.125         69.3256         397.697 
         1.0064         355.769         67.3872         391.956 
        1.01868         351.324          65.529         387.123 
        1.03092         341.624         63.7494         383.778 
         1.0432         338.359         62.0298         379.156 
        1.05553         335.254         60.3672         373.906 
        1.06777         330.123         58.7779         369.548 
           1.08         322.953         57.2476         365.514 
        1.09227         322.875         55.7672         361.191 
         1.1046         315.887         54.3337         357.944 
         1.1169         310.222         52.9534         353.275 
        1.12915         305.266         51.6281          349.47 
        1.14142         299.424         50.3455         345.521 
        1.15365          295.95         49.1105         341.922 
        1.16585         291.704         47.9203         338.164 
        1.17807         288.828         46.7683         334.255 
        1.19037         282.793         45.6467         331.407 
        1.20276         280.439         44.5544         327.149 
        1.21504         274.997         43.5067         323.456 
        1.22728         270.936         42.4971         320.335 
        1.23954         269.184         41.5172         316.701 
        1.25184         263.173         40.5664         313.437 
        1.26414         258.534         39.6451         310.484 
        1.27632         255.443         38.7608         307.554 
         1.2886         252.628         37.8973         304.162 
        1.30093         247.764         37.0572         300.197 
        1.31316         242.873         36.2487         297.607 
        1.32541         241.672         35.4642         294.178 
        1.33772         237.044         34.6987         291.652 
        1.35005         234.256         33.9553         288.341 
        1.36225         230.132         33.2413         285.661 
        1.37447         226.341         32.5465         282.327 
        1.38676         224.223         31.8685         280.298 
        1.39907         220.988         31.2087         276.833 
        1.41133         216.956         30.5705         273.906 
        1.42358         214.122         29.9508         271.356 
        1.43591         211.161          29.344         268.991 
        1.44818         207.222         28.7574         266.048 
        1.46037         205.593         28.1904         263.226 
        1.47263         201.946         27.6356         260.549 
        1.48494         200.513         27.0935         257.529 
        1.49724         196.501         26.5665         255.977 
        1.50952         193.537         26.0547          252.78 
        1.52178         190.641          25.557         250.583 
        1.53409         187.857         25.0704         248.104 
        1.54637         184.757         24.5975         246.069 
        1.55858         182.744         24.1395          243.53 
        1.57081          179.72         23.6926         241.004 
        1.58313         177.708         23.2541         238.587 
        1.59544         174.327         22.8271         236.478 
        1.60767         172.999         22.4135         234.402 
        1.61994         169.892         22.0088         231.943 
        1.63225         167.187         21.6132         229.607 
        1.64452          164.53         21.2284         227.583 
        1.65676         162.622         20.8543         225.681 
          1.669         160.711         20.4888         223.312 
        1.68133         157.534         20.1299          221.27 
        1.69363          154.98         19.7806         219.501 
        1.70585         152.711         19.4418         217.363 
        1.71809         150.681         19.1103         215.086 
        1.73038         148.414         18.7855         213.227 
        1.74268         147.186          18.468          211.16 
        1.75493         144.416         18.1594         209.478 
        1.76714           143.3         17.8586         207.603 
        1.77942         140.642         17.5631         205.777 
        1.79173         138.856         17.2735         203.713 
        1.80402         136.671          16.991         201.914 
         1.8163         134.526         16.7151         200.327 
         1.8286         132.492         16.4448          198.37 
         1.8409          130.76         16.1807         196.532 
        1.85315         128.496         15.9233         194.898 
        1.86537         127.044          15.672         193.226 
        1.87765         125.492         15.4252         191.565 
        1.88995         123.502         15.1831         189.745 
        1.90221         121.932         14.9471         188.264 
        1.91445         120.024         14.7165         186.512 
        1.92674         118.021           14.49         184.806 
        1.93902         116.713         14.2682         183.143 
        1.95124         115.031         14.0522         181.622 
         1.9635         113.294         13.8402         180.047 
        1.97583         111.652         13.6312         178.409 
        1.98812         109.998         13.4273         177.202 
        2.00039         108.853          13.228         175.471 
        2.01264         107.457          13.033         174.017 
        2.02492         105.599         12.8416         172.423 
        2.03717          104.26         12.6543         171.083 
        2.04942         102.904          12.471         169.575 
        2.06171         101.277         12.2908         168.037 
        2.07397         99.8193         12.1145         166.799 
        2.08629         98.3908         11.9409         165.358 
        2.09857         97.2432         11.7711         164.036 
        2.11081         95.7685         11.6054         162.531 
        2.12309         94.5125         11.4424         161.253 
        2.13538         93.0587         11.2824         159.887 
        2.14763         91.6262         11.1259         158.559 
        2.15986         90.7742         10.9728         157.141 
        2.17214         89.4483         10.8219         156.003 
        2.18443          88.512         10.6737          154.81 
        2.19671         87.3622         10.5285         153.453 
        2.20898         86.0058         10.3861         152.078 
        2.22126         84.9223         10.2463         150.963 
        2.23354         83.7838          10.109         149.806 
         2.2458         82.1247         9.97453         148.489 
        2.25807         81.5969         9.84237         147.322 
        2.27035         80.4208         9.71249         146.157 
        2.28263            79.4         9.58502         145.039 
         2.2949         78.1434          9.4599         143.893 
        2.30718         76.9093         9.33698         142.706 
        2.31946         76.0777         9.21618         141.487 
        2.33169          74.962         9.09804         140.432 
        2.34393         74.0678         8.98179         139.466 
        2.35622         73.0756          8.8672         138.244 
        2.36847         72.1221         8.75493         137.266 
        2.38076         70.9159         8.64427         136.124 
        2.39305         70.3279         8.53555         135.141 
        2.40534         69.1726          8.4287         134.022 
        2.41762         68.5948         8.32369         132.981 
        2.42989         67.4008         8.22062         131.987 
        2.44216            66.8         8.11932         130.908 
         2.4544         66.0511         8.01996         129.977 
        2.46667         64.8687         7.92203          128.99 
        2.47897         64.4396          7.8255           127.9 
        2.49124         63.5471         7.73084         126.941 
        2.50349         62.4242          7.6379         126.018 
        2.51578           61.99         7.54619         125.131 
        2.52805         60.9705         7.45616         124.126 
        2.54029         60.4218         7.36782         123.199 
        2.55257         59.6758         7.28065         122.322 
        2.56487         59.1442         7.19472         121.417 
        2.57716         58.4596          7.1103           120.5 
        2.58942         57.6486         7.02742         119.625 
        2.60167         56.9026         6.94595         118.773 
        2.61395         56.4233         6.86564         117.862 
        2.62624         55.6805          6.7865         116.942 
        2.63849         55.0059         6.70885         116.147 
        2.65073         54.2354          6.6325         115.259 
        2.66302          53.769         6.55706         114.464 
         2.6753         53.0329         6.48285         113.642 
        2.68756         52.6144         6.40993         112.791 
        2.69983         52.0659         6.33809         111.978 
        2.71213         51.4988          6.2672         111.179 
        2.72441         50.9611         6.19752         110.362 
        2.73665         50.3603         6.12906         109.601 
         2.7489         49.8949         6.06168         108.835 
        2.76118         49.4339         5.99511          108.03 
        2.77349         48.9543         5.92937         107.284 
        2.78576         48.4504         5.86488         106.512 
        2.79802         48.0218         5.80139         105.814 
        2.81031         47.5089         5.73868          105.06 
        2.82259         47.0306         5.67693         104.271 
        2.83483         46.5326         5.61632         103.588 
         2.8471         46.0465         5.55648         102.846 
         2.8594         45.6424         5.49733         102.131 
         2.8717         45.2916         5.43906         101.464 
        2.88396         44.7938         5.38185         100.763 
        2.89619         44.5752         5.32556         100.038 
        2.90847         44.1238         5.26987         99.3054 
        2.92072         43.7122         5.21507         98.6985 
        2.93299         43.4604         5.16103         98.0352 
        2.94526         43.1253          5.1077         97.3335 
        2.95753          42.855         5.05513         96.6777 
        2.96982         42.3584         5.00322         96.0495 
        2.98209         42.0994         4.95215         95.3866 
        2.99436         41.9484         4.90174         94.7211 
        3.00666         41.6831         4.85195         94.0863 
        3.01894         41.4062         4.80295         93.4629 
        3.03119         41.1398          4.7547          92.869 
        3.04345          40.893          4.7071         92.2661 
        3.05573         40.8606         4.66006         91.6435 
          3.068         40.5073         4.61372         91.0439 
        3.08026         40.2691         4.56805         90.4412 
        3.09254         40.3225         4.52291         89.8528 
        3.10483         40.0712         4.47838         89.2665 
         3.1171         39.9542         4.43451         88.6718 
        3.12933         39.8138         4.39134         88.0858 
        3.14159         39.7009         4.34866           87.51 
