# k  (h/Mpc)    P(k)  (Mpc/h)^3    P_linear(k)  (Mpc/h)^3     P_NL(k)  ShotnoiseSubtracted = false
      0.0156606         19513.7           19722         19572.7 
      0.0273761           16718         17023.4         16852.4 
      0.0384619         12640.3         12813.9         12664.7 
      0.0498308         9768.33         10073.3         9924.09 
      0.0625568         8249.04         8557.65         8424.05 
      0.0751274         7334.14         7268.78         7080.36 
      0.0867833         5688.02          5851.2         5793.76 
      0.0984825         4792.26         4629.91         4683.94 
       0.111151         4092.07         3865.52         3931.05 
       0.123864         3667.82         3483.35         3536.62 
       0.135742         3339.31         3132.24         3185.88 
        0.14762         2902.13          2678.1         2820.62 
       0.160083         2456.94         2232.27         2406.75 
       0.172465         2191.64         1948.29         2170.07 
       0.184281         1992.04         1796.05         2019.48 
       0.196406          1870.5         1658.62         1858.14 
       0.209011         1745.82         1475.72         1682.97 
       0.221538         1573.68         1289.62         1567.73 
       0.233611         1502.23         1153.86         1466.36 
       0.245665         1364.68         1064.96         1353.04 
       0.258103         1343.05         991.376         1276.77 
       0.270422            1200         910.952         1198.05 
       0.282519         1129.28         826.733         1131.41 
       0.294636          1112.8         753.241         1070.39 
       0.306978         1012.22         696.871         1024.57 
       0.319417         989.061         651.531         965.623 
        0.33169         931.001         608.131         913.395 
       0.343948         891.655         563.466         884.491 
       0.356249         843.385          521.58         850.885 
       0.368458         813.242         486.495         811.321 
        0.38068         796.425         457.158         779.555 
       0.392856         754.866         430.375          751.44 
       0.405069         718.438         404.185         727.842 
       0.417459          690.98         378.829         699.926 
       0.429752         683.433         356.068         675.328 
       0.441978         659.843         336.089         657.677 
       0.454294         629.448         317.948         630.431 
        0.46658         612.633         300.926         617.003 
       0.478753         599.522         284.867         597.755 
       0.490964         576.588         269.783         579.196 
       0.503334         550.131         255.862         565.669 
       0.515665          548.91         243.167         553.231 
       0.527909         527.115         231.447         540.532 
       0.540159         513.919         220.358         526.275 
        0.55248         504.004         209.837         512.456 
       0.564743         499.977         200.096          503.65 
        0.57686         481.815         191.143         490.006 
       0.589077         470.344         182.691         479.065 
       0.601441         462.504         174.655          469.31 
        0.61382         450.897         167.077         461.105 
       0.626067         445.569         160.006         452.011 
       0.638306         428.653         153.348         443.099 
       0.650632           424.2         147.039         431.775 
       0.662899         420.584         141.128         426.721 
       0.675076         405.561         135.587         420.173 
       0.687267         394.997         130.337         410.146 
       0.699615         391.732           125.3         403.637 
       0.711937         385.416         120.538          396.25 
       0.724148         372.585         116.064         390.625 
       0.736433         364.041         111.794         383.392 
       0.748747         359.453         107.734         376.468 
       0.761037         352.836         103.884         371.545 
       0.773197         348.526         100.263         365.846 
       0.785376         343.381         96.8101         360.283 
       0.797761         333.932         93.4664         354.604 
       0.810096         331.351         90.2939         350.155 
       0.822371         320.734         87.2841         344.395 
       0.834626         318.865         84.4171         340.017 
       0.846916         312.501          81.672         334.801 
       0.859215         311.429         79.0481         330.006 
       0.871383         303.626         76.5661         325.465 
        0.88363         301.708         74.1765         322.129 
       0.895928         295.949         71.8803         317.026 
       0.908253         288.553         69.6775          311.94 
       0.920535         285.401         67.5749          308.13 
       0.932774         279.106         65.5668         303.702 
        0.94508         275.596         63.6306         300.553 
       0.957324         274.208         61.7823         296.425 
        0.96953         270.332         60.0135         292.694 
       0.981769         263.058         58.3099         289.611 
       0.994071         262.186         56.6645         285.991 
         1.0064         256.724         55.0802         281.802 
        1.01868         253.844         53.5613         278.235 
        1.03092         246.907         52.1067         275.686 
         1.0432         243.798         50.7012          272.34 
        1.05553         240.891         49.3422         268.691 
        1.06777         239.506         48.0432         265.831 
           1.08         233.813         46.7924         262.758 
        1.09227         231.853         45.5823         259.646 
         1.1046         228.186         44.4106         257.095 
         1.1169         223.123         43.2824         253.603 
        1.12915         220.282         42.1991         251.261 
        1.14142         216.527         41.1508         248.117 
        1.15365         213.792         40.1413           245.5 
        1.16585         210.302         39.1685         242.548 
        1.17807          208.03         38.2269         240.333 
        1.19037         205.574         37.3102         238.159 
        1.20276         202.732         36.4174         235.076 
        1.21504         198.455          35.561         232.504 
        1.22728         195.277         34.7357         229.614 
        1.23954          194.53         33.9348         227.804 
        1.25184         190.593         33.1577          225.29 
        1.26414         187.112         32.4047         223.059 
        1.27632         186.334         31.6819          221.26 
         1.2886         184.814         30.9761         218.544 
        1.30093         179.673         30.2894         215.978 
        1.31316         176.587         29.6285          213.62 
        1.32541         175.423         28.9873         211.741 
        1.33772         173.412         28.3616         209.605 
        1.35005          170.83          27.754         207.254 
        1.36225         167.978         27.1704         205.338 
        1.37447         165.714         26.6025         202.828 
        1.38676         163.868         26.0483         201.246 
        1.39907         161.296          25.509         198.975 
        1.41133         158.685         24.9874         197.067 
        1.42358         156.825         24.4808         195.211 
        1.43591         155.034         23.9849         193.249 
        1.44818          152.54         23.5054         191.399 
        1.46037         150.752         23.0419         189.379 
        1.47263         148.579         22.5884         187.818 
        1.48494         146.571         22.1454         185.514 
        1.49724         144.562         21.7147         184.142 
        1.50952         141.943         21.2963         182.259 
        1.52178         141.267         20.8895          180.27 
        1.53409         138.285         20.4918         178.771 
        1.54637         136.706         20.1052         177.286 
        1.55858         134.532         19.7309         175.355 
        1.57081         132.606         19.3655         173.834 
        1.58313         130.878         19.0072         172.061 
        1.59544         128.756         18.6581         170.545 
        1.60767         127.753         18.3201         168.976 
        1.61994         125.449         17.9893         167.526 
        1.63225          123.91         17.6659          165.69 
        1.64452         121.717         17.3515         164.206 
        1.65676         120.004         17.0456         162.813 
          1.669         119.157         16.7469         161.386 
        1.68133         116.676         16.4535          159.91 
        1.69363         115.059          16.168         158.481 
        1.70585         113.102         15.8911         157.081 
        1.71809           111.8         15.6202         155.408 
        1.73038         111.016         15.3547         154.167 
        1.74268         109.846         15.0952         152.691 
        1.75493         107.097         14.8429         151.392 
        1.76714         106.386          14.597         150.146 
        1.77942         104.637         14.3555         148.629 
        1.79173         103.113         14.1188         147.412 
        1.80402         102.276         13.8879         146.111 
         1.8163         100.117         13.6624         144.818 
         1.8286         98.8722         13.4414         143.495 
         1.8409         98.2097         13.2256         142.172 
        1.85315         96.3356         13.0152         141.032 
        1.86537         95.3914         12.8098         139.862 
        1.87765         94.3773         12.6081         138.661 
        1.88995         92.7656         12.4102         137.417 
        1.90221         91.5425         12.2173         136.282 
        1.91445         90.4425         12.0288         134.991 
        1.92674         88.9765         11.8437         133.858 
        1.93902         87.8105         11.6624         132.659 
        1.95124         86.8755         11.4859         131.554 
         1.9635         85.4526         11.3126         130.374 
        1.97583         84.2045         11.1417         129.335 
        1.98812         83.1685         10.9751         128.302 
        2.00039         82.2011         10.8122         127.139 
        2.01264         81.2269         10.6527          126.09 
        2.02492         80.3492         10.4963         124.979 
        2.03717         78.9686         10.3432         123.944 
        2.04942         78.5021         10.1934         122.986 
        2.06171         76.7226         10.0461         121.917 
        2.07397          75.937           9.902         120.945 
        2.08629          75.057         9.76013         119.894 
        2.09857         73.9675         9.62137         118.932 
        2.11081         72.7584         9.48588         117.832 
        2.12309         71.8038         9.35268         117.006 
        2.13538         70.9552         9.22185         115.978 
        2.14763         70.0503         9.09396         115.054 
        2.15986         68.9597         8.96879          114.05 
        2.17214         68.3017         8.84547         113.121 
        2.18443         67.4489         8.72436         112.363 
        2.19671          66.261         8.60565           111.4 
        2.20898         65.7598          8.4893         110.432 
        2.22126         64.7983         8.37498         109.565 
        2.23354         64.0844          8.2628         108.711 
         2.2458         62.9866         8.15287         107.853 
        2.25807         62.2288         8.04485         106.956 
        2.27035         61.4645         7.93869         106.082 
        2.28263           60.65          7.8345         105.254 
         2.2949         59.8729         7.73223         104.431 
        2.30718         58.8868         7.63175         103.629 
        2.31946         58.5492         7.53302         102.751 
        2.33169         57.4926         7.43645         101.969 
        2.34393         56.9848         7.34143          101.22 
        2.35622         56.0378         7.24777         100.411 
        2.36847          55.625         7.15601          99.726 
        2.38076         54.6735         7.06556         98.8173 
        2.39305         54.0836         6.97669         98.1488 
        2.40534         53.4401         6.88935         97.3403 
        2.41762         52.8274         6.80352         96.5459 
        2.42989         52.0689         6.71928         95.8727 
        2.44216         51.5099         6.63648         95.0813 
         2.4544         50.7798         6.55526          94.374 
        2.46667         50.2239         6.47522         93.6377 
        2.47897         49.6808         6.39632          92.903 
        2.49124         49.0825         6.31895         92.2403 
        2.50349         48.7526         6.24298         91.5204 
        2.51578         47.9111         6.16802         90.9212 
        2.52805         47.3949         6.09444         90.1602 
        2.54029         46.9262         6.02223         89.4414 
        2.55257         46.2904         5.95098         88.8312 
        2.56487         45.9555         5.88074         88.2085 
        2.57716         45.2524         5.81174         87.5476 
        2.58942         44.6443           5.744         86.8801 
        2.60167         44.2573          5.6774         86.2505 
        2.61395         43.6573         5.61176         85.6216 
        2.62624         43.2711         5.54707         84.9331 
        2.63849         42.7279         5.48361         84.3326 
        2.65073         42.3652          5.4212         83.7135 
        2.66302         41.8121         5.35954         83.0835 
         2.6753         41.3884         5.29888         82.5076 
        2.68756         40.9494         5.23928         81.8862 
        2.69983         40.4825         5.18056         81.3308 
        2.71213         40.1003         5.12261         80.7502 
        2.72441         39.7055         5.06566         80.1552 
        2.73665         39.1475         5.00971         79.5908 
         2.7489         38.8782         4.95463         79.0273 
        2.76118         38.4374         4.90021          78.464 
        2.77349         38.0532         4.84649         77.9048 
        2.78576         37.7452         4.79378          77.317 
        2.79802         37.3675         4.74187         76.8494 
        2.81031         36.9006         4.69062         76.2835 
        2.82259         36.8032         4.64015         75.7178 
        2.83483         36.2986         4.59061         75.2329 
         2.8471         35.9747          4.5417         74.6919 
         2.8594         35.6686         4.49335         74.1485 
         2.8717         35.5105         4.44572         73.6601 
        2.88396         35.0786         4.39896         73.1398 
        2.89619         34.9298         4.35295          72.594 
        2.90847         34.5094         4.30743         72.0814 
        2.92072          34.318         4.26264         71.6266 
        2.93299         34.1462         4.21846         71.1459 
        2.94526         33.7774         4.17487         70.6564 
        2.95753         33.5654         4.13191         70.1616 
        2.96982         33.3356         4.08948         69.6881 
        2.98209         33.0698         4.04773         69.2295 
        2.99436         32.8222         4.00653         68.7252 
        3.00666         32.8006         3.96584         68.2708 
        3.01894         32.4527         3.92579         67.8032 
        3.03119         32.4041         3.88634         67.3658 
        3.04345         32.2714         3.84744         66.9362 
        3.05573         31.9058         3.80899         66.4833 
          3.068         31.9152         3.77111         66.0382 
        3.08026         31.7306         3.73378         65.5936 
        3.09254         31.6538         3.69689          65.167 
        3.10483         31.6093         3.66049         64.7438 
         3.1171         31.3998         3.62463          64.313 
        3.12933         31.3334         3.58935          63.881 
        3.14159         31.1991         3.55446         63.4448 
