# k  (h/Mpc)    Pcb(k)  (Mpc/h)^3    Pcb_linear(k) (Mpc/h)^3    Pcb_NL(k) (Mpc/h)^3   ShotnoiseSubtracted = false
      0.0156606         16630.7           16702         16583.5 
      0.0273761         14294.5         14441.7         14314.7 
      0.0384619         10828.7         10880.5           10773 
      0.0498308         8386.97         8558.36         8451.98 
      0.0625568         7083.33          7273.6         7177.18 
      0.0751274         6282.78         6179.73         6042.58 
      0.0867833         4884.02         4975.37          4934.9 
      0.0984825         4094.81         3937.37         3979.81 
       0.111151         3486.63         3287.64         3337.06 
       0.123864         3127.22         2962.83         3003.36 
       0.135742         2840.74         2664.32         2705.44 
        0.14762         2461.12         2278.12         2386.86 
       0.160083         2072.23         1898.95         2030.33 
       0.172465         1848.35         1657.42         1823.75 
       0.184281         1687.08         1527.94         1696.93 
       0.196406          1572.6         1411.05         1558.93 
       0.209011         1461.15         1255.47         1410.14 
       0.221538         1318.19         1097.17         1307.45 
       0.233611          1248.4         981.678         1218.23 
       0.245665         1139.44         906.052         1122.62 
       0.258103         1108.22         843.456         1058.12 
       0.270422         994.326         775.038         990.613 
       0.282519         929.379         703.391          931.28 
       0.294636         919.296         640.867         878.788 
       0.306978         830.025         592.909         839.195 
       0.319417         806.551         554.336         790.307 
        0.33169         760.042         517.413         746.049 
       0.343948         725.675         479.413         720.792 
       0.356249         683.789         443.776         692.016 
       0.368458         662.154         413.927         657.327 
        0.38068          642.96         388.965         630.245 
       0.392856         607.382         366.178         606.234 
       0.405069          580.44         343.897         587.502 
       0.417459         557.338         322.323         561.912 
       0.429752         545.827         302.957         541.823 
       0.441978         527.586          285.96         526.786 
       0.454294         500.698         270.525         504.265 
        0.46658         489.755         256.042         492.572 
       0.478753         476.376          242.38         476.424 
       0.490964         458.783         229.546         461.053 
       0.503334         434.973           217.7         449.343 
       0.515665         433.941         206.899         439.597 
       0.527909         417.839         196.927         427.957 
       0.540159         407.375         187.493         416.086 
        0.55248         399.453         178.542         404.852 
       0.564743          394.58         170.253         397.478 
        0.57686         379.342         162.635         386.156 
       0.589077         367.419         155.444         377.561 
       0.601441         363.215         148.606         369.245 
        0.61382         355.895         142.159          362.36 
       0.626067         350.506         136.143         354.641 
       0.638306         335.803         130.478         347.857 
       0.650632         330.828          125.11           338.1 
       0.662899         328.123          120.08         333.987 
       0.675076         315.556         115.366         327.927 
       0.687267         307.772         110.899         320.237 
       0.699615          303.56         106.613         314.871 
       0.711937         298.965         102.561         309.219 
       0.724148         289.584         98.7544         304.594 
       0.736433         283.288         95.1219         298.525 
       0.748747         279.026         91.6667         292.922 
       0.761037         273.939         88.3915          288.48 
       0.773197         270.537         85.3102         284.492 
       0.785376         266.567         82.3723         279.565 
       0.797761         260.045         79.5273         275.312 
       0.810096         257.237          76.828         271.511 
       0.822371         247.691         74.2671         267.013 
       0.834626         247.071         71.8276         263.155 
       0.846916         241.772         69.4919         259.282 
       0.859215         241.808         67.2593         255.552 
       0.871383         235.314         65.1475         251.702 
        0.88363         233.755         63.1143         249.102 
       0.895928         228.425         61.1606         245.164 
       0.908253         222.317         59.2863         241.172 
       0.920535         221.372         57.4973         237.947 
       0.932774         214.536         55.7886         234.664 
        0.94508         212.495         54.1412         232.216 
       0.957324         211.959         52.5686         228.794 
        0.96953         208.982         51.0636         225.589 
       0.981769         202.601          49.614         223.451 
       0.994071         201.742         48.2141         220.554 
         1.0064         197.261          46.866         217.232 
        1.01868         194.614         45.5736         214.698 
        1.03092         190.869          44.336         212.492 
         1.0432         187.307         43.1401          209.87 
        1.05553         184.668         41.9838         207.249 
        1.06777         184.441         40.8785         205.149 
           1.08         179.897         39.8142         202.546 
        1.09227         177.702         38.7846         200.379 
         1.1046         175.077         37.7877         198.239 
         1.1169         172.084         36.8277         195.522 
        1.12915         169.583          35.906         193.724 
        1.14142         166.909          35.014         191.199 
        1.15365         164.685         34.1551         189.191 
        1.16585         162.428         33.3273         186.736 
        1.17807         160.282         32.5261         185.332 
        1.19037         159.038         31.7461         183.464 
        1.20276         156.377         30.9865         181.184 
        1.21504         153.697         30.2578         179.239 
        1.22728         150.759         29.5556         176.968 
        1.23954         150.234         28.8741         175.671 
        1.25184         147.391         28.2129         173.657 
        1.26414         145.115         27.5722         171.838 
        1.27632         144.609         26.9572         170.798 
         1.2886         142.327         26.3566         168.452 
        1.30093         138.324         25.7723          166.63 
        1.31316         137.418           25.21         164.767 
        1.32541         135.664         24.6645         163.528 
        1.33772         134.409         24.1321          161.76 
        1.35005         132.478         23.6151         159.946 
        1.36225         130.821         23.1185         158.515 
        1.37447         128.677         22.6353         156.688 
        1.38676         127.323         22.1638         155.208 
        1.39907         124.849         21.7049          153.69 
        1.41133         123.152          21.261         152.388 
        1.42358         121.407           20.83         150.949 
        1.43591         120.293          20.408         149.256 
        1.44818          119.16         20.0001         148.001 
        1.46037         116.904         19.6057         146.469 
        1.47263         115.775         19.2199         145.361 
        1.48494         114.113         18.8429         143.687 
        1.49724          112.55         18.4764         142.336 
        1.50952         110.505         18.1204         141.045 
        1.52178         109.984         17.7743          139.63 
        1.53409         108.051         17.4359         138.462 
        1.54637         106.553          17.107         137.256 
        1.55858         104.829         16.7885         135.857 
        1.57081         103.465         16.4776         134.701 
        1.58313         102.288         16.1727         133.392 
        1.59544         101.147         15.8757         132.236 
        1.60767         99.7639         15.5881         130.954 
        1.61994         98.1681         15.3066         130.053 
        1.63225         96.9074         15.0314         128.495 
        1.64452          95.285         14.7639         127.388 
        1.65676         94.0048         14.5036         126.356 
          1.669         93.4059         14.2495         125.329 
        1.68133         91.7532         13.9999         124.145 
        1.69363          90.858         13.7569         123.093 
        1.70585         89.3093         13.5213         121.969 
        1.71809         88.1215         13.2908         120.849 
        1.73038         87.4067         13.0649         119.802 
        1.74268         86.0907         12.8441         118.734 
        1.75493         85.0485         12.6294         117.673 
        1.76714         83.7074         12.4202         116.728 
        1.77942         82.9254         12.2147         115.607 
        1.79173         81.5635         12.0133         114.701 
        1.80402         80.9316         11.8169         113.756 
         1.8163         79.5398         11.6249         112.621 
         1.8286         78.4429          11.437         111.722 
         1.8409         77.7356         11.2533         110.756 
        1.85315         76.5126         11.0743         109.884 
        1.86537          75.666         10.8995         108.943 
        1.87765         74.9767         10.7279         107.941 
        1.88995         73.7469         10.5595         107.115 
        1.90221         72.8254         10.3954         106.187 
        1.91445         71.5594          10.235         105.271 
        1.92674          70.715         10.0774         104.425 
        1.93902         69.8339          9.9232         103.484 
        1.95124         69.2843         9.77301         102.721 
         1.9635         68.1677         9.62555         101.704 
        1.97583         67.3086          9.4802         101.013 
        1.98812         66.4818         9.33841         100.131 
        2.00039         65.4302          9.1998         99.2996 
        2.01264         64.9398         9.06413         98.4625 
        2.02492         63.9615         8.93101         97.6661 
        2.03717         62.9728         8.80078         96.8041 
        2.04942         62.5405         8.67332         96.1271 
        2.06171         61.3387         8.54795         95.2896 
        2.07397         60.7271         8.42534          94.565 
        2.08629         60.1373         8.30462           93.74 
        2.09857         59.2432         8.18656         93.0053 
        2.11081         58.1967         8.07128         92.1669 
        2.12309         57.8605         7.95794         91.5401 
        2.13538         56.9425         7.84662         90.7664 
        2.14763          56.269          7.7378         90.0449 
        2.15986         55.2297          7.6313         89.3074 
        2.17214         54.8213         7.52637         88.5857 
        2.18443         54.2063         7.42332          87.976 
        2.19671         53.2707         7.32232         87.2183 
        2.20898         53.0782         7.22332         86.5266 
        2.22126         52.2063         7.12604         85.8104 
        2.23354         51.5123          7.0306         85.1792 
         2.2458         50.9242         6.93706         84.5445 
        2.25807         50.3335         6.84515         83.8212 
        2.27035          49.787         6.75482         83.1645 
        2.28263         48.9441         6.66616         82.5034 
         2.2949         48.5705         6.57914         81.8726 
        2.30718         47.7382         6.49365          81.272 
        2.31946         47.2175         6.40964         80.6552 
        2.33169         46.6163         6.32748         80.0269 
        2.34393         45.8754         6.24663         79.4203 
        2.35622         45.6168         6.16694         78.7998 
        2.36847         45.0164         6.08885         78.2525 
        2.38076         44.4198         6.01189         77.5897 
        2.39305         43.8845         5.93628         77.0428 
        2.40534         43.4321         5.86197          76.409 
        2.41762         43.0174         5.78894         75.7975 
        2.42989         42.3852         5.71726         75.2999 
        2.44216         42.0151          5.6468         74.7049 
         2.4544         41.5005          5.5777          74.135 
        2.46667         41.0659         5.50959         73.5514 
        2.47897         40.5765         5.44246         73.0213 
        2.49124         40.0319         5.37663         72.4902 
        2.50349          39.516         5.31198          71.927 
        2.51578         39.0353         5.24821         71.4564 
        2.52805         38.8282         5.18559         70.8962 
        2.54029         38.2854         5.12415         70.3398 
        2.55257          37.719         5.06353         69.8521 
        2.56487         37.4594         5.00377         69.3696 
        2.57716         36.9674         4.94505         68.8794 
        2.58942         36.5199         4.88742          68.351 
        2.60167         36.0824         4.83075         67.8461 
        2.61395         35.7188          4.7749         67.3604 
        2.62624         35.4614         4.71986         66.8551 
        2.63849         35.1249         4.66585         66.3934 
        2.65073           34.75         4.61275         65.8872 
        2.66302         34.2725         4.56029          65.415 
         2.6753         33.8947         4.50868         64.9568 
        2.68756         33.4208         4.45796         64.4604 
        2.69983         33.2403           4.408         64.0429 
        2.71213         32.9131          4.3587         63.6058 
        2.72441         32.6222         4.31023         63.1338 
        2.73665         32.2617         4.26263         62.6769 
         2.7489          32.108         4.21576         62.2399 
        2.76118         31.6108         4.16946         61.8134 
        2.77349         31.4838         4.12375         61.3784 
        2.78576         31.2437          4.0789         60.9259 
        2.79802          30.781         4.03473         60.5375 
        2.81031         30.5107         3.99113         60.1098 
        2.82259         30.3485         3.94818         59.6681 
        2.83483         30.0009         3.90603         59.2675 
         2.8471         29.6679         3.86441         58.8666 
         2.8594         29.5644         3.82327         58.4613 
         2.8717         29.2659         3.78274         58.0582 
        2.88396         29.0168         3.74296         57.6385 
        2.89619         28.7612         3.70381         57.2332 
        2.90847         28.5893         3.66508         56.8609 
        2.92072         28.3536         3.62697         56.4689 
        2.93299         28.2154         3.58938         56.0804 
        2.94526         27.9493         3.55229         55.7185 
        2.95753         27.8027         3.51573         55.3462 
        2.96982         27.7223         3.47963         54.9673 
        2.98209         27.4366         3.44411         54.6036 
        2.99436         27.2518         3.40905           54.22 
        3.00666         27.1808         3.37443         53.8668 
        3.01894         26.9511         3.34035         53.4878 
        3.03119          26.864         3.30679         53.1402 
        3.04345         26.6872         3.27368         52.8109 
        3.05573         26.6454         3.24097         52.4616 
          3.068         26.5059         3.20874         52.1098 
        3.08026         26.3323         3.17698         51.7593 
        3.09254         26.2567         3.14559           51.42 
        3.10483         26.2659         3.11461         51.0907 
         3.1171         26.2052          3.0841         50.7582 
        3.12933          26.111         3.05408         50.4204 
        3.14159         25.9797          3.0244         50.0874 
