# k  (h/Mpc)    P(k)  (Mpc/h)^3    P_linear(k)  (Mpc/h)^3     P_NL(k)  ShotnoiseSubtracted = false
      0.0156606         7738.41         7632.65         7589.38 
      0.0273761         6680.72         6591.69         6559.81 
      0.0384619         5069.66         4963.29         4942.22 
      0.0498308         3950.25         3902.66         3883.93 
      0.0625568         3332.57         3316.02         3297.31 
      0.0751274         2920.55         2816.93         2788.49 
      0.0867833         2292.41         2267.74         2261.33 
      0.0984825         1887.02         1794.51         1807.56 
       0.111151         1590.87         1498.31         1511.81 
       0.123864         1428.93         1350.23         1361.58 
       0.135742         1289.34         1214.16         1225.84 
        0.14762         1103.13         1038.15         1066.62 
       0.160083         917.362         865.341         898.042 
       0.172465         815.134         755.267         795.642 
       0.184281         753.214         696.259         738.713 
       0.196406         689.267         642.988         677.308 
       0.209011         629.744          572.09         609.536 
       0.221538         565.718         499.949         552.261 
       0.233611         519.701         447.322         505.924 
       0.245665         485.115         412.859         465.389 
       0.258103         448.172         384.335         436.606 
       0.270422         414.261         353.158          404.95 
       0.282519         378.511         320.509         374.921 
       0.294636         372.049         292.019         349.342 
       0.306978         329.279         270.166         329.756 
       0.319417         315.808         252.589         309.812 
        0.33169         295.687         235.764         290.999 
       0.343948          282.17         218.449           276.4 
       0.356249         262.631          202.21         262.937 
       0.368458         253.564         188.609         246.876 
        0.38068          240.92         177.236         234.799 
       0.392856         224.949         166.852         224.469 
       0.405069         215.221         156.699         214.846 
       0.417459          205.01         146.869         203.295 
       0.429752         197.329         138.045         194.958 
       0.441978         190.046         130.299          188.25 
       0.454294         177.066         123.266         178.868 
        0.46658         177.251         116.667         172.806 
       0.478753         166.927         110.441         166.351 
       0.490964          161.78         104.593         160.004 
       0.503334         153.677         99.1962         154.595 
       0.515665         149.867         94.2744          150.54 
       0.527909         145.198         89.7307         143.972 
       0.540159         140.345         85.4317         139.714 
        0.55248         135.873         81.3528         134.892 
       0.564743          131.97         77.5763         131.308 
        0.57686         127.779         74.1051         126.968 
       0.589077         122.091         70.8285         123.851 
       0.601441         119.432         67.7127         120.483 
        0.61382         117.428         64.7751          116.76 
       0.626067         112.877         62.0338         113.755 
       0.638306         108.903         59.4524         110.905 
       0.650632         105.052         57.0065         107.004 
       0.662899         104.765         54.7146         104.549 
       0.675076         100.993         52.5667         101.991 
       0.687267         98.7348         50.5314          99.515 
       0.699615          95.737         48.5784         97.4777 
       0.711937         92.8574         46.7321         94.6906 
       0.724148         91.9936         44.9975         93.3548 
       0.736433          88.315         43.3423         90.8187 
       0.748747         86.6597          41.768         88.8022 
       0.761037         84.7496         40.2756         86.6923 
       0.773197         82.9001         38.8716         85.6116 
       0.785376         80.9458          37.533         83.4143 
       0.797761         80.1348         36.2367         82.0975 
       0.810096         77.3411         35.0067         80.2226 
       0.822371         75.8713         33.8398         78.6438 
       0.834626         74.1345         32.7283         77.3217 
       0.846916         73.0464          31.664         75.9121 
       0.859215         71.4489         30.6467         74.3516 
       0.871383         70.4885         29.6845         73.0991 
        0.88363         68.5462          28.758         72.0625 
       0.895928         67.1442         27.8678         70.7693 
       0.908253         65.5076         27.0138         69.5599 
       0.920535         65.1613         26.1986         68.4365 
       0.932774         63.8187         25.4201         67.2579 
        0.94508         62.9376         24.6694         66.0389 
       0.957324         61.3516         23.9529          65.169 
        0.96953         61.3174         23.2671         63.9873 
       0.981769         59.2734         22.6066         63.2242 
       0.994071         58.5942         21.9687           62.28 
         1.0064         57.3143         21.3545         61.3123 
        1.01868         56.4688         20.7656         60.4799 
        1.03092         55.5648         20.2017         59.5744 
         1.0432         54.6174         19.6567         58.6082 
        1.05553         53.2567         19.1299         58.1428 
        1.06777         52.8076         18.6262         57.2271 
           1.08         51.5782         18.1413         56.3986 
        1.09227         50.9488         17.6722         55.6156 
         1.1046         50.1889         17.2179         54.8598 
         1.1169         49.6095         16.7805         54.0737 
        1.12915         48.7742         16.3605         53.4864 
        1.14142         47.8425         15.9541         52.8108 
        1.15365         47.1217         15.5627         52.1991 
        1.16585         46.4108         15.1856         51.4511 
        1.17807         45.6668         14.8205         50.7864 
        1.19037         45.5378         14.4651         50.3322 
        1.20276         44.7199          14.119         49.7052 
        1.21504         44.1484          13.787         49.1508 
        1.22728         43.2832          13.467         48.5661 
        1.23954         42.7992         13.1565         47.8903 
        1.25184         42.0796         12.8552         47.4545 
        1.26414         41.4723         12.5633         46.8401 
        1.27632         41.1376          12.283          46.361 
         1.2886         40.7044         12.0094         45.8593 
        1.30093         40.0181         11.7432         45.2686 
        1.31316         39.4014         11.4869         44.8975 
        1.32541         39.1417         11.2383         44.3878 
        1.33772         38.3877         10.9958         43.9216 
        1.35005         37.9592         10.7602         43.4904 
        1.36225         37.3369         10.5339         43.0685 
        1.37447         36.4584         10.3138         42.5832 
        1.38676         36.5928         10.0989         42.2091 
        1.39907         36.0051         9.88982         41.8213 
        1.41133          35.259         9.68757         41.3806 
        1.42358         34.8972         9.49118         40.9487 
        1.43591         34.5009          9.2989         40.5979 
        1.44818         34.1414         9.11302         40.1298 
        1.46037         33.6923         8.93334         39.7652 
        1.47263         33.4541         8.75751         39.4489 
        1.48494         32.7928         8.58575         39.0317 
        1.49724          32.691         8.41875         38.6697 
        1.50952         32.2095         8.25654         38.3583 
        1.52178         31.7226         8.09884          37.988 
        1.53409         31.4715         7.94464         37.6538 
        1.54637         31.0405         7.79478         37.2732 
        1.55858         30.3341         7.64964         36.9549 
        1.57081         30.4222           7.508         36.6683 
        1.58313         30.0458         7.36907         36.3186 
        1.59544          29.486         7.23374          36.017 
        1.60767         29.1463         7.10268         35.6602 
        1.61994         28.7989         6.97442         35.3833 
        1.63225         28.6479         6.84906         35.1196 
        1.64452         28.2293         6.72714         34.8243 
        1.65676         27.9237         6.60857         34.5083 
          1.669         27.6496         6.49277         34.2604 
        1.68133         27.3133         6.37902         33.9479 
        1.69363         26.9124         6.26833         33.6172 
        1.70585          26.706         6.16098         33.4404 
        1.71809         26.2656         6.05593         33.0913 
        1.73038          26.132         5.95299         32.8843 
        1.74268         25.7902         5.85239         32.5537 
        1.75493         25.4755         5.75458         32.3272 
        1.76714          25.324         5.65926          32.091 
        1.77942         25.0379         5.56561         31.8215 
        1.79173         24.6049         5.47385         31.5719 
        1.80402         24.3549         5.38434         31.4062 
         1.8163         24.2446         5.29689         31.0345 
         1.8286         23.8103         5.21124          30.856 
         1.8409         23.6096         5.12755         30.6247 
        1.85315         23.3682         5.04598         30.4094 
        1.86537         23.0551         4.96635         30.1786 
        1.87765         22.9279         4.88814         29.9433 
        1.88995         22.6069         4.81144         29.6798 
        1.90221          22.379         4.73664         29.4685 
        1.91445         22.0937         4.66356         29.2544 
        1.92674         21.8994         4.59178          29.037 
        1.93902         21.6425          4.5215         28.8522 
        1.95124         21.3113         4.45306         28.6898 
         1.9635         21.1941         4.38587         28.4314 
        1.97583         20.9703         4.31964         28.2313 
        1.98812         20.7972         4.25503         28.0474 
        2.00039         20.5658         4.19188         27.8378 
        2.01264         20.3225         4.13006         27.6575 
        2.02492         20.1672          4.0694         27.4253 
        2.03717         19.8517         4.01007          27.248 
        2.04942          19.696         3.95199         27.0424 
        2.06171         19.5566         3.89487         26.8655 
        2.07397         19.3536           3.839         26.6557 
        2.08629         19.1641         3.78399         26.4661 
        2.09857         18.9706          3.7302         26.3016 
        2.11081          18.733         3.67767         26.1181 
        2.12309         18.6061         3.62603         25.9357 
        2.13538         18.3637          3.5753         25.7629 
        2.14763         18.1959         3.52572          25.591 
        2.15986         18.0541         3.47719         25.4258 
        2.17214         17.8516         3.42938         25.2584 
        2.18443         17.6827         3.38243         25.0701 
        2.19671         17.4887         3.33641         24.8929 
        2.20898         17.3245          3.2913         24.7293 
        2.22126         17.1983         3.24697         24.5779 
        2.23354         17.0974         3.20348         24.4119 
         2.2458         16.8877         3.16086         24.2765 
        2.25807         16.6676         3.11898         24.0706 
        2.27035         16.5314         3.07782         23.9307 
        2.28263         16.3702         3.03743         23.7752 
         2.2949         16.2735         2.99778         23.6325 
        2.30718         16.1199         2.95883         23.4834 
        2.31946         15.9991         2.92055         23.3177 
        2.33169         15.8224         2.88311         23.1674 
        2.34393         15.6759         2.84627         23.0385 
        2.35622         15.4779         2.80996         22.8837 
        2.36847         15.3578         2.77438         22.7267 
        2.38076          15.197         2.73931         22.5989 
        2.39305         15.1002         2.70486         22.4515 
        2.40534         14.9347           2.671         22.2823 
        2.41762         14.7891         2.63772         22.1787 
        2.42989         14.6722         2.60506         22.0159 
        2.44216         14.5285         2.57296         21.8825 
         2.4544         14.5137         2.54147         21.7326 
        2.46667         14.3159         2.51044         21.6113 
        2.47897         14.1386         2.47985         21.4661 
        2.49124         14.0845         2.44985         21.3347 
        2.50349         13.9129          2.4204         21.1921 
        2.51578         13.8172         2.39134         21.0901 
        2.52805         13.7068         2.36281         20.9513 
        2.54029         13.6127         2.33482          20.822 
        2.55257         13.5127         2.30719         20.6913 
        2.56487         13.3351         2.27996         20.5683 
        2.57716         13.2532         2.25321         20.4252 
        2.58942         13.1814         2.22695         20.3251 
        2.60167         13.0057         2.20113         20.2006 
        2.61395          12.996         2.17568         20.0758 
        2.62624          12.892          2.1506         19.9522 
        2.63849         12.7524         2.12599         19.8505 
        2.65073         12.6535          2.1018          19.718 
        2.66302         12.5804         2.07789         19.6107 
         2.6753         12.5228         2.05437         19.4847 
        2.68756         12.4105         2.03127         19.3783 
        2.69983         12.3098          2.0085         19.2567 
        2.71213         12.2038         1.98604         19.1296 
        2.72441         12.1647         1.96395         19.0283 
        2.73665         12.0756         1.94226         18.9164 
         2.7489         12.0265         1.92091         18.7985 
        2.76118         11.8926         1.89981         18.6953 
        2.77349         11.8298         1.87898         18.5856 
        2.78576         11.7297         1.85854         18.4849 
        2.79802         11.6979         1.83842         18.3698 
        2.81031         11.6182         1.81855         18.2598 
        2.82259         11.5529         1.79898         18.1615 
        2.83483         11.5031         1.77978         18.0595 
         2.8471         11.4396         1.76081         17.9492 
         2.8594         11.3901         1.74207         17.8402 
         2.8717         11.3279          1.7236         17.7441 
        2.88396          11.252         1.70547         17.6422 
        2.89619         11.2215         1.68764          17.539 
        2.90847         11.1737         1.66999         17.4478 
        2.92072         11.1298         1.65262         17.3326 
        2.93299         11.0388          1.6355         17.2442 
        2.94526         11.0226          1.6186         17.1534 
        2.95753         10.9742         1.60194         17.0499 
        2.96982         10.9285         1.58549         16.9527 
        2.98209         10.9231         1.56931         16.8581 
        2.99436         10.8907         1.55333         16.7578 
        3.00666         10.8642         1.53755         16.6653 
        3.01894         10.8353         1.52203          16.586 
        3.03119         10.7983         1.50673         16.4879 
        3.04345          10.734         1.49165         16.3834 
        3.05573         10.7514         1.47674         16.2967 
          3.068         10.7279         1.46206         16.2147 
        3.08026         10.7065         1.44759         16.1115 
        3.09254         10.7073         1.43328         16.0303 
        3.10483         10.6981         1.41917         15.9519 
         3.1171         10.7221         1.40527         15.8584 
        3.12933         10.6882         1.39159         15.7694 
        3.14159         10.6538         1.37806         15.6794 
