# k  (h/Mpc)    Pcb(k)  (Mpc/h)^3    Pcb_linear(k) (Mpc/h)^3    Pcb_NL(k) (Mpc/h)^3   ShotnoiseSubtracted = false
      0.0156606         20634.7         20743.2           20583 
      0.0273761         17695.6         17934.1         17746.8 
      0.0384619         13385.9           13511         13346.2 
      0.0498308         10343.1         10627.1         10461.8 
      0.0625568         8738.03         9031.62         8883.99 
      0.0751274         7776.77         7673.26         7465.45 
      0.0867833         6027.72         6177.78         6113.94 
      0.0984825          5086.7          4888.9         4947.32 
       0.111151         4347.69         4082.12         4153.91 
       0.123864         3895.81         3678.81         3737.02 
       0.135742         3549.66         3308.15         3366.66 
        0.14762         3087.77         2828.63         2983.98 
       0.160083         2618.78         2357.82         2548.74 
       0.172465         2335.86         2057.92         2300.83 
       0.184281         2119.89         1897.16         2141.31 
       0.196406         1995.35         1752.02         1971.34 
       0.209011         1864.66         1558.85          1786.3 
       0.221538         1679.83         1362.29         1666.18 
       0.233611         1607.23         1218.89         1560.16 
       0.245665         1458.21         1124.99         1440.29 
       0.258103         1439.73         1047.27          1359.6 
       0.270422         1285.01         962.317         1276.66 
       0.282519          1211.7         873.357         1207.32 
       0.294636          1191.9         795.725         1143.05 
       0.306978         1086.65         736.179         1094.87 
       0.319417         1063.54         688.284         1032.13 
        0.33169         1000.38         642.439         976.976 
       0.343948         959.181         595.257         946.582 
       0.356249         908.225         551.009         911.147 
       0.368458         874.095         513.947         869.838 
        0.38068         858.132         482.953         836.331 
       0.392856         814.105          454.66         806.738 
       0.405069         773.527         426.995         781.116 
       0.417459         744.002         400.208         752.422 
       0.429752         738.115         376.163         726.109 
       0.441978         712.372         355.058         707.481 
       0.454294          680.31         335.893         678.472 
        0.46658          661.48         317.911         664.353 
       0.478753         648.151         300.947         643.977 
       0.490964         623.064         285.013         624.203 
       0.503334          595.52         270.305         610.017 
       0.515665         593.814         256.893         596.492 
       0.527909         569.687         244.512         583.399 
       0.540159         555.467         232.798         568.339 
        0.55248         544.574         221.684         553.532 
       0.564743         540.268         211.392         544.117 
        0.57686         521.317         201.934         529.602 
       0.589077         510.228         193.005         517.852 
       0.601441         500.272         184.515         507.564 
        0.61382         487.023          176.51         498.742 
       0.626067         481.483          169.04         489.176 
       0.638306         463.568         162.006         479.421 
       0.650632         459.062         155.341         467.577 
       0.662899         455.149         149.095         462.059 
       0.675076         439.462         143.242         455.343 
       0.687267         427.496         137.696         444.504 
       0.699615         424.819         132.374         437.496 
       0.711937         417.227         127.344         429.406 
       0.724148         403.373         122.617         423.468 
       0.736433         393.956         118.107         415.794 
       0.748747         388.997         113.817         408.375 
       0.761037         381.876          109.75         403.237 
       0.773197         376.791         105.924         396.867 
       0.785376         371.415         102.276         391.006 
       0.797761         360.729         98.7439         384.947 
       0.810096         357.684         95.3923         380.139 
       0.822371          346.95         92.2126         373.919 
       0.834626         344.327         89.1836         369.349 
       0.846916         337.987         86.2836         363.621 
       0.859215         335.735         83.5115         358.385 
       0.871383         327.626         80.8894         353.565 
        0.88363         324.977         78.3649         349.962 
       0.895928         319.354         75.9391         344.455 
       0.908253         311.377         73.6119         338.895 
       0.920535         306.933         71.3906         334.947 
       0.932774         301.095         69.2691         330.029 
        0.94508          296.86         67.2236          326.64 
       0.957324         294.871          65.271         322.227 
        0.96953         290.809         63.4023         318.264 
       0.981769         283.298         61.6025         314.824 
       0.994071         282.299         59.8643         310.935 
         1.0064         276.567         58.1904         306.402 
        1.01868          273.53         56.5858         302.491 
        1.03092         265.511         55.0491         299.789 
         1.0432         262.611         53.5642         296.159 
        1.05553         259.549         52.1285         292.141 
        1.06777         257.248         50.7561         288.964 
           1.08          251.21         49.4347         285.698 
        1.09227         249.699         48.1563         282.274 
         1.1046         245.337         46.9185         279.538 
         1.1169          239.75         45.7266         275.777 
        1.12915         236.696         44.5821         273.154 
        1.14142         232.298         43.4746         269.808 
        1.15365         229.537         42.4081         266.963 
        1.16585         225.518         41.3804         263.851 
        1.17807         223.219         40.3856         261.278 
        1.19037          220.15         39.4171         258.988 
        1.20276         217.107         38.4739         255.611 
        1.21504         212.476         37.5691         252.787 
        1.22728         209.234         36.6973         249.755 
        1.23954         208.218         35.8511         247.625 
        1.25184         203.741         35.0301         244.941 
        1.26414         199.768         34.2346         242.564 
        1.27632         198.709          33.471         240.487 
         1.2886         197.205         32.7253         237.629 
        1.30093         192.004         31.9998         234.753 
        1.31316         188.236         31.3016         232.286 
        1.32541         187.132         30.6242         230.096 
        1.33772         184.544         29.9632         227.859 
        1.35005         182.016         29.3213         225.299 
        1.36225         178.676         28.7047         223.201 
        1.37447         176.125         28.1048         220.462 
        1.38676         174.268         27.5193          218.83 
        1.39907         171.651         26.9495         216.272 
        1.41133         168.602         26.3984         214.118 
        1.42358         166.641         25.8633         212.099 
        1.43591         164.653         25.3393         210.062 
        1.44818         161.657         24.8328         207.973 
        1.46037         160.063         24.3432          205.76 
        1.47263         157.291          23.864         203.987 
        1.48494         155.457          23.396         201.484 
        1.49724          153.17         22.9409         200.096 
        1.50952         150.336         22.4989         197.963 
        1.52178         149.373         22.0692         195.824 
        1.53409         146.306          21.649         194.159 
        1.54637         144.432         21.2406         192.556 
        1.55858         142.469         20.8451         190.457 
        1.57081         140.172         20.4592          188.75 
        1.58313         138.307         20.0806         186.825 
        1.59544         135.836         19.7118          185.16 
        1.60767         134.774         19.3547         183.491 
        1.61994         132.347         19.0052         181.809 
        1.63225         130.548         18.6636         179.883 
        1.64452         128.317         18.3313         178.276 
        1.65676         126.559         18.0082         176.742 
          1.669         125.406         17.6927         175.127 
        1.68133         122.878         17.3827         173.529 
        1.69363         120.896         17.0811         172.003 
        1.70585         118.935         16.7885         170.471 
        1.71809         117.474         16.5023         168.631 
        1.73038         116.441         16.2218         167.277 
        1.74268         115.279         15.9477         165.656 
        1.75493         112.254         15.6811         164.274 
        1.76714         111.776         15.4214         162.893 
        1.77942          109.65         15.1662         161.277 
        1.79173         107.929         14.9161         159.894 
        1.80402         106.922         14.6722         158.474 
         1.8163         104.699         14.4339         157.132 
         1.8286         103.421         14.2005          155.65 
         1.8409         102.614         13.9725         154.202 
        1.85315         100.429         13.7502         152.952 
        1.86537         99.6343         13.5332         151.685 
        1.87765         98.4074         13.3201          150.39 
        1.88995         96.6527         13.1111         148.994 
        1.90221         95.4265         12.9073         147.795 
        1.91445         94.2061         12.7081         146.375 
        1.92674         92.7072         12.5125         145.127 
        1.93902         91.4617          12.321         143.823 
        1.95124         90.3581         12.1345         142.613 
         1.9635         88.8667         11.9514         141.355 
        1.97583         87.5243         11.7709         140.178 
        1.98812         86.4059         11.5949         139.106 
        2.00039         85.3947         11.4228          137.81 
        2.01264         84.3138         11.2543         136.678 
        2.02492         83.4143          11.089         135.448 
        2.03717          81.969         10.9273         134.359 
        2.04942         81.2732         10.7691          133.27 
        2.06171         79.5238         10.6134         132.111 
        2.07397         78.7225         10.4612         131.067 
        2.08629         77.7183         10.3113         129.928 
        2.09857         76.6396         10.1647          128.88 
        2.11081         75.3309         10.0216         127.691 
        2.12309         74.3024         9.88086         126.766 
        2.13538         73.3291         9.74263         125.648 
        2.14763         72.4097         9.60752         124.645 
        2.15986         71.3801         9.47529         123.545 
        2.17214         70.5776           9.345         122.557 
        2.18443         69.6334         9.21705         121.722 
        2.19671         68.5804         9.09164         120.674 
        2.20898         67.8952         8.96872         119.605 
        2.22126         66.8799         8.84794         118.694 
        2.23354         66.1317         8.72943         117.751 
         2.2458         64.8898         8.61329         116.803 
        2.25807         64.1852         8.49917         115.844 
        2.27035         63.2913         8.38701         114.898 
        2.28263         62.4602         8.27693          114.01 
         2.2949         61.4961         8.16889         113.115 
        2.30718         60.5982         8.06274         112.225 
        2.31946         60.1759         7.95843         111.262 
        2.33169          59.098         7.85641          110.42 
        2.34393         58.6492         7.75603         109.623 
        2.35622         57.5294         7.65708         108.727 
        2.36847         57.1167         7.56013         107.986 
        2.38076         56.1474         7.46457         107.003 
        2.39305           55.54         7.37069         106.282 
        2.40534         54.7987         7.27842         105.402 
        2.41762         54.1652         7.18774         104.545 
        2.42989         53.3179         7.09874         103.804 
        2.44216         52.7917         7.01126         102.938 
         2.4544         51.9631         6.92546         102.182 
        2.46667         51.3781         6.84089         101.395 
        2.47897         50.8112         6.75754         100.581 
        2.49124         50.2834          6.6758         99.8546 
        2.50349         49.7556         6.59554         99.0895 
        2.51578         48.9946         6.51635         98.4335 
        2.52805         48.4252         6.43861         97.6034 
        2.54029         47.9394         6.36232         96.8386 
        2.55257         47.3119         6.28705         96.1762 
        2.56487         47.0332         6.21285         95.4862 
        2.57716         46.2943         6.13995         94.7644 
        2.58942         45.6564         6.06838         94.0569 
        2.60167         45.1365         5.99802         93.3708 
        2.61395         44.6765         5.92868         92.6814 
        2.62624         44.0531         5.86033         91.9416 
        2.63849         43.5706         5.79328         91.2876 
        2.65073         43.1429         5.72735         90.6236 
        2.66302         42.6365         5.66221         89.9352 
         2.6753         42.2119         5.59813         89.3153 
        2.68756         41.7785         5.53516         88.6388 
        2.69983          41.233         5.47312         88.0284 
        2.71213         40.8402          5.4119         87.3964 
        2.72441         40.4157         5.35173         86.7543 
        2.73665         39.9216         5.29262          86.154 
         2.7489         39.5125         5.23443         85.5448 
        2.76118         39.1533         5.17695         84.9207 
        2.77349         38.7038         5.12018         84.3208 
        2.78576         38.3442          5.0645           83.69 
        2.79802         38.0166         5.00966         83.1756 
        2.81031         37.4917         4.95552          82.565 
        2.82259         37.3046         4.90219         81.9518 
        2.83483         36.8171         4.84985         81.4265 
         2.8471         36.5155         4.79818         80.8353 
         2.8594         36.1729          4.7471          80.251 
         2.8717         35.9962         4.69678         79.7293 
        2.88396         35.5838         4.64738         79.1665 
        2.89619         35.3694         4.59878         78.5715 
        2.90847         34.9802         4.55069         78.0078 
        2.92072         34.7813         4.50337         77.5223 
        2.93299         34.6238         4.45669         77.0089 
        2.94526         34.2252         4.41064         76.4713 
        2.95753         34.0073         4.36525         75.9317 
        2.96982         33.6964         4.32043         75.4239 
        2.98209         33.5021         4.27632         74.9266 
        2.99436         33.2336          4.2328         74.3823 
        3.00666         33.1875          4.1898         73.8852 
        3.01894         32.8323         4.14749         73.3863 
        3.03119         32.7929         4.10582         72.9138 
        3.04345         32.6307         4.06472         72.4415 
        3.05573         32.3077          4.0241         71.9489 
          3.068         32.2391         3.98408         71.4696 
        3.08026         32.0662         3.94464         70.9879 
        3.09254         31.9988         3.90567         70.5265 
        3.10483         31.9656         3.86721         70.0675 
         3.1171         31.7943         3.82933         69.5993 
        3.12933          31.655         3.79205         69.1338 
        3.14159         31.5368         3.75519         68.6643 
