# k  (h/Mpc)    Pcb(k)  (Mpc/h)^3    Pcb_linear(k) (Mpc/h)^3    Pcb_NL(k) (Mpc/h)^3   ShotnoiseSubtracted = false
      0.0156606         3380.85         3383.78         3366.72 
      0.0273761         2935.14         2927.84         2918.82 
      0.0384619         2230.44         2206.54         2202.82 
      0.0498308         1746.78         1735.92         1733.53 
      0.0625568          1473.8         1475.49         1472.11 
      0.0751274         1278.28         1253.68         1247.76 
      0.0867833         1012.17         1009.39         1008.52 
      0.0984825         822.423         798.829         802.457 
       0.111151         689.513         667.024         670.588 
       0.123864          619.43         601.133         603.938 
       0.135742         556.895         540.575         543.397 
        0.14762          473.49         462.223         468.862 
       0.160083         393.096         385.292         392.833 
       0.172465         346.953         336.288         345.388 
       0.184281          321.64         310.019         319.692 
       0.196406          293.31         286.303         293.805 
       0.209011         264.888         254.738         263.197 
       0.221538         235.755         222.617         234.445 
       0.233611         212.987         199.185         212.345 
       0.245665          200.11         183.841         195.558 
       0.258103         180.623          171.14         182.812 
       0.270422         169.456         157.258         168.634 
       0.282519         153.822         142.721         154.818 
       0.294636         147.456         130.035         142.796 
       0.306978         130.267         120.304         133.511 
       0.319417         124.421         112.477         125.233 
        0.33169         115.722         104.986         117.313 
       0.343948         110.054         97.2753         109.888 
       0.356249          101.19         90.0445          103.72 
       0.368458         96.7512          83.988         96.7133 
        0.38068         90.8937         78.9231         91.5289 
       0.392856          84.862         74.2996         87.0033 
       0.405069         80.3839         69.7787         82.2061 
       0.417459         75.5535         65.4013         77.8046 
       0.429752         72.4272         61.4718         73.9189 
       0.441978         69.0441         58.0229         70.8855 
       0.454294         64.2259          54.891         67.1057 
        0.46658         63.8767         51.9525         64.1551 
       0.478753         59.4013         49.1803         61.4176 
       0.490964         57.4525         46.5763         58.9216 
       0.503334         55.0681         44.1728         56.2626 
       0.515665         52.4873          41.981         54.4598 
       0.527909         50.2679         39.9578         51.6129 
       0.540159         48.2947         38.0436         49.7416 
        0.55248         45.2586         36.2273         47.7126 
       0.564743         44.5938         34.5454         46.1649 
        0.57686          43.152         32.9997         44.4683 
       0.589077         40.7184         31.5406         43.0749 
       0.601441         39.3883         30.1532           41.57 
        0.61382         38.0746          28.845         39.9759 
       0.626067         36.5305         27.6243         38.8048 
       0.638306         35.3736         26.4748         37.4302 
       0.650632         34.3456         25.3856         36.2173 
       0.662899         33.0672          24.365         35.0217 
       0.675076         31.5923         23.4085         33.9524 
       0.687267         31.1883         22.5022            32.9 
       0.699615         30.0854         21.6325         32.0495 
       0.711937         28.6433         20.8104         30.9748 
       0.724148         28.5097         20.0379         30.2685 
       0.736433         26.8601         19.3009         29.3322 
       0.748747         26.4479         18.5998         28.5352 
       0.761037         25.7521         17.9352         27.8295 
       0.773197         24.9662           17.31         27.1469 
       0.785376         24.0031         16.7139         26.4356 
       0.797761         23.5564         16.1366         25.7862 
       0.810096         23.0242         15.5889         25.1519 
       0.822371          22.399         15.0693         24.4548 
       0.834626         21.7109         14.5743         23.9743 
       0.846916         21.0882         14.1004         23.3647 
       0.859215         20.3503         13.6474         22.8317 
       0.871383         20.0163         13.2189         22.3724 
        0.88363         19.4968         12.8063         21.8771 
       0.895928         19.1013         12.4099         21.3267 
       0.908253         18.6538         12.0296         20.9346 
       0.920535         18.1446         11.6666         20.4578 
       0.932774         17.8588         11.3199         19.9833 
        0.94508         17.3238         10.9856         19.5968 
       0.957324         17.0057         10.6665         19.2265 
        0.96953         16.4541         10.3612         18.8126 
       0.981769         16.3129          10.067         18.4733 
       0.994071         15.8505         9.78297         18.0873 
         1.0064         15.4122         9.50943         17.7622 
        1.01868         15.1155          9.2472         17.4432 
        1.03092         14.9295         8.99608         17.0948 
         1.0432         14.4069         8.75341         16.7586 
        1.05553          14.181          8.5188         16.5356 
        1.06777         13.7694         8.29452           16.17 
           1.08          13.523         8.07858         15.9087 
        1.09227         13.2684         7.86966         15.6544 
         1.1046         13.0558         7.66738         15.3476 
         1.1169         12.7017          7.4726         15.0855 
        1.12915         12.6491         7.28557         14.8829 
        1.14142          12.168         7.10458         14.6079 
        1.15365         12.0734          6.9303         14.3692 
        1.16585         11.9238         6.76235         14.1733 
        1.17807         11.5661         6.59978         13.8985 
        1.19037         11.4084         6.44151         13.7204 
        1.20276         11.1619         6.28737         13.4895 
        1.21504          11.008         6.13952         13.3068 
        1.22728         10.7272         5.99704          13.086 
        1.23954         10.5784         5.85876         12.9071 
        1.25184         10.3728          5.7246          12.719 
        1.26414         10.2335         5.59459         12.5104 
        1.27632         9.98481          5.4698         12.3358 
         1.2886         9.88001         5.34794         12.1723 
        1.30093         9.67362         5.22939         12.0429 
        1.31316         9.50629         5.11529          11.839 
        1.32541         9.36295         5.00459         11.7145 
        1.33772         9.18244         4.89656         11.5281 
        1.35005         9.07764         4.79166         11.3902 
        1.36225          8.9029          4.6909         11.2196 
        1.37447         8.75499         4.59286         11.0872 
        1.38676         8.61291         4.49718         10.9546 
        1.39907         8.46029         4.40407         10.8072 
        1.41133         8.34247         4.31401         10.6747 
        1.42358         8.17992         4.22656         10.5297 
        1.43591         8.09525         4.14093         10.4254 
        1.44818         7.92088         4.05816          10.294 
        1.46037          7.8236         3.97814         10.1564 
        1.47263         7.69714         3.89984         10.0557 
        1.48494         7.62555         3.82336         9.91149 
        1.49724         7.47595         3.74899         9.81508 
        1.50952         7.44006         3.67675          9.7051 
        1.52178         7.27939         3.60653         9.58502 
        1.53409         7.14775         3.53786         9.47189 
        1.54637         7.08398         3.47113         9.35418 
        1.55858         7.00402          3.4065         9.25898 
        1.57081         6.84009         3.34342         9.17295 
        1.58313         6.79225         3.28155         9.06771 
        1.59544         6.65224         3.22129         8.97838 
        1.60767           6.585         3.16293         8.87081 
        1.61994         6.49036         3.10581         8.79082 
        1.63225         6.39834         3.04999         8.69686 
        1.64452         6.29468         2.99569          8.6065 
        1.65676          6.2121         2.94289         8.51768 
          1.669         6.16628         2.89133         8.42761 
        1.68133         6.02641         2.84067         8.34002 
        1.69363         5.97372         2.79138         8.26761 
        1.70585         5.89167         2.74357         8.18044 
        1.71809         5.82466         2.69679         8.10504 
        1.73038         5.76561         2.65095         8.02866 
        1.74268         5.68117         2.60615         7.95212 
        1.75493         5.59657          2.5626         7.86203 
        1.76714         5.57136         2.52015         7.80014 
        1.77942         5.48043         2.47845         7.71737 
        1.79173         5.40338         2.43758         7.64547 
        1.80402          5.3559         2.39773         7.57763 
         1.8163         5.29835         2.35878         7.51717 
         1.8286         5.21235         2.32064         7.44877 
         1.8409         5.14411         2.28337          7.3873 
        1.85315         5.08691         2.24705         7.30873 
        1.86537         5.05081         2.21159          7.2499 
        1.87765         4.97422         2.17676          7.1822 
        1.88995         4.89574          2.1426         7.12629 
        1.90221          4.8582          2.1093          7.0567 
        1.91445         4.79626         2.07675         7.01263 
        1.92674         4.76063         2.04478          6.9381 
        1.93902         4.69916         2.01349         6.88382 
        1.95124         4.64177         1.98301         6.81792 
         1.9635         4.60417         1.95309         6.77333 
        1.97583         4.54926          1.9236         6.71421 
        1.98812         4.48917         1.89483         6.64943 
        2.00039         4.44185          1.8667         6.60791 
        2.01264         4.39972         1.83918         6.55614 
        2.02492         4.35703         1.81216         6.49968 
        2.03717         4.30352         1.78574         6.44743 
        2.04942         4.24206         1.75988         6.40278 
        2.06171         4.20865         1.73444         6.34987 
        2.07397         4.17204         1.70956         6.29936 
        2.08629         4.12846         1.68507         6.25443 
        2.09857         4.07903         1.66111         6.20446 
        2.11081         4.03843         1.63772         6.16277 
        2.12309          3.9965         1.61472         6.10699 
        2.13538         3.95694         1.59214         6.07052 
        2.14763         3.92253         1.57006         6.02266 
        2.15986         3.89102         1.54845         5.97923 
        2.17214         3.84259         1.52715         5.92809 
        2.18443         3.81446         1.50624          5.8881 
        2.19671         3.76395         1.48575         5.84633 
        2.20898         3.73252         1.46566         5.80716 
        2.22126         3.70327         1.44592         5.76264 
        2.23354          3.6611         1.42656         5.71837 
         2.2458         3.63724         1.40758         5.67573 
        2.25807          3.5997         1.38893         5.64156 
        2.27035         3.56414          1.3706         5.60508 
        2.28263         3.53326         1.35261         5.56383 
         2.2949         3.50373         1.33495         5.52988 
        2.30718         3.47171         1.31761         5.49871 
        2.31946         3.44643         1.30056         5.45981 
        2.33169         3.40992         1.28389         5.41781 
        2.34393         3.39404         1.26749          5.3822 
        2.35622         3.36606         1.25131         5.34422 
        2.36847         3.32874         1.23547         5.30959 
        2.38076         3.31037         1.21986         5.27323 
        2.39305         3.27023         1.20451         5.23593 
        2.40534         3.24782         1.18943         5.20365 
        2.41762         3.20831         1.17462         5.17611 
        2.42989         3.19767         1.16007         5.14013 
        2.44216         3.17965         1.14578         5.10955 
         2.4544         3.14158         1.13175         5.07498 
        2.46667         3.12508         1.11793         5.04389 
        2.47897         3.09465         1.10431         5.01134 
        2.49124         3.06707         1.09096         4.97968 
        2.50349         3.05476         1.07784          4.9526 
        2.51578         3.01903          1.0649         4.91903 
        2.52805         3.00373         1.05219         4.88887 
        2.54029         2.98428         1.03973          4.8598 
        2.55257         2.96666         1.02743         4.83238 
        2.56487         2.94143          1.0153         4.79842 
        2.57716         2.93384         1.00339         4.77042 
        2.58942         2.89852        0.991691         4.74331 
        2.60167          2.8833        0.980193         4.71311 
        2.61395         2.85507        0.968861         4.68754 
        2.62624         2.85435        0.957692         4.66192 
        2.63849         2.82537        0.946735         4.63068 
        2.65073         2.80653         0.93596         4.60312 
        2.66302         2.79193        0.925315          4.5776 
         2.6753         2.78172        0.914842          4.5513 
        2.68756          2.7526        0.904553         4.52692 
        2.69983         2.74032        0.894414         4.49786 
        2.71213         2.73433         0.88441         4.47222 
        2.72441          2.7169        0.874577         4.44785 
        2.73665         2.69907        0.864917          4.4222 
         2.7489         2.67885        0.855408         4.40052 
        2.76118         2.66621        0.846013         4.38024 
        2.77349         2.66303        0.836737         4.35142 
        2.78576         2.64733        0.827637         4.32681 
        2.79802         2.64014        0.818676         4.30505 
        2.81031         2.62101        0.809828         4.28032 
        2.82259         2.60914        0.801113         4.25659 
        2.83483         2.60552         0.79256         4.23452 
         2.8471         2.58968        0.784116         4.21164 
         2.8594         2.58233        0.775768          4.1909 
         2.8717         2.57074        0.767545         4.16628 
        2.88396         2.56455        0.759472         4.14272 
        2.89619         2.54262        0.751529         4.12269 
        2.90847         2.54181        0.743671         4.09763 
        2.92072          2.5394        0.735937         4.07802 
        2.93299          2.5323         0.72831          4.0569 
        2.94526         2.53175        0.720784         4.03625 
        2.95753         2.51333        0.713367         4.01542 
        2.96982         2.50594        0.706042         3.99437 
        2.98209          2.5088        0.698834         3.97475 
        2.99436         2.49897        0.691721         3.95395 
        3.00666         2.50574        0.684695         3.93453 
        3.01894         2.49589         0.67778         3.91112 
        3.03119         2.49929         0.67097         3.89219 
        3.04345         2.49204        0.664254         3.87499 
        3.05573         2.49228        0.657616          3.8553 
          3.068         2.49255        0.651076         3.83657 
        3.08026         2.49789        0.644631         3.81677 
        3.09254         2.49425        0.638262         3.79667 
        3.10483         2.49727        0.631977          3.7789 
         3.1171         2.49778        0.625786         3.76161 
        3.12933         2.50416        0.619695         3.74177 
        3.14159         2.50037        0.613671         3.72129 
